forbidden tuples: 
(P_11.0, P_20.1, P_12.1, P_15.1, P_7.0, P_19.1, P_17.0, P_13.1, P_8.0, P_16.0, P_1.0, P_18.1, P_3.1, P_5.0)
(P_18.0, P_13.0, P_14.0, P_15.0, P_12.0)
(P_5.1, P_16.1, P_17.1, P_20.0, P_8.0, P_14.0, P_13.1, P_18.1, P_10.0, P_7.0, P_9.0, P_3.0, P_2.0, P_19.1, P_1.0, P_12.1, P_11.0, P_15.0, P_4.0, P_6.1)
(P_17.1, P_18.0)
(P_1.1, P_20.0, P_10.1, P_16.0)
(P_12.1, P_3.0, P_1.0, P_16.1, P_20.1, P_10.1, P_8.0, P_14.1, P_6.1, P_15.1, P_11.0, P_4.0, P_19.0, P_2.1, P_18.1, P_17.0)
(P_12.0, P_18.1, P_19.1, P_3.1, P_5.0, P_14.0, P_16.1, P_17.1, P_20.0, P_10.0, P_9.0, P_4.0, P_2.0, P_11.1, P_8.0, P_1.0, P_7.0)
(P_16.0, P_18.1, P_3.0, P_2.1, P_19.1, P_15.1, P_10.0, P_20.0, P_4.1, P_17.0, P_11.0, P_12.1)
(P_7.0, P_6.1, P_14.0, P_10.0, P_3.0, P_12.1, P_2.0, P_9.0, P_17.1, P_5.0, P_11.0)
(P_19.1, P_13.1, P_11.0, P_2.1, P_18.0, P_6.0, P_1.1, P_4.1)
(P_7.1, P_19.1, P_4.1, P_12.0, P_6.0, P_15.1, P_1.0, P_2.1, P_3.1, P_14.1, P_5.1, P_8.1, P_9.1, P_18.1, P_11.1, P_16.0, P_10.0, P_17.1)
(P_20.0, P_14.0, P_4.0, P_3.1, P_18.1, P_5.0, P_7.1, P_19.0, P_6.0, P_11.0, P_13.0, P_17.1, P_1.0)
(P_13.1, P_8.0, P_16.1, P_6.0, P_3.0, P_19.0, P_11.1, P_5.0, P_17.0, P_9.0, P_15.0, P_7.1, P_1.0, P_14.0, P_10.1, P_20.0, P_12.0, P_18.0)
(P_14.0, P_16.1, P_13.0, P_3.1)

 ----------original covering array: 
0	0	0	1	0	1	0	1	1	1	1	1	0	1	0	0	1	1	1	0	
0	0	1	1	1	1	1	1	0	0	1	0	0	1	1	0	1	1	0	0	
0	0	0	1	0	0	0	0	0	0	0	0	1	0	0	0	1	1	1	0	
0	1	1	1	0	0	1	1	0	0	1	1	1	0	1	0	0	0	0	0	
0	1	1	0	0	1	1	0	0	1	1	1	0	1	1	1	0	0	0	1	
1	0	1	1	0	0	0	0	0	1	1	1	1	0	0	0	1	0	0	1	
0	1	1	0	1	0	1	0	1	1	0	0	1	1	0	0	0	1	1	1	
0	0	1	1	1	1	1	1	0	0	0	0	0	1	1	0	0	0	0	1	
0	1	0	1	0	0	1	0	0	1	0	1	1	1	1	0	1	0	1	1	
1	0	0	0	1	1	1	0	0	0	1	0	1	0	0	0	0	0	1	0	
0	1	0	0	1	0	0	1	0	1	1	0	1	0	0	1	0	1	0	1	
0	0	0	1	0	1	1	0	1	0	0	1	0	0	1	0	0	0	1	0	
1	0	1	0	0	1	0	0	1	1	0	0	1	0	1	1	1	0	0	0	
1	0	1	0	0	1	0	0	0	0	0	1	0	1	1	0	1	1	1	0	
1	0	1	0	0	0	1	0	1	0	1	1	0	0	0	0	0	1	1	1	
0	1	0	1	1	0	1	0	1	1	1	0	0	0	0	0	0	0	0	0	
0	0	1	0	1	0	1	1	0	1	0	1	0	0	0	1	1	0	1	0	
1	0	0	0	1	1	0	0	1	1	0	0	0	1	0	0	1	0	1	1	
0	0	0	1	1	1	0	0	0	1	0	0	1	1	0	1	0	0	0	0	
0	0	1	1	1	0	0	0	1	0	1	0	0	0	1	0	1	0	1	1	
0	0	0	0	0	0	1	0	0	1	0	0	0	0	1	0	0	1	0	1	
1	0	1	0	1	1	1	1	1	1	1	0	0	0	1	1	0	1	0	1	
1	1	1	0	0	0	1	0	0	0	0	0	1	0	1	1	0	0	1	1	
1	1	1	1	0	0	1	1	1	1	1	1	0	1	1	1	1	1	1	1	
0	1	1	1	1	0	0	0	0	0	1	0	0	0	1	1	1	0	0	1	
0	1	1	1	0	1	1	1	1	1	0	0	1	0	0	0	1	1	0	0	
1	0	0	0	0	1	1	1	1	1	0	1	1	1	0	1	0	1	0	0	
1	1	1	0	1	1	1	1	1	0	1	1	1	0	1	0	1	0	1	1	
1	1	0	0	0	1	1	0	1	1	0	0	0	0	1	1	1	0	0	0	
0	1	1	0	0	0	0	1	1	0	0	1	0	0	1	0	1	1	0	1	
1	1	0	1	1	0	0	1	1	0	0	1	1	1	0	0	1	0	1	0	
1	0	1	1	1	1	1	0	0	1	0	1	1	0	1	0	0	1	0	0	
1	0	0	0	0	1	1	1	0	0	1	1	0	1	0	0	1	0	0	1	
0	1	0	1	0	0	0	1	0	1	0	0	0	1	1	1	1	1	0	0	
1	1	1	0	1	1	0	1	1	0	1	1	0	1	0	1	0	0	0	0	
0	1	1	1	0	1	0	0	0	0	1	1	1	1	0	1	1	0	1	0	
0	0	0	0	1	0	1	0	0	0	0	1	0	0	0	1	1	1	0	0	
0	0	1	1	0	1	1	0	0	1	1	0	1	0	1	1	1	1	1	1	
1	0	0	0	1	0	0	1	0	0	1	0	0	1	1	1	0	0	1	1	
0	1	0	1	1	1	1	1	1	1	1	1	1	0	1	1	0	0	1	1	
1	1	0	0	0	0	0	0	1	1	1	1	1	0	0	1	0	0	1	0	
1	0	0	1	1	0	1	1	1	1	0	0	1	0	1	0	1	1	1	1	
0	0	1	0	1	1	0	0	1	0	0	1	1	0	0	0	0	0	0	1	
0	0	1	0	0	0	0	1	1	1	1	0	1	1	1	0	0	0	1	0	
1	0	0	1	0	0	1	0	0	1	1	0	0	1	0	1	0	1	1	0	
1	1	1	1	0	0	1	1	0	0	1	1	1	0	0	1	0	1	0	0	
0	0	0	0	1	0	1	0	1	0	1	1	1	1	1	1	1	1	0	0	
1	0	1	0	0	0	0	1	0	0	0	0	1	1	0	1	1	1	0	1	
1	0	1	1	1	1	0	1	1	0	1	0	1	0	0	1	1	1	1	0	
1	1	1	0	1	0	0	0	0	1	1	0	0	1	0	0	1	1	0	0	
0	1	1	0	1	1	1	0	0	0	0	0	1	1	0	0	1	1	1	1	
0	1	1	0	0	1	1	0	1	1	1	1	1	0	0	0	1	1	0	0	
1	1	1	1	0	1	0	1	0	1	0	0	0	0	0	0	0	0	1	1	
0	1	1	1	1	1	0	1	1	1	0	1	1	1	1	1	1	0	0	1	
1	1	0	0	0	1	1	1	0	1	0	1	1	1	0	0	0	1	1	0	
1	0	1	1	0	0	1	0	1	0	0	0	0	1	0	0	1	0	0	0	
0	0	0	1	1	1	0	1	1	1	1	1	0	0	0	0	1	1	0	1	
1	1	0	1	1	1	1	1	0	1	1	0	1	1	1	1	1	0	1	0	
0	0	1	1	0	0	0	0	1	1	0	1	0	1	0	1	0	1	0	1	
1	1	0	1	0	1	0	0	1	0	1	0	1	1	1	0	0	1	0	1	
0	1	1	1	1	0	0	1	0	0	1	1	0	1	0	0	0	1	1	1	
1	1	1	0	1	0	1	0	0	0	0	0	1	1	1	1	0	0	0	0	
1	0	1	1	1	1	1	0	1	1	1	1	1	1	0	1	0	0	1	1	
1	1	0	0	0	0	1	1	0	0	1	0	0	0	1	0	1	1	1	0	
1	0	1	1	1	0	0	1	0	1	0	1	1	1	1	0	0	1	0	0	
1	1	1	0	1	1	0	1	0	1	1	1	1	1	1	1	1	1	1	1	
0	1	0	0	0	0	0	0	0	0	0	1	0	1	0	0	0	0	0	0	
0	0	0	1	0	0	1	1	1	0	0	0	1	0	0	1	0	0	0	1	
0	0	1	0	0	1	0	0	0	0	1	0	0	0	0	1	0	1	0	0	
1	0	0	0	1	0	0	0	0	1	1	1	1	0	1	0	1	0	0	1	
1	1	1	1	1	0	1	1	1	1	1	0	1	1	0	1	1	0	0	1	
0	1	1	0	0	1	1	1	1	0	0	0	0	1	1	1	0	1	1	0	
1	0	0	1	0	0	0	1	1	0	1	1	0	0	1	1	1	0	0	0	
0	0	0	1	1	0	1	1	0	0	1	1	1	1	0	0	0	1	1	1	
0	1	0	0	0	0	1	0	1	0	1	0	0	1	0	1	1	0	1	1	
0	1	1	1	1	0	0	0	1	0	0	1	1	0	1	1	0	1	1	0	
0	1	0	0	1	1	0	1	0	0	0	0	1	0	1	0	1	0	0	0	
0	0	0	0	1	1	0	0	1	1	0	0	0	1	1	1	1	1	1	1	
1	0	0	1	0	1	0	1	0	1	1	1	0	0	1	1	0	0	0	0	
1	1	1	1	1	1	1	0	1	1	1	1	0	1	1	0	1	0	1	0	
0	0	0	0	0	1	1	1	0	1	1	0	1	1	0	0	1	0	0	1	
1	0	0	1	1	0	0	0	0	0	0	1	0	1	1	1	0	0	1	1	
0	1	0	0	0	1	0	1	1	0	1	0	0	0	0	1	1	0	1	1	
1	0	0	0	1	0	0	1	1	0	0	0	0	0	0	0	0	1	0	0	
1	1	0	0	0	0	0	0	1	1	0	1	1	0	0	1	1	1	1	1	
0	1	0	1	1	1	1	1	1	0	0	0	0	1	0	1	0	1	1	0	
1	1	0	0	1	0	1	1	1	1	0	1	0	1	1	0	0	0	0	1	
0	1	0	0	1	1	0	0	0	1	1	1	0	0	1	0	0	1	1	0	
1	0	1	1	0	1	1	1	1	0	0	1	1	1	1	1	1	0	1	1	
0	0	0	0	0	1	0	1	0	0	0	1	1	0	1	1	0	1	1	1	
1	1	1	1	1	0	0	0	1	1	0	0	0	0	1	1	0	1	1	0	
1	1	1	1	0	1	0	1	1	1	1	0	1	1	1	0	0	0	1	1	
1	1	0	1	0	1	0	0	0	0	0	0	0	0	0	0	0	1	0	1	
0	0	1	0	1	0	1	1	1	1	1	1	1	1	1	1	1	0	1	0	
1	1	0	1	1	1	1	0	0	0	0	1	0	0	0	1	1	1	0	1	
0	0	1	0	0	0	0	1	0	1	0	0	0	0	0	0	0	0	1	0	
1	1	1	1	1	1	1	1	0	1	0	1	0	0	0	1	1	0	1	1	
1	1	0	1	1	1	1	0	1	0	1	1	1	1	1	1	1	1	0	1	
0	0	0	0	0	0	0	0	1	0	1	0	1	1	1	0	0	1	0	0	

invalid rows: 
6	9	13	16	17	18	20	22	25	28	29	31	32	33	36	50	53	54	55	56	58	65	69	70	71	73	75	77	80	81	83	89	91	94	96	97	

 ----------pgm covering array: 
0	1	0	0	1	0	1	1	0	1	1	0	0	1	0	1	1	0	1	1	
0	1	1	1	1	0	0	1	1	0	1	1	0	1	0	0	0	0	1	1	
1	0	0	0	1	0	1	0	0	0	1	0	0	1	0	0	0	0	0	0	
1	1	0	1	0	1	0	0	1	0	0	1	0	1	0	1	0	0	0	1	
0	0	0	1	0	1	0	1	1	0	0	1	1	0	1	1	1	0	1	1	
1	0	0	0	1	0	0	0	0	0	0	1	1	1	0	1	1	1	0	1	
1	0	1	0	0	1	1	0	1	1	1	1	1	0	0	0	1	0	1	0	
0	1	1	1	0	0	0	1	1	0	0	1	1	1	0	0	0	0	1	0	
1	0	0	1	1	1	1	0	1	0	0	0	1	1	0	1	1	0	1	0	
1	0	1	0	0	0	1	1	1	0	0	0	0	0	0	0	0	1	0	1	
1	1	1	0	0	1	0	0	0	0	1	0	1	0	1	0	1	0	0	1	
0	0	0	1	0	0	1	1	1	1	0	0	0	1	0	1	0	0	0	0	
1	0	0	1	1	0	0	1	0	1	0	1	0	0	1	0	1	1	0	0	
0	0	0	1	1	0	1	1	0	0	1	1	0	0	0	1	0	1	1	0	
0	0	0	0	0	0	1	0	1	1	1	1	1	0	0	1	0	1	0	1	
0	0	1	0	0	1	0	0	1	1	0	0	0	1	0	0	1	0	0	1	
0	1	1	0	1	0	1	0	1	0	0	1	0	0	1	1	1	0	0	0	
0	0	1	0	1	0	1	1	0	1	0	0	1	0	0	0	1	1	1	0	
1	0	1	0	0	0	0	1	0	0	0	0	0	1	1	0	1	0	1	0	
0	0	1	1	1	0	1	0	0	1	0	1	1	1	0	0	0	0	0	1	
0	0	0	1	0	0	0	0	1	0	1	0	1	0	0	0	1	0	0	0	
0	1	1	1	0	0	0	1	1	1	1	1	1	0	1	0	1	1	0	1	
1	0	0	1	0	1	1	0	1	0	0	1	1	0	1	0	0	1	0	0	
0	1	0	1	1	1	1	0	1	1	1	1	1	1	1	1	1	1	1	1	
0	0	1	1	1	1	0	0	0	0	0	1	1	1	1	0	0	0	0	1	
1	1	0	0	1	1	0	1	1	1	1	1	0	1	0	0	1	0	0	0	
1	1	0	0	0	0	0	1	1	1	1	0	0	0	1	1	1	1	1	0	
1	1	1	1	1	1	1	1	1	1	0	1	1	0	0	1	0	1	0	1	
0	0	0	1	1	1	0	1	1	1	0	0	0	0	1	0	1	1	0	0	
0	1	0	1	1	1	0	0	0	1	1	1	1	0	0	1	0	0	0	0	
1	1	1	0	1	1	1	0	0	1	0	0	0	1	0	1	0	1	1	0	
1	0	1	1	0	0	0	1	1	0	1	1	0	1	0	1	1	1	0	0	
0	1	0	0	1	0	0	1	1	0	0	0	1	0	0	1	0	1	1	1	
0	1	0	1	1	1	0	0	0	0	1	0	0	1	1	0	1	0	1	0	
0	1	1	0	0	1	0	1	0	1	0	1	0	0	1	1	0	1	1	1	
1	0	0	0	1	1	1	1	0	0	0	1	0	1	1	1	0	0	1	1	
0	0	1	0	1	0	0	0	1	0	1	0	0	0	1	1	0	0	0	0	
1	0	0	1	1	0	1	1	1	0	1	1	1	1	1	0	1	0	0	1	
0	1	1	1	0	0	1	0	0	0	0	0	1	0	1	0	0	1	1	1	
1	1	1	1	0	1	1	1	1	1	0	0	1	1	1	1	1	0	0	1	
1	0	0	0	0	1	1	0	0	1	0	0	0	0	1	1	1	1	0	1	
1	1	1	1	1	0	1	0	1	1	1	0	1	1	0	0	1	1	0	0	
1	0	1	0	0	0	0	1	0	1	0	1	1	0	0	1	0	0	0	0	
1	1	0	1	0	0	1	0	0	1	0	1	0	0	0	0	1	0	1	1	
0	0	0	0	0	0	1	0	1	0	1	0	0	1	1	0	1	1	1	1	
1	1	0	0	0	1	0	0	1	0	1	1	0	1	1	1	0	1	0	1	
1	0	1	1	1	0	0	0	1	1	1	0	0	0	1	1	0	0	1	1	
1	1	0	0	1	0	0	0	0	0	1	1	1	0	1	0	0	1	1	0	
1	1	1	0	1	0	1	1	0	1	1	1	0	1	1	0	0	1	0	1	
0	0	1	0	1	1	0	0	0	0	1	1	0	0	0	0	1	1	1	1	
1	0	1	0	1	1	1	1	1	0	1	1	1	0	0	0	0	0	1	0	
1	0	0	0	1	1	0	1	1	1	1	1	0	0	0	1	1	0	0	1	
0	1	0	0	0	1	1	1	0	0	0	1	1	1	0	0	1	1	0	0	
1	1	1	1	1	1	0	1	0	1	0	1	1	1	1	1	1	0	1	0	
1	1	0	0	0	1	1	1	1	0	1	0	0	0	0	1	1	1	1	0	
0	0	0	0	1	0	0	0	1	1	0	1	0	1	0	0	0	1	1	0	
0	1	1	0	1	0	0	1	0	1	1	0	1	1	0	1	1	0	0	1	
1	1	1	1	1	1	1	1	1	0	0	0	0	1	1	0	1	1	1	1	
0	0	0	0	0	0	0	0	0	1	1	1	1	1	1	1	1	0	1	0	
1	0	0	1	0	1	0	1	0	1	1	0	1	1	0	0	0	1	1	1	
0	1	1	0	0	1	1	0	0	0	1	1	1	1	0	1	0	0	1	1	
1	0	1	1	0	1	0	0	1	0	0	1	0	0	1	0	0	1	1	0	
1	0	1	0	0	0	1	1	1	1	0	1	1	1	1	1	1	1	1	1	
0	1	0	1	1	1	1	0	1	0	1	0	0	0	0	0	0	1	0	1	
1	1	1	1	0	0	0	0	0	0	1	1	0	1	0	1	1	1	1	0	
1	1	1	1	1	1	1	1	0	0	1	1	1	0	1	1	1	1	1	1	
0	0	0	0	0	1	0	0	0	0	0	0	0	0	0	1	0	0	1	0	
1	1	0	0	0	0	0	0	1	1	0	0	1	1	1	0	0	0	0	0	
0	0	0	0	0	0	0	1	0	0	1	1	0	0	1	0	0	0	0	1	
1	0	1	1	1	0	0	0	0	0	0	0	1	0	0	1	1	1	0	1	
1	1	1	0	1	1	0	0	1	1	0	1	1	1	1	0	1	1	1	1	
0	1	0	1	0	1	1	1	1	1	1	1	0	0	1	0	0	0	1	0	
0	1	0	1	1	0	0	0	0	1	0	0	0	1	1	1	0	1	0	1	
1	1	1	0	0	0	1	0	1	0	1	0	1	1	0	1	0	0	1	1	
0	0	0	0	1	1	1	0	1	1	0	0	1	0	1	0	0	0	1	1	
1	0	1	1	0	1	1	0	0	1	1	1	0	1	1	1	0	0	0	0	
1	1	1	1	1	1	0	1	0	0	0	0	0	0	0	0	0	0	0	0	
0	0	1	1	1	0	1	1	0	1	1	0	1	0	1	0	1	0	1	0	
0	1	0	1	0	0	0	1	0	0	0	0	0	1	1	1	1	1	0	1	
0	0	1	1	1	1	1	1	1	1	0	1	0	1	0	1	1	1	1	1	
1	1	0	0	1	0	0	1	1	0	0	0	1	0	0	0	1	0	1	1	
0	0	1	1	0	0	1	0	0	0	0	0	1	1	1	1	0	1	1	0	
0	1	0	0	1	1	1	1	0	1	0	0	1	0	1	0	0	0	0	1	
0	1	1	0	0	0	0	0	0	1	1	0	0	0	0	0	0	1	0	0	
1	0	0	0	1	1	1	0	0	1	1	0	1	0	1	1	1	1	0	0	
0	1	1	0	0	1	1	1	1	1	1	0	0	1	1	0	0	0	1	0	
0	1	1	1	0	1	0	0	1	1	0	0	1	0	0	1	1	1	1	0	
0	0	1	1	0	1	1	1	0	0	1	0	0	0	0	1	1	0	0	1	
1	1	0	1	1	0	1	1	1	1	0	1	1	1	1	1	0	1	1	0	
1	1	0	1	0	0	1	1	0	0	1	0	1	0	1	1	0	0	0	0	
0	0	1	1	0	1	1	0	0	1	1	1	0	1	1	0	1	1	0	0	
1	1	0	1	0	1	1	1	0	1	0	1	1	1	0	0	1	1	1	1	
0	0	0	0	0	1	0	1	0	0	1	0	1	1	0	0	0	1	0	0	
1	1	1	1	1	0	1	0	1	1	0	1	0	0	1	1	1	0	1	1	
0	0	1	0	1	1	0	1	1	0	1	0	1	1	1	1	0	1	0	0	
0	1	0	0	0	0	1	0	0	0	0	1	0	0	0	0	1	0	0	0	
0	1	1	0	1	1	1	1	1	0	0	1	1	1	1	1	1	1	0	0	
1	0	1	1	1	1	0	1	1	1	1	0	1	1	1	1	0	1	1	1	
1	0	0	1	0	0	0	0	0	1	1	0	0	0	0	0	0	0	1	1	

invalid rows: 
1	5	7	9	11	16	17	19	21	26	34	38	40	44	52	54	57	59	78	81	88	94	96	13	42	68	35	37	47	67	77	99	

 ----------random covering array (last execution): 
1	1	0	1	0	0	0	1	0	0	0	1	1	0	0	1	1	1	1	1	
1	0	0	1	0	0	0	0	1	0	1	1	1	1	1	0	0	1	1	1	
0	0	0	1	1	0	0	0	0	0	0	1	0	0	0	1	0	0	0	1	
1	1	0	0	1	0	1	0	0	0	1	0	0	1	1	0	0	1	0	1	
1	1	1	0	0	0	1	1	0	1	1	0	1	1	1	0	0	0	1	0	
1	1	1	0	1	1	0	1	0	0	0	1	0	1	0	0	0	0	0	1	
0	0	1	1	1	0	1	1	1	0	1	0	0	1	0	1	1	0	1	0	
0	0	1	0	0	0	0	0	1	0	1	0	1	1	1	0	0	1	1	1	
0	1	1	0	1	0	1	1	0	0	1	1	0	0	1	1	0	0	1	1	
1	0	0	0	1	1	0	0	1	0	1	0	1	0	0	1	0	0	0	0	
1	0	1	1	1	0	1	1	1	1	0	0	0	0	0	0	0	1	0	0	
0	1	0	0	0	0	0	0	0	0	1	0	1	0	1	1	1	0	0	1	
0	0	0	0	1	1	0	1	0	1	0	1	1	1	1	0	1	0	0	0	
0	1	0	1	0	1	0	0	0	0	0	1	1	1	1	1	0	0	1	0	
1	1	1	1	0	1	0	0	0	0	1	0	0	1	0	1	1	0	0	0	
1	0	0	0	0	0	1	1	1	0	1	0	0	0	0	0	1	0	0	1	
0	1	0	0	0	0	0	1	1	1	1	1	0	1	0	1	0	1	0	0	
0	0	1	0	0	1	0	1	1	0	0	1	1	0	0	1	1	0	1	0	
0	0	0	0	1	0	0	1	1	1	0	0	1	0	0	0	0	0	1	1	
1	0	1	0	0	0	0	0	1	0	0	1	0	1	1	1	1	0	0	1	
0	0	1	1	0	0	0	1	0	0	1	0	0	0	1	0	0	0	0	0	
1	0	1	1	0	1	0	1	1	1	1	0	1	1	1	0	1	1	0	0	
0	0	1	0	1	1	1	0	0	1	1	0	0	1	1	1	0	0	0	0	
1	1	1	1	0	1	1	1	0	1	1	1	0	1	1	1	1	1	1	1	
1	0	1	0	0	0	1	0	1	1	0	1	0	1	1	0	0	0	0	1	
0	0	0	1	1	0	1	1	0	0	1	1	1	1	0	0	1	1	0	1	
0	1	0	1	1	1	0	1	0	1	1	0	1	0	0	0	1	1	1	0	
1	1	1	0	1	1	1	0	1	0	1	1	1	1	1	1	1	1	0	0	
0	0	0	0	0	1	1	1	0	1	1	1	1	0	1	0	1	0	0	0	
0	1	1	1	0	0	1	0	0	0	0	1	0	1	1	0	1	1	0	0	
0	1	0	0	1	1	1	0	1	0	0	1	0	0	0	1	1	1	1	1	
0	1	0	1	1	1	0	1	1	0	1	0	1	1	1	0	0	0	0	1	
1	1	1	0	0	1	0	0	0	0	1	1	1	0	0	0	0	1	1	0	
0	0	0	1	0	0	1	1	0	1	0	1	0	0	1	0	0	1	1	1	
1	1	0	0	0	1	1	0	1	1	0	0	1	1	0	0	1	1	1	0	
1	1	0	0	1	0	1	0	0	1	0	1	1	1	0	1	0	0	1	1	
0	1	0	1	0	0	0	0	1	1	1	1	0	0	0	0	0	0	0	0	
1	0	1	1	1	0	0	1	0	1	1	1	1	1	1	1	0	0	0	1	
1	0	1	0	0	1	0	0	1	1	0	0	0	0	1	1	0	1	1	0	
1	1	1	0	1	0	1	1	1	1	1	0	1	0	1	1	1	1	0	1	
1	1	0	0	1	1	1	1	0	1	0	0	0	0	0	1	1	0	0	0	
0	0	1	1	1	1	0	1	1	0	1	1	0	0	1	1	1	1	0	1	
0	1	1	0	1	0	0	0	1	0	0	0	1	1	0	0	1	0	0	0	
1	0	0	0	1	0	0	1	0	0	0	0	0	1	1	1	1	1	1	0	
1	0	0	1	0	1	0	1	0	1	1	0	0	0	0	1	0	0	1	1	
1	1	0	1	1	1	1	0	0	1	1	0	0	1	0	0	0	1	0	1	
1	1	0	1	1	0	0	0	1	1	1	1	0	0	1	0	1	0	1	0	
0	0	1	1	1	1	0	0	0	1	0	1	0	1	0	0	0	1	1	0	
1	0	0	1	1	1	0	0	1	1	0	1	1	1	0	1	1	1	0	1	
1	0	0	1	0	1	1	1	1	0	0	1	0	1	0	0	0	0	1	0	
0	0	1	1	1	0	1	0	1	0	1	1	1	1	0	1	0	0	1	0	
1	1	0	1	1	0	1	1	0	0	1	1	1	1	0	0	1	0	0	0	
0	0	1	0	0	1	1	1	0	0	0	0	1	1	0	1	0	1	0	1	
0	1	1	0	1	0	1	1	1	1	0	1	1	1	1	0	1	1	1	1	
0	1	0	1	1	1	1	1	0	0	1	0	1	0	0	1	0	1	1	0	
0	0	0	0	0	1	0	0	0	0	1	1	0	1	0	0	1	0	1	1	
1	1	1	1	0	0	0	1	1	0	0	1	1	0	0	0	1	1	0	1	
1	0	0	0	1	1	1	1	1	1	1	1	1	0	1	1	0	1	1	1	
0	1	1	1	0	0	0	1	0	1	0	0	0	1	0	0	1	0	1	1	
1	0	1	1	1	1	1	0	0	0	0	0	1	0	1	0	1	0	1	1	
1	1	1	1	0	0	1	0	1	0	0	0	0	1	0	1	0	1	1	1	
0	0	0	0	1	1	1	0	1	1	1	0	0	1	1	0	0	0	1	0	
1	1	1	0	1	1	0	1	1	1	1	0	1	1	0	1	1	0	1	1	
1	0	0	1	0	1	1	0	0	0	1	1	0	0	1	1	0	1	0	0	
0	1	0	1	1	1	0	1	1	0	0	0	0	1	1	0	0	1	1	1	
1	1	1	1	1	1	1	1	1	1	0	1	1	1	1	1	0	1	1	0	
0	1	0	0	0	0	1	0	0	0	0	0	0	0	0	0	0	0	1	0	
0	0	1	0	1	0	0	0	0	1	1	0	0	0	0	0	1	1	0	1	
1	0	0	1	0	0	0	0	0	1	0	0	1	1	0	0	0	0	0	0	
1	1	1	0	1	1	0	1	1	0	0	1	0	0	1	0	0	0	0	0	
1	0	1	0	1	1	1	1	1	1	1	1	0	1	0	0	1	1	1	1	
0	0	0	1	0	0	1	0	0	1	1	0	1	1	1	1	1	1	1	0	
1	1	0	0	0	1	0	0	0	1	0	1	0	0	1	0	1	1	0	1	
1	1	1	1	1	0	0	0	1	0	1	0	0	0	0	1	0	1	1	1	
1	0	1	0	0	0	1	0	0	1	1	1	0	0	0	1	1	0	1	0	
0	1	0	1	1	0	1	0	1	1	0	0	0	1	1	1	1	0	0	1	
0	0	0	0	1	0	1	0	1	0	0	1	1	0	1	0	0	1	0	0	
0	0	1	1	0	0	0	1	1	1	0	1	1	0	1	1	1	0	1	0	
1	1	0	0	0	1	0	1	0	1	0	0	1	0	1	0	0	1	0	1	
1	1	0	0	0	1	1	1	1	0	1	1	1	1	1	1	1	0	1	1	
1	0	1	0	1	0	0	1	0	0	1	1	1	0	0	0	0	1	1	0	
0	1	1	0	0	1	0	0	1	1	0	0	0	0	1	1	0	0	1	1	
1	0	1	0	0	0	1	0	0	1	0	1	1	0	0	1	1	1	0	0	
0	0	0	1	0	1	0	0	1	0	0	0	0	0	0	0	1	1	0	0	
0	1	1	1	1	1	1	1	0	1	0	1	0	0	0	1	1	0	0	0	
0	0	0	1	0	0	1	0	1	1	1	0	1	0	0	1	1	1	1	1	
0	1	1	0	0	1	1	1	1	0	1	0	0	0	1	0	1	1	1	0	
1	1	0	1	0	0	1	1	1	0	0	0	1	0	1	1	0	0	0	0	
0	1	1	0	1	1	0	0	0	1	1	1	1	1	1	1	1	1	1	1	
0	1	1	1	1	0	0	0	0	1	0	0	1	0	1	1	0	1	0	0	
0	0	0	1	0	1	1	1	1	1	0	0	0	1	1	1	1	0	0	1	
1	0	1	0	1	1	1	1	0	0	0	0	1	1	1	1	1	1	1	1	
0	0	1	1	0	1	1	0	0	0	0	0	1	0	0	0	0	0	0	1	
1	1	0	0	1	0	0	1	1	1	1	1	0	1	1	1	1	1	1	0	
0	1	1	1	0	1	1	0	1	1	1	1	1	0	0	0	0	0	0	1	
0	0	0	0	0	0	0	1	0	0	0	0	0	1	0	1	0	1	0	0	
0	1	1	0	0	1	1	1	1	1	1	1	1	1	0	1	0	1	0	1	
1	1	1	1	1	1	1	0	1	1	1	1	1	0	1	0	1	0	1	1	
1	0	0	1	1	0	0	0	0	0	0	0	0	0	1	0	1	0	1	0	

invalid rows (last execution): 
5	7	9	11	12	13	15	16	18	20	22	29	35	39	41	42	43	45	47	52	56	59	60	63	67	69	74	75	76	78	80	82	85	91	98	99	
