forbidden tuples: 
(P_6.0, P_8.0, P_1.1, P_3.1, P_16.1, P_9.1)
(P_13.0, P_2.1, P_15.1, P_5.1, P_11.1, P_9.1, P_18.1, P_3.0, P_10.1, P_14.1, P_4.1, P_20.0)
(P_6.0, P_2.0, P_7.1, P_15.0, P_8.1, P_5.0, P_16.1, P_11.0, P_20.1, P_1.1, P_19.1, P_18.1, P_9.0, P_17.1, P_14.0, P_13.1, P_12.0, P_3.0, P_4.0, P_10.1)
(P_3.1, P_9.0, P_4.0, P_1.0, P_18.1, P_2.1, P_6.0, P_14.0, P_17.1, P_11.0, P_7.0, P_10.1, P_15.0, P_8.0, P_12.1)
(P_3.1, P_4.1, P_2.0, P_15.0, P_20.0, P_17.1, P_11.1)
(P_11.0, P_12.0, P_3.0, P_8.0, P_4.1, P_15.1, P_17.1)
(P_2.1, P_1.1, P_6.0, P_10.0)
(P_18.1, P_20.0, P_14.1, P_7.1, P_5.1, P_4.1, P_3.0, P_17.1, P_13.1, P_2.1, P_9.1, P_12.1, P_1.0, P_8.1, P_16.1)

 ----------original covering array: 
1	0	1	0	0	0	0	1	1	0	0	1	0	0	1	1	1	1	0	1	
0	0	1	1	0	0	0	0	1	0	1	0	1	1	1	1	0	0	1	0	
0	1	1	0	0	0	0	1	0	1	0	1	1	1	1	0	0	1	0	0	
1	1	0	0	0	0	1	0	1	0	1	1	1	1	0	0	1	0	0	0	
1	0	0	0	0	1	0	1	0	1	1	1	1	0	0	1	0	0	1	0	
0	0	0	0	1	0	1	0	1	1	1	1	0	0	1	0	0	1	1	0	
0	0	0	1	0	1	0	1	1	1	1	0	0	1	0	0	1	1	0	0	
0	0	1	0	1	0	1	1	1	1	0	0	1	0	0	1	1	0	0	0	
0	1	0	1	0	1	1	1	1	0	0	1	0	0	1	1	0	0	0	0	
1	0	1	1	1	1	0	0	1	0	0	1	1	0	0	0	0	1	0	0	
0	1	1	1	1	0	0	1	0	0	1	1	0	0	0	0	1	0	1	0	
1	1	1	0	0	1	0	0	1	1	0	0	0	0	1	0	1	0	1	0	
1	0	0	1	0	0	1	1	0	0	0	0	1	0	1	0	1	1	1	0	
0	1	0	0	1	1	0	0	0	0	1	0	1	0	1	1	1	1	0	0	
1	1	0	1	0	1	0	0	0	0	1	1	0	0	1	0	0	1	1	1	
1	1	0	0	1	0	0	1	1	0	0	0	0	1	0	1	0	1	1	0	
1	0	0	1	1	0	0	0	0	1	0	1	0	1	1	1	1	0	0	0	
1	1	1	1	0	0	1	0	0	1	1	0	0	0	0	1	0	1	0	0	
0	0	1	0	0	1	1	0	0	0	0	1	0	1	0	1	1	1	1	0	
0	1	0	0	0	0	1	1	0	0	1	0	0	1	1	1	1	0	1	1	
0	1	1	0	0	1	0	0	1	1	1	1	0	1	0	1	0	0	0	1	
1	0	1	0	1	1	1	1	0	0	1	0	0	1	1	0	0	0	0	0	
0	1	1	1	1	0	1	0	1	0	0	0	0	1	1	0	0	1	0	1	
1	0	0	1	1	1	1	0	1	0	1	0	0	0	0	1	1	0	0	1	
0	0	0	1	1	0	0	1	0	0	1	1	1	1	0	1	0	1	0	1	
0	1	0	1	1	1	1	0	0	1	0	0	1	1	0	0	0	0	1	0	
1	1	1	1	0	1	0	1	0	0	0	0	1	1	0	0	1	0	0	1	
1	1	0	0	1	0	0	1	1	1	1	0	1	0	1	0	0	0	0	1	
1	0	1	0	1	0	0	0	0	1	1	0	0	1	0	0	1	1	1	1	
0	0	0	0	1	1	0	0	1	0	0	1	1	1	1	0	1	0	1	1	
0	0	1	1	0	0	1	0	0	1	1	1	1	0	1	0	1	0	0	1	
1	1	1	0	1	0	1	0	0	0	0	1	1	0	0	1	0	0	1	1	
0	0	1	1	1	1	0	1	0	1	0	0	0	0	1	1	0	0	1	1	
1	0	0	0	0	1	1	0	0	1	0	0	1	1	1	1	0	1	0	1	
1	0	0	1	0	0	1	1	1	1	0	1	0	1	0	0	0	0	1	1	
0	1	0	1	0	0	0	0	1	1	0	0	1	0	0	1	1	1	1	1	
0	0	1	0	0	1	1	1	1	0	1	0	1	0	0	0	0	1	1	1	
0	1	0	0	1	1	1	1	0	1	0	1	0	0	0	0	1	1	0	1	
1	1	1	1	1	1	1	1	1	1	1	1	1	1	1	1	1	1	1	0	

invalid rows: 
4	16	32	

 ----------pgm covering array: 
1	0	1	1	0	1	0	0	0	1	1	0	1	0	1	0	0	0	1	1	
1	0	0	1	1	0	1	0	1	0	1	0	0	0	1	1	1	0	0	0	
1	1	0	1	1	1	1	0	0	1	0	0	0	0	0	0	0	1	0	1	
0	1	1	0	1	0	1	1	1	0	0	0	1	0	1	0	0	0	0	1	
0	0	1	0	1	0	0	0	1	1	1	0	0	1	0	1	0	1	0	1	
1	0	0	0	0	1	0	1	1	0	0	1	0	0	1	1	0	1	0	1	
0	0	0	0	0	1	1	0	1	1	0	0	1	1	1	0	1	1	0	0	
0	0	0	1	1	0	0	1	0	1	1	1	1	0	1	0	0	1	0	0	
1	1	0	0	0	0	0	1	0	1	1	0	0	1	1	0	1	0	0	1	
0	0	1	1	1	1	0	0	0	0	0	1	0	1	1	0	1	0	0	1	
0	1	0	1	0	0	0	0	1	1	0	1	1	0	0	1	1	0	0	1	
1	1	1	1	0	0	0	0	0	0	0	0	1	1	1	1	0	1	0	0	
1	0	1	0	1	1	0	1	0	1	0	0	1	0	0	1	1	0	0	0	
1	1	0	0	1	1	0	0	1	0	1	1	1	1	0	0	0	0	0	0	
1	1	1	0	0	1	0	0	1	0	0	0	0	1	0	1	1	0	1	1	
0	1	1	0	0	1	1	0	0	1	1	1	0	0	1	1	0	0	0	0	
1	0	1	0	0	0	1	0	0	0	1	1	1	0	0	0	1	1	0	1	
0	1	1	1	0	1	0	1	1	0	1	0	0	0	0	0	1	1	0	0	
0	0	0	1	0	1	1	1	0	0	1	0	1	1	0	1	0	0	0	1	
1	1	0	0	0	0	1	1	1	1	1	0	1	0	0	1	0	0	1	0	
0	1	0	1	0	0	1	0	1	0	1	0	0	1	1	0	0	1	1	1	
1	0	1	1	0	0	1	1	1	1	0	1	0	1	0	0	0	0	0	0	
1	1	0	1	0	1	1	1	0	0	0	1	0	0	1	0	1	0	1	0	
0	0	1	0	0	0	0	1	1	0	1	1	1	1	1	0	1	0	1	0	
0	0	0	0	1	1	1	0	1	1	1	1	0	0	0	0	1	0	1	1	
0	1	0	0	1	0	1	1	0	0	0	1	0	1	0	1	1	1	0	0	
0	1	1	1	1	0	1	0	0	1	0	0	1	1	0	0	1	0	1	0	
1	1	1	0	1	0	0	0	1	1	0	1	0	0	1	0	0	1	1	0	
0	0	1	1	0	1	1	0	1	0	0	1	1	0	0	1	0	1	1	0	
1	0	0	0	1	0	1	0	0	0	0	1	1	1	1	1	0	0	1	1	
1	0	0	1	1	0	0	1	1	0	0	0	1	0	0	0	1	1	1	1	
0	1	1	1	1	0	0	1	0	0	1	1	0	0	0	1	0	0	1	1	
1	0	0	1	0	0	0	0	0	1	1	1	0	1	0	1	1	1	1	0	
1	0	1	0	1	1	1	1	0	0	1	0	0	1	0	0	0	1	1	0	
0	0	1	0	0	0	1	1	0	1	0	0	0	0	1	1	1	1	1	1	
0	1	0	0	1	1	0	0	0	0	1	0	1	0	1	1	1	1	1	0	
0	0	0	1	1	1	0	1	1	1	0	0	0	1	1	1	0	0	1	0	
0	1	0	0	0	1	0	1	0	1	0	1	1	1	0	0	0	1	1	1	
1	1	1	1	1	1	1	1	1	1	1	1	1	1	1	1	1	1	0	1	

invalid rows: 
12	

 ----------random covering array (last execution): 
1	0	0	0	1	0	1	0	0	1	0	1	1	0	1	0	1	1	0	1	
1	1	0	0	0	0	0	1	1	0	1	0	0	0	1	0	1	1	1	0	
1	0	0	0	1	1	0	1	1	1	0	0	1	1	1	0	0	0	0	0	
0	1	0	1	0	0	0	1	1	1	0	1	0	1	0	0	0	1	0	1	
0	1	1	0	0	1	0	1	0	1	1	1	1	0	0	0	1	0	0	0	
1	1	0	1	1	1	0	0	0	1	1	0	0	0	0	1	0	1	0	0	
0	1	1	0	1	1	0	0	1	0	0	0	1	0	0	0	0	1	1	1	
0	0	0	1	0	1	0	1	0	0	0	0	1	0	1	1	1	1	0	1	
1	0	1	1	0	0	0	0	0	1	0	0	1	1	0	0	1	1	1	0	
0	0	1	0	1	0	0	1	0	1	0	1	0	0	1	1	0	1	1	0	
0	1	0	0	0	0	0	0	0	1	1	0	1	1	1	1	0	0	1	1	
1	0	1	0	0	1	0	0	0	0	1	1	0	1	1	0	0	1	0	1	
1	0	0	1	1	0	0	1	0	0	1	1	1	0	0	0	0	0	1	1	
1	1	1	0	1	0	0	1	0	0	0	0	0	1	0	1	1	0	0	1	
1	1	1	0	1	0	1	0	0	1	1	1	0	1	0	0	0	0	1	0	
0	0	0	0	1	0	0	0	1	0	1	1	1	1	0	1	1	1	0	0	
1	0	0	0	0	1	0	0	1	1	0	1	0	0	0	1	1	0	1	1	
0	1	0	1	1	1	0	0	0	0	0	1	0	1	1	0	1	0	1	0	
0	0	1	1	1	0	0	0	1	1	1	0	0	0	1	0	1	0	0	1	
1	1	0	1	0	0	1	0	1	0	1	0	1	1	0	0	1	0	0	1	
0	1	1	0	0	1	1	0	1	1	0	0	0	1	1	0	1	1	0	0	
1	1	1	1	0	0	0	0	1	0	0	1	1	0	1	1	0	0	0	0	
1	0	0	1	1	0	1	0	1	0	0	0	0	1	1	1	0	1	1	0	
0	1	1	1	0	0	1	0	0	0	0	1	0	0	0	1	1	1	1	1	
0	1	0	0	1	0	1	1	1	1	0	0	1	0	0	1	1	0	1	0	
0	0	1	1	0	1	0	1	1	0	1	0	0	1	0	1	0	0	1	0	
0	0	1	0	0	0	1	1	1	0	0	1	1	1	1	0	0	0	1	1	
1	1	0	0	0	1	1	1	0	0	0	1	1	1	0	1	0	1	0	0	
0	1	0	0	1	1	1	0	1	0	1	1	0	0	1	1	0	0	0	1	
1	0	1	0	0	0	1	1	1	1	1	0	0	0	0	1	0	1	0	1	
1	1	0	1	0	1	1	1	0	1	0	0	0	0	1	0	0	0	1	1	
0	0	0	1	0	0	1	1	0	1	1	1	0	1	1	1	1	0	0	0	
1	0	1	0	0	1	1	0	0	0	1	0	1	0	1	1	1	0	1	0	
1	0	1	1	1	1	1	1	1	0	0	1	0	0	0	0	1	0	0	0	
0	0	0	1	0	1	1	0	1	1	1	1	1	0	0	0	0	1	1	0	
0	0	0	0	1	1	1	1	0	0	1	0	0	1	0	0	1	1	1	1	
0	1	1	1	1	0	1	1	0	0	1	0	1	0	1	0	0	1	0	0	
0	0	1	1	1	1	1	0	0	1	0	0	1	1	0	1	0	0	0	1	
1	1	1	1	1	1	0	1	1	1	1	1	1	1	1	1	1	1	1	1	

invalid rows (last execution): 
2	14	20	22	
