forbidden tuples: 
(P_20.1, P_6.0, P_8.1, P_19.1, P_13.1, P_16.0, P_1.1, P_7.0, P_11.0, P_18.0, P_2.0, P_10.0, P_12.0, P_15.1, P_3.0, P_5.0)
(P_1.0, P_14.0, P_3.0, P_13.0, P_8.0, P_7.0, P_5.1, P_2.0, P_15.0)
(P_14.0, P_9.0, P_6.0, P_13.1, P_2.0)
(P_5.0, P_10.1, P_7.1, P_13.0, P_12.1, P_15.0, P_11.1, P_1.1, P_2.1, P_16.1, P_18.1, P_9.0, P_17.1, P_6.1, P_19.1, P_8.0, P_3.1, P_14.0, P_20.1)
(P_11.1, P_17.0)
(P_12.0, P_4.1, P_20.0, P_3.1, P_15.0, P_11.0, P_1.0, P_13.1, P_9.1, P_2.1, P_7.1, P_19.0, P_8.0, P_17.1, P_14.1, P_18.0, P_10.0, P_6.1, P_16.0)
(P_20.0, P_11.1, P_5.1, P_15.0, P_19.0)
(P_7.0, P_15.0, P_20.0, P_17.0, P_8.0)
(P_4.0, P_11.0)
(P_8.1, P_15.0, P_1.0, P_5.1, P_17.1)
(P_17.1, P_4.1, P_7.1, P_6.1, P_19.0, P_8.1, P_13.1, P_3.0, P_18.1, P_14.1, P_15.1, P_9.1, P_20.0, P_5.1, P_2.1, P_1.1, P_11.0, P_10.1, P_12.1, P_16.0)
(P_8.1, P_10.0, P_19.0, P_6.0, P_15.0, P_1.1, P_5.0, P_14.0, P_13.1, P_12.0, P_18.1, P_20.0, P_7.1, P_9.0, P_4.1, P_2.1, P_17.1, P_11.1)
(P_4.0, P_14.1, P_7.0, P_20.1, P_3.1, P_16.0)
(P_9.0, P_17.0, P_2.1, P_8.0, P_6.1, P_11.0, P_1.1, P_13.0, P_10.1, P_14.1, P_4.1, P_12.0, P_5.1, P_19.0, P_15.1, P_3.0)

 ----------Identity covering array: 
1	0	1	0	0	0	0	1	1	0	0	1	0	0	1	1	1	1	0	1	
0	0	1	1	0	0	0	0	1	0	1	0	1	1	1	1	0	0	1	0	
0	1	1	0	0	0	0	1	0	1	0	1	1	1	1	0	0	1	0	0	
1	1	0	0	0	0	1	0	1	0	1	1	1	1	0	0	1	0	0	0	
1	0	0	0	0	1	0	1	0	1	1	1	1	0	0	1	0	0	1	0	
0	0	0	0	1	0	1	0	1	1	1	1	0	0	1	0	0	1	1	0	
0	0	0	1	0	1	0	1	1	1	1	0	0	1	0	0	1	1	0	0	
0	0	1	0	1	0	1	1	1	1	0	0	1	0	0	1	1	0	0	0	
0	1	0	1	0	1	1	1	1	0	0	1	0	0	1	1	0	0	0	0	
1	0	1	1	1	1	0	0	1	0	0	1	1	0	0	0	0	1	0	0	
0	1	1	1	1	0	0	1	0	0	1	1	0	0	0	0	1	0	1	0	
1	1	1	0	0	1	0	0	1	1	0	0	0	0	1	0	1	0	1	0	
1	0	0	1	0	0	1	1	0	0	0	0	1	0	1	0	1	1	1	0	
0	1	0	0	1	1	0	0	0	0	1	0	1	0	1	1	1	1	0	0	
1	1	0	1	0	1	0	0	0	0	1	1	0	0	1	0	0	1	1	1	
1	1	0	0	1	0	0	1	1	0	0	0	0	1	0	1	0	1	1	0	
1	0	0	1	1	0	0	0	0	1	0	1	0	1	1	1	1	0	0	0	
1	1	1	1	0	0	1	0	0	1	1	0	0	0	0	1	0	1	0	0	
0	0	1	0	0	1	1	0	0	0	0	1	0	1	0	1	1	1	1	0	
0	1	0	0	0	0	1	1	0	0	1	0	0	1	1	1	1	0	1	1	
0	1	1	0	0	1	0	0	1	1	1	1	0	1	0	1	0	0	0	1	
1	0	1	0	1	1	1	1	0	0	1	0	0	1	1	0	0	0	0	0	
0	1	1	1	1	0	1	0	1	0	0	0	0	1	1	0	0	1	0	1	
1	0	0	1	1	1	1	0	1	0	1	0	0	0	0	1	1	0	0	1	
0	0	0	1	1	0	0	1	0	0	1	1	1	1	0	1	0	1	0	1	
0	1	0	1	1	1	1	0	0	1	0	0	1	1	0	0	0	0	1	0	
1	1	1	1	0	1	0	1	0	0	0	0	1	1	0	0	1	0	0	1	
1	1	0	0	1	0	0	1	1	1	1	0	1	0	1	0	0	0	0	1	
1	0	1	0	1	0	0	0	0	1	1	0	0	1	0	0	1	1	1	1	
0	0	0	0	1	1	0	0	1	0	0	1	1	1	1	0	1	0	1	1	
0	0	1	1	0	0	1	0	0	1	1	1	1	0	1	0	1	0	0	1	
1	1	1	0	1	0	1	0	0	0	0	1	1	0	0	1	0	0	1	1	
0	0	1	1	1	1	0	1	0	1	0	0	0	0	1	1	0	0	1	1	
1	0	0	0	0	1	1	0	0	1	0	0	1	1	1	1	0	1	0	1	
1	0	0	1	0	0	1	1	1	1	0	1	0	1	0	0	0	0	1	1	
0	1	0	1	0	0	0	0	1	1	0	0	1	0	0	1	1	1	1	1	
0	0	1	0	0	1	1	1	1	0	1	0	1	0	0	0	0	1	1	1	
0	1	0	0	1	1	1	1	0	1	0	1	0	0	0	0	1	1	0	1	
1	1	1	1	1	1	1	1	1	1	1	1	1	1	1	1	1	1	1	0	

invalid rows: 
1	2	3	5	6	8	10	11	12	13	15	16	18	19	21	22	25	28	29	30	31	32	34	37	38	

 ----------Greedy covering array: 
1	1	0	1	0	0	0	0	0	0	0	1	1	0	1	1	1	1	0	1	
1	1	1	0	0	1	0	0	1	0	0	1	0	1	0	0	1	0	1	0	
1	1	0	0	0	1	0	1	1	1	0	0	1	0	0	1	0	0	0	1	
0	0	0	1	0	1	1	1	1	0	0	0	0	0	1	0	1	0	1	1	
0	0	1	0	0	1	0	0	0	1	1	1	1	0	1	0	0	0	1	1	
0	1	1	0	1	0	1	0	0	1	0	0	0	0	0	1	1	0	1	1	
0	0	0	1	0	0	0	0	1	1	1	0	1	1	0	1	1	0	1	0	
1	0	0	1	1	1	1	0	0	1	0	1	1	0	0	0	1	0	0	0	
0	1	0	0	0	0	1	1	0	0	1	1	1	1	0	0	1	0	0	1	
1	0	0	0	1	1	0	0	0	0	1	0	0	1	1	1	1	0	0	1	
1	0	1	1	1	0	0	1	0	0	0	0	1	1	0	0	0	0	1	1	
1	1	1	1	0	0	0	1	0	1	1	0	0	0	1	0	1	0	0	0	
0	1	1	1	0	1	1	0	0	0	0	0	1	1	1	1	0	0	0	0	
0	1	0	1	1	1	0	1	0	0	1	1	0	0	0	1	0	0	1	0	
0	1	1	0	0	0	0	1	0	0	1	0	0	1	1	1	0	1	1	1	
0	0	1	0	1	0	0	1	1	0	0	1	1	0	1	1	1	0	0	0	
0	1	0	1	1	0	0	0	1	1	0	1	0	1	1	0	0	0	0	1	
1	0	0	0	0	0	1	1	0	1	0	1	0	1	1	1	0	0	1	0	
1	0	1	1	0	0	1	0	1	0	1	1	0	0	0	1	0	0	0	1	
0	1	1	1	0	0	1	1	1	0	0	1	1	0	0	0	0	1	1	0	
1	0	0	0	0	0	0	1	1	1	1	1	0	0	0	0	1	1	1	1	
1	1	0	0	1	0	1	0	1	0	1	0	1	0	1	0	0	0	1	0	
1	1	0	0	1	0	1	1	1	0	0	0	0	1	0	1	1	1	0	0	
0	0	0	1	1	0	1	0	0	0	1	1	0	1	1	0	1	1	1	0	
0	0	0	0	1	1	0	0	1	0	0	1	1	1	0	1	0	1	1	1	
0	0	1	0	1	1	1	1	1	1	1	0	0	1	0	0	0	0	0	0	
1	0	0	1	0	1	0	1	1	0	1	0	1	1	1	0	0	1	0	0	
0	1	0	0	1	1	0	1	0	1	0	0	1	0	1	0	1	1	1	0	
1	0	1	1	1	0	0	0	1	1	0	0	0	0	1	1	0	1	1	0	
0	1	1	1	1	1	0	0	1	0	1	0	0	0	0	0	1	1	0	1	
1	1	0	1	0	1	1	0	0	1	0	0	0	1	0	0	0	1	1	1	
1	0	1	0	1	1	1	1	0	0	0	1	0	0	1	0	0	1	0	1	
1	1	1	0	1	0	0	0	0	1	1	1	1	1	0	0	0	1	0	0	
0	1	0	0	0	1	1	0	1	1	1	1	0	0	1	1	0	1	0	0	
0	0	1	0	0	0	1	0	1	1	0	0	1	1	1	0	1	1	0	1	
0	0	1	1	0	1	0	1	0	1	0	1	0	1	0	1	1	1	0	0	
1	0	1	0	0	1	1	0	0	0	1	0	1	0	0	1	1	1	1	0	
0	0	0	1	1	0	1	1	0	1	1	0	1	0	0	1	0	1	0	1	
1	1	1	1	1	1	1	1	1	1	1	1	1	1	1	1	1	0	1	1	

invalid rows: 
5	14	15	19	22	26	27	33	34	38	2	3	6	16	18	23	25	28	32	35	

 ----------random covering array (last execution): 
1	0	0	1	1	0	0	1	0	1	0	1	0	1	1	1	1	0	0	0	
0	0	1	1	0	0	1	1	0	0	0	1	0	1	0	0	0	1	1	1	
1	0	0	1	0	1	0	1	1	0	0	0	0	0	0	1	1	1	1	0	
1	0	0	0	1	0	1	0	1	0	0	1	1	0	1	0	0	1	1	0	
1	1	1	0	1	1	1	0	0	0	0	0	0	1	0	1	0	0	1	0	
1	0	1	0	0	1	1	1	0	0	1	1	1	0	0	0	1	0	0	0	
0	1	0	0	0	1	1	0	0	0	0	1	0	0	1	1	1	1	0	1	
0	0	0	1	0	1	0	0	0	0	1	1	1	1	1	1	0	0	1	0	
1	1	0	0	0	0	0	1	1	0	0	1	1	1	0	1	0	0	0	1	
1	1	0	1	1	0	0	0	0	0	1	1	0	0	0	0	1	0	1	1	
1	0	1	1	0	0	1	0	1	0	1	0	0	0	1	1	0	0	0	1	
0	1	1	1	1	1	0	1	1	0	0	1	0	0	1	0	0	0	0	0	
0	0	1	0	1	0	0	1	0	0	0	0	1	0	1	1	1	0	1	1	
0	1	0	0	0	0	1	1	1	0	1	0	0	1	1	0	1	0	1	0	
1	1	1	0	1	0	1	1	1	1	0	0	0	0	0	0	1	0	0	1	
0	0	1	0	1	0	0	0	1	0	1	1	0	1	0	1	1	1	0	0	
1	0	0	0	1	1	0	1	0	0	1	0	0	1	1	0	0	1	0	1	
0	0	0	1	1	1	1	0	1	0	0	0	1	1	0	0	1	0	0	1	
1	1	1	1	0	0	0	0	0	0	0	0	1	1	1	0	1	1	0	0	
0	0	1	0	0	0	1	1	1	1	0	0	1	1	1	1	0	1	0	0	
1	1	0	1	0	1	1	0	1	1	0	1	0	1	0	0	0	1	0	0	
0	1	0	1	1	0	1	1	0	0	1	0	1	0	0	1	0	1	0	0	
0	0	0	1	0	0	0	1	1	1	1	1	1	0	0	0	1	1	0	1	
0	1	0	0	1	0	1	0	0	1	1	1	1	1	1	0	0	0	0	1	
1	0	0	0	0	0	1	0	0	1	1	0	0	1	0	1	1	1	1	1	
0	1	1	0	0	1	0	0	1	0	1	0	1	0	0	0	0	1	1	1	
0	1	0	1	1	0	0	0	1	1	0	0	0	0	1	1	0	1	1	1	
0	0	0	0	1	1	1	1	1	1	1	1	0	0	0	1	0	0	1	0	
0	0	1	1	1	1	1	0	0	1	1	0	0	0	1	0	1	1	0	0	
1	1	1	0	0	0	0	1	0	1	1	1	0	0	1	0	0	1	1	0	
1	0	0	1	0	1	1	1	0	1	0	0	1	0	1	0	0	0	1	1	
1	0	1	1	1	0	0	0	1	1	1	0	1	1	0	0	0	0	1	0	
0	1	1	1	0	1	0	1	0	1	1	0	0	1	0	1	0	0	0	1	
0	1	0	0	1	1	0	1	0	1	0	0	1	1	0	0	1	1	1	0	
1	0	1	0	1	1	0	0	0	1	0	1	1	0	0	1	0	1	0	1	
0	0	1	0	0	1	0	0	1	1	0	1	0	1	1	0	1	0	1	1	
0	1	1	1	0	0	1	0	0	1	0	1	1	0	0	1	1	0	1	0	
1	1	0	0	0	1	0	0	1	1	1	0	1	0	1	1	1	0	0	0	
1	1	1	1	1	1	1	1	1	0	1	1	1	1	1	1	1	1	1	1	

invalid rows (last execution): 
4	5	7	8	9	11	13	15	16	17	20	22	24	26	28	30	32	33	34	35	36	
