forbidden tuples: 
(P_11.0, P_14.1)
(P_8.1, P_10.1, P_11.1, P_9.1)
(P_4.0, P_18.0)
(P_1.1, P_4.0, P_16.1, P_15.1, P_12.1, P_7.0, P_5.1, P_20.1, P_13.1, P_9.0)
(P_19.1, P_1.0, P_15.1, P_9.0, P_4.0, P_13.1, P_20.0, P_10.0, P_17.0, P_11.0, P_16.1, P_8.0)
(P_19.1, P_18.1, P_15.1, P_4.1, P_17.1, P_9.1, P_1.1, P_12.0)
(P_6.1, P_2.1, P_8.0, P_18.0, P_5.0, P_16.1, P_3.1, P_13.1, P_12.0, P_20.0, P_17.1, P_7.0, P_11.1, P_15.0, P_9.1, P_1.0, P_10.1)
(P_4.0, P_2.0, P_13.1, P_5.1, P_15.0, P_14.0, P_9.1, P_6.1, P_16.1, P_11.0, P_19.1, P_1.0, P_17.0, P_20.0, P_8.0, P_3.1, P_10.0)
(P_15.0, P_5.1, P_18.1, P_2.0, P_6.1, P_19.1, P_8.0, P_1.1, P_13.1, P_3.1, P_17.0, P_4.1, P_7.1, P_16.0, P_12.0, P_11.1, P_20.1, P_9.0)
(P_6.1, P_16.1, P_17.1, P_15.0, P_5.0, P_13.1, P_11.1, P_12.0, P_2.0, P_8.1, P_19.0, P_18.1, P_10.0, P_4.0, P_9.1, P_20.0)
(P_9.1, P_6.0, P_3.0, P_10.1, P_15.0, P_1.1, P_19.0, P_14.0, P_20.0, P_7.0, P_8.0, P_17.0, P_5.0, P_2.1)
(P_8.0, P_6.1, P_12.1, P_13.0, P_5.1, P_3.0, P_2.0, P_19.0, P_1.1)
(P_10.1, P_15.0, P_19.1, P_8.1, P_3.1, P_2.1, P_4.0, P_12.1, P_7.1, P_16.0, P_5.0, P_1.1, P_9.1)
(P_4.0, P_9.1, P_7.1, P_8.1, P_5.0, P_14.1, P_13.1, P_20.0, P_1.0, P_10.1, P_16.0, P_19.1, P_2.0, P_6.0, P_17.0)
(P_17.1, P_7.1, P_13.0, P_14.1, P_20.1)

 ----------Identity covering array: 
1	0	1	0	0	0	0	1	1	0	0	1	0	0	1	1	1	1	0	1	
0	0	1	1	0	0	0	0	1	0	1	0	1	1	1	1	0	0	1	0	
0	1	1	0	0	0	0	1	0	1	0	1	1	1	1	0	0	1	0	0	
1	1	0	0	0	0	1	0	1	0	1	1	1	1	0	0	1	0	0	0	
1	0	0	0	0	1	0	1	0	1	1	1	1	0	0	1	0	0	1	0	
0	0	0	0	1	0	1	0	1	1	1	1	0	0	1	0	0	1	1	0	
0	0	0	1	0	1	0	1	1	1	1	0	0	1	0	0	1	1	0	0	
0	0	1	0	1	0	1	1	1	1	0	0	1	0	0	1	1	0	0	0	
0	1	0	1	0	1	1	1	1	0	0	1	0	0	1	1	0	0	0	0	
1	0	1	1	1	1	0	0	1	0	0	1	1	0	0	0	0	1	0	0	
0	1	1	1	1	0	0	1	0	0	1	1	0	0	0	0	1	0	1	0	
1	1	1	0	0	1	0	0	1	1	0	0	0	0	1	0	1	0	1	0	
1	0	0	1	0	0	1	1	0	0	0	0	1	0	1	0	1	1	1	0	
0	1	0	0	1	1	0	0	0	0	1	0	1	0	1	1	1	1	0	0	
1	1	0	1	0	1	0	0	0	0	1	1	0	0	1	0	0	1	1	1	
1	1	0	0	1	0	0	1	1	0	0	0	0	1	0	1	0	1	1	0	
1	0	0	1	1	0	0	0	0	1	0	1	0	1	1	1	1	0	0	0	
1	1	1	1	0	0	1	0	0	1	1	0	0	0	0	1	0	1	0	0	
0	0	1	0	0	1	1	0	0	0	0	1	0	1	0	1	1	1	1	0	
0	1	0	0	0	0	1	1	0	0	1	0	0	1	1	1	1	0	1	1	
0	1	1	0	0	1	0	0	1	1	1	1	0	1	0	1	0	0	0	1	
1	0	1	0	1	1	1	1	0	0	1	0	0	1	1	0	0	0	0	0	
0	1	1	1	1	0	1	0	1	0	0	0	0	1	1	0	0	1	0	1	
1	0	0	1	1	1	1	0	1	0	1	0	0	0	0	1	1	0	0	1	
0	0	0	1	1	0	0	1	0	0	1	1	1	1	0	1	0	1	0	1	
0	1	0	1	1	1	1	0	0	1	0	0	1	1	0	0	0	0	1	0	
1	1	1	1	0	1	0	1	0	0	0	0	1	1	0	0	1	0	0	1	
1	1	0	0	1	0	0	1	1	1	1	0	1	0	1	0	0	0	0	1	
1	0	1	0	1	0	0	0	0	1	1	0	0	1	0	0	1	1	1	1	
0	0	0	0	1	1	0	0	1	0	0	1	1	1	1	0	1	0	1	1	
0	0	1	1	0	0	1	0	0	1	1	1	1	0	1	0	1	0	0	1	
1	1	1	0	1	0	1	0	0	0	0	1	1	0	0	1	0	0	1	1	
0	0	1	1	1	1	0	1	0	1	0	0	0	0	1	1	0	0	1	1	
1	0	0	0	0	1	1	0	0	1	0	0	1	1	1	1	0	1	0	1	
1	0	0	1	0	0	1	1	1	1	0	1	0	1	0	0	0	0	1	1	
0	1	0	1	0	0	0	0	1	1	0	0	1	0	0	1	1	1	1	1	
0	0	1	0	0	1	1	1	1	0	1	0	1	0	0	0	0	1	1	1	
0	1	0	0	1	1	1	1	0	1	0	1	0	0	0	0	1	1	0	1	
1	1	1	1	1	1	1	1	1	1	1	1	1	1	1	1	1	1	1	0	

invalid rows: 
3	4	5	7	8	12	16	17	19	20	21	22	23	26	27	28	30	32	34	35	39	

 ----------Greedy covering array: 
0	0	1	1	0	1	1	1	1	0	1	0	0	1	0	0	1	0	1	0	
0	1	0	0	0	0	1	1	0	0	1	1	1	0	0	0	1	1	0	1	
1	0	0	0	0	1	1	1	0	1	0	1	1	1	0	0	0	0	1	0	
1	0	1	0	0	1	0	0	1	0	0	1	1	0	1	0	1	0	0	1	
0	0	0	0	1	1	0	0	1	1	1	0	1	0	0	0	0	1	1	1	
0	0	0	0	0	1	1	0	0	1	0	0	0	1	1	1	1	1	0	1	
0	1	1	0	1	0	0	0	0	1	0	1	0	1	0	0	1	0	1	1	
0	0	1	0	0	0	0	1	0	1	1	0	1	0	1	1	1	0	1	0	
1	1	0	0	1	1	1	0	0	0	1	0	0	0	1	0	1	0	1	0	
0	1	0	0	1	1	0	1	1	0	0	0	1	1	0	1	1	0	0	0	
1	1	1	0	0	1	0	1	0	0	0	0	0	0	0	1	0	1	1	1	
1	0	1	0	1	0	1	1	1	1	0	0	0	0	0	0	1	1	0	0	
0	1	1	0	0	0	1	0	1	0	0	0	1	1	1	0	0	1	1	0	
1	0	1	0	1	0	1	0	0	0	1	0	1	1	0	1	0	0	0	1	
1	1	0	1	1	1	1	0	1	0	0	0	0	1	0	0	0	1	0	1	
1	0	0	0	0	0	0	0	1	0	1	1	0	1	0	1	1	1	1	0	
0	1	1	0	0	1	1	0	1	1	1	1	0	0	0	1	0	0	0	0	
1	1	0	0	0	0	0	1	1	1	1	0	0	1	1	0	0	0	0	1	
0	0	1	0	1	1	0	1	0	0	1	1	0	1	1	0	0	1	0	0	
1	0	1	1	0	0	1	0	0	0	1	1	0	0	1	0	0	1	1	1	
1	0	0	1	1	1	0	1	0	1	1	1	0	0	0	0	1	0	0	1	
0	0	0	0	1	0	1	1	1	0	0	1	0	0	1	1	0	0	1	1	
1	1	0	1	0	0	1	1	0	0	0	1	0	1	1	1	1	0	0	0	
0	1	1	1	1	0	0	0	1	0	1	0	0	0	1	1	1	0	0	1	
0	1	0	1	0	1	0	0	0	0	1	1	1	1	0	1	0	0	1	1	
1	1	0	0	1	0	0	0	0	1	0	1	1	0	1	1	0	1	0	0	
1	1	1	1	1	0	0	1	1	0	0	1	1	0	0	0	0	0	1	0	
1	0	0	1	0	0	1	0	1	1	0	0	1	0	0	1	1	0	1	1	
0	0	1	1	0	0	0	1	1	1	0	1	0	1	0	1	0	1	0	1	
0	0	1	1	1	1	1	0	0	0	0	1	1	0	0	1	1	1	0	0	
0	1	1	1	0	1	1	1	0	1	0	0	1	0	1	0	0	0	0	1	
1	0	0	1	0	1	0	1	1	0	1	0	1	0	1	1	0	1	0	0	
0	1	0	1	1	0	1	1	0	1	1	0	0	0	0	1	0	1	1	0	
0	0	0	1	1	0	1	0	1	1	1	1	1	1	1	0	0	0	0	0	
0	1	0	1	0	1	0	0	1	1	0	1	0	0	1	0	1	1	1	0	
1	1	1	1	0	0	0	0	0	1	1	0	1	1	0	0	1	1	0	0	
0	0	0	1	1	0	0	1	0	0	0	0	1	1	1	0	1	1	1	1	
1	0	1	1	1	1	0	0	0	1	0	0	0	1	1	1	0	0	1	0	
1	1	1	0	1	1	1	1	1	1	1	1	1	1	1	1	1	1	1	1	

invalid rows: 
18	39	3	6	7	10	13	15	23	29	37	38	4	8	9	14	17	22	

 ----------random covering array (last execution): 
0	1	0	1	0	0	1	1	1	0	0	0	1	1	0	1	1	0	0	1	
1	1	0	0	0	1	0	0	1	0	1	1	0	1	0	1	0	1	0	0	
1	1	0	1	0	1	1	1	1	1	0	0	0	0	1	0	0	0	0	0	
1	0	0	1	0	1	0	0	0	1	1	0	1	1	0	0	0	0	1	1	
1	0	1	1	0	0	1	0	0	0	1	1	0	0	1	1	0	0	0	1	
0	0	0	1	1	0	0	1	1	0	1	1	0	1	1	0	0	0	1	0	
0	0	1	0	0	1	1	1	0	0	1	0	1	1	1	0	0	1	0	0	
1	1	0	0	1	0	1	0	0	0	0	0	1	1	1	1	0	0	1	0	
0	0	1	1	0	0	1	0	1	1	0	0	0	1	0	1	0	1	1	0	
1	1	1	1	1	0	0	1	0	0	0	0	0	1	0	0	0	1	0	1	
0	1	0	1	1	0	1	0	0	1	1	1	1	0	0	0	0	1	0	0	
0	1	1	0	0	0	0	0	1	1	0	1	1	1	1	0	0	0	0	1	
1	0	0	0	0	0	1	1	1	0	0	1	1	0	0	0	0	1	1	1	
1	0	1	0	1	0	0	1	1	1	1	0	1	0	0	1	0	0	0	0	
0	0	1	1	0	0	0	1	1	1	1	1	0	0	0	0	1	1	0	1	
0	0	0	0	1	1	1	1	0	1	0	1	0	1	0	1	0	0	0	1	
0	0	0	1	1	1	0	0	1	0	0	0	1	0	1	1	0	1	0	1	
0	1	0	0	0	0	0	1	0	1	1	0	0	0	1	1	0	1	1	1	
0	1	1	1	0	1	0	1	0	0	0	1	1	0	0	1	0	0	1	0	
0	0	0	0	0	1	1	0	1	1	1	1	1	0	0	1	1	0	1	0	
0	1	1	1	0	1	0	0	0	1	1	0	0	1	1	1	1	0	0	0	
0	1	1	0	1	1	1	0	1	0	1	0	0	0	0	0	0	0	1	1	
0	1	0	0	1	1	0	1	1	1	0	0	0	1	0	0	1	1	1	0	
0	0	1	0	1	0	0	0	0	0	1	0	1	1	0	1	1	1	1	1	
1	0	0	1	1	1	1	1	0	0	1	0	0	0	0	1	1	1	0	0	
1	0	1	0	1	1	0	0	0	1	0	1	0	0	1	0	0	1	1	0	
1	1	1	0	0	1	1	0	0	1	0	0	1	0	0	0	1	1	0	1	
1	0	0	0	1	0	1	0	1	1	1	0	0	1	1	0	1	0	0	1	
0	1	0	0	1	1	0	1	0	0	1	1	1	0	1	0	1	0	0	1	
1	0	1	1	1	1	0	0	1	0	0	1	1	1	0	0	1	0	0	0	
1	1	0	1	0	0	0	0	1	0	1	0	1	0	1	0	1	1	1	0	
1	1	0	1	1	0	0	0	0	1	0	1	0	0	0	1	1	0	1	1	
0	1	1	0	1	0	1	0	1	0	0	1	0	0	1	1	1	1	0	0	
1	0	1	0	0	1	0	1	1	0	0	0	0	0	1	1	1	0	1	1	
0	0	0	1	0	1	1	0	0	0	0	1	0	1	1	0	1	1	1	1	
1	0	0	0	0	0	0	1	0	1	0	1	1	1	1	1	1	1	0	0	
1	1	1	0	0	0	1	1	0	0	1	1	0	1	0	0	1	0	1	0	
0	0	1	1	1	0	1	1	0	1	0	0	1	0	1	0	1	0	1	0	
1	1	1	1	1	1	1	1	1	1	1	1	1	1	1	1	0	1	1	1	

invalid rows (last execution): 
1	8	9	10	12	14	15	16	20	22	23	28	29	30	31	34	35	36	37	39	
