forbidden tuples: 
(P_28.1, P_23.0, P_3.1, P_13.1, P_9.0, P_20.1, P_12.1, P_26.0, P_18.1, P_7.0, P_6.0, P_5.0)
(P_7.1, P_17.0, P_15.0)
(P_33.0, P_34.1, P_12.1, P_27.0, P_28.1, P_11.1, P_30.1, P_23.0, P_24.0, P_13.1, P_4.1, P_22.1, P_1.0, P_29.0, P_16.1, P_6.1, P_25.0, P_14.1, P_19.0, P_7.0, P_10.1, P_2.0, P_31.1, P_21.1, P_17.1)

 ----------original covering array: 
1	1	1	1	1	1	1	1	1	1	1	1	1	1	1	1	1	1	1	1	0	0	0	0	0	0	0	0	0	0	0	0	0	0	0	
1	1	1	1	1	1	1	1	1	1	0	0	0	0	0	0	0	0	0	0	1	1	1	1	1	1	1	1	1	1	0	0	0	0	0	
1	1	1	1	0	0	0	0	0	0	1	1	1	1	1	1	0	0	0	0	1	1	1	1	1	1	0	0	0	0	1	1	1	1	0	
1	0	0	0	1	1	1	0	0	0	1	1	1	0	0	0	1	1	1	0	1	1	1	0	0	0	1	1	1	0	1	1	1	0	1	
0	1	0	0	1	0	0	1	1	0	1	0	0	1	1	0	1	1	0	1	1	0	0	1	1	0	1	1	0	1	1	1	0	1	1	
0	0	1	0	0	1	0	1	0	1	0	1	0	1	0	1	1	0	1	1	0	1	0	1	0	1	1	0	1	1	1	0	1	1	1	
0	0	0	1	0	0	1	0	1	1	0	0	1	0	1	1	0	1	1	1	0	0	1	0	1	1	0	1	1	1	0	1	1	1	1	
0	0	0	0	0	0	0	0	0	0	0	0	0	0	0	0	0	0	0	0	0	0	0	0	0	0	0	0	0	0	0	0	0	0	0	

invalid rows: 
2	

 ----------pgm covering array: 
1	1	1	1	1	1	1	0	1	1	1	1	1	1	0	1	1	1	1	1	0	0	1	0	0	0	0	1	0	0	0	0	0	0	0	
1	1	1	0	0	1	1	0	0	0	0	1	1	0	1	0	1	0	0	0	1	1	1	1	1	1	1	1	1	1	1	0	0	0	0	
0	0	0	1	1	1	1	1	1	1	1	1	1	1	1	0	0	0	0	0	1	1	0	1	1	1	0	0	0	0	0	1	1	1	0	
0	0	0	1	1	0	1	1	1	0	0	0	0	0	1	1	1	1	1	0	1	1	1	0	0	0	1	1	1	1	0	0	1	1	1	
1	1	0	1	0	1	0	0	0	1	1	0	0	0	1	1	1	1	0	1	0	0	0	1	1	0	1	0	1	0	1	1	1	1	1	
1	0	1	0	1	0	0	1	0	1	0	1	0	1	0	1	0	0	1	1	1	0	1	1	0	1	1	0	0	1	1	1	1	0	1	
0	1	1	0	0	0	0	1	1	0	1	0	1	1	0	0	0	1	1	1	0	1	0	0	1	1	0	1	1	1	1	1	0	1	1	
0	0	0	0	0	0	0	0	0	0	0	0	0	0	0	0	0	0	0	0	0	0	0	0	0	0	0	0	0	0	0	0	0	0	0	

invalid rows: 


 ----------random covering array (last execution): 
0	0	1	0	1	1	1	0	0	0	0	1	1	1	1	1	0	1	1	0	1	1	0	1	0	0	0	1	0	1	0	1	1	1	1	
1	1	1	0	0	0	0	1	0	1	1	0	0	0	1	0	0	1	1	1	1	1	1	0	1	1	1	1	0	0	0	1	1	1	0	
1	0	0	1	0	1	0	1	1	1	1	0	1	1	0	0	1	1	1	0	0	1	0	1	1	1	0	0	1	1	0	0	0	1	1	
0	1	0	1	0	1	1	0	1	1	1	1	1	0	1	1	0	0	0	1	1	0	1	0	1	0	0	0	1	0	1	0	1	1	1	
1	1	1	1	1	0	1	1	1	0	0	1	1	1	0	0	1	1	0	1	0	0	0	1	1	0	1	1	0	0	1	0	1	0	0	
1	0	0	0	1	0	0	0	1	0	1	1	0	0	1	1	1	0	1	1	0	0	1	1	0	1	1	1	1	1	1	1	0	0	1	
0	1	1	1	1	1	1	1	0	1	0	0	0	1	0	1	1	0	0	0	1	1	1	0	0	1	1	0	1	1	1	1	0	0	0	
0	0	0	0	0	0	0	0	0	0	0	0	0	0	0	0	0	0	0	0	0	0	0	0	0	0	0	0	0	0	0	0	0	0	0	

invalid rows (last execution): 

