forbidden tuples: 
(P_4.0, P_8.0, P_12.1, P_5.0, P_2.0, P_15.1)
(P_4.0, P_1.0)
(P_13.0, P_2.1, P_9.0, P_10.0, P_1.0, P_12.1)
(P_5.0, P_1.1, P_2.1, P_7.0, P_6.1, P_11.1, P_14.1, P_8.0, P_12.1, P_3.0, P_13.0)

 ----------original covering array: 
0	1	1	1	1	1	0	0	0	0	0	1	0	0	0	
0	1	0	0	0	0	0	1	0	1	0	1	1	0	1	
1	1	0	1	0	0	1	0	1	1	1	0	0	1	0	
0	0	1	0	1	1	1	0	1	1	0	0	1	0	1	
1	0	1	0	1	0	0	1	1	0	0	1	0	1	1	
1	0	0	0	1	1	0	1	0	0	1	0	1	0	0	
0	0	1	1	0	1	1	1	0	0	1	1	1	1	1	

invalid rows: 
1	2	4	

 ----------pgm covering array: 
1	0	1	1	0	0	0	1	0	1	0	0	1	0	0	
1	0	0	0	0	1	1	0	0	1	1	0	0	0	1	
1	1	1	0	1	0	1	0	1	0	0	1	0	1	0	
0	0	0	1	1	0	1	1	0	0	1	1	1	0	1	
0	1	0	0	0	1	0	1	0	1	0	1	1	1	1	
0	1	0	1	0	1	0	0	1	0	1	0	1	0	0	
0	0	1	1	1	1	0	1	1	1	1	0	0	1	1	

invalid rows: 
5	

 ----------random covering array (last execution): 
0	0	0	0	0	0	1	1	1	0	1	1	0	0	1	
1	0	0	1	0	1	0	0	1	1	1	0	0	0	0	
0	1	1	0	1	1	0	0	1	0	0	0	1	1	1	
1	0	0	1	1	1	1	1	0	0	0	1	1	0	0	
0	0	1	1	1	0	1	0	0	1	1	1	0	1	0	
1	1	0	0	0	0	0	1	0	1	0	1	0	1	0	
1	1	1	1	0	0	1	1	0	1	1	0	1	0	1	

invalid rows (last execution): 
1	3	
