forbidden tuples: 
(P_16.0, P_13.0, P_19.0)
(P_10.0, P_13.1, P_2.0, P_1.1, P_4.0)
(P_1.0, P_14.0, P_6.1, P_17.0, P_11.1, P_8.0, P_2.0, P_20.1, P_5.0, P_16.1, P_9.1, P_12.1, P_10.1, P_13.1, P_18.0, P_7.0, P_19.0)
(P_3.1, P_14.0, P_17.0, P_16.1)
(P_19.0, P_6.0, P_18.1, P_9.1)
(P_5.0, P_2.0, P_3.1, P_7.1, P_11.1, P_4.0, P_10.1, P_1.0, P_20.0, P_16.0, P_9.1, P_19.1, P_13.0, P_15.1)

 ----------original covering array: 
1	0	0	0	1	1	0	1	1	1	1	0	0	1	1	1	1	0	1	1	
1	0	1	1	1	0	1	1	1	0	1	0	1	1	1	1	1	0	0	1	
0	0	0	0	0	1	1	0	1	1	0	0	0	0	0	1	0	1	0	0	
0	0	1	0	0	0	0	0	1	1	0	1	1	0	1	1	0	0	1	1	
0	0	1	1	1	1	0	1	0	0	1	0	0	1	0	1	0	0	0	1	
0	1	1	1	1	1	1	1	1	1	0	1	1	0	0	1	0	1	0	0	
0	0	0	1	1	1	0	1	1	1	0	0	0	0	1	1	1	0	0	1	
0	1	1	0	1	0	1	0	0	0	0	0	1	0	1	1	0	1	0	0	
0	1	0	0	1	1	1	1	0	1	1	0	1	1	1	0	0	1	0	0	
1	0	1	1	0	0	1	0	1	1	0	1	0	1	0	1	0	1	1	1	
1	1	1	1	1	1	1	1	1	1	1	0	0	0	1	0	1	1	0	1	
1	1	0	0	1	0	1	1	0	1	1	1	1	0	1	0	0	0	1	1	
0	1	1	1	1	1	1	0	1	0	1	0	1	1	0	0	1	0	0	0	
0	1	1	0	0	1	1	1	1	1	1	0	1	1	1	1	0	0	1	1	
0	0	1	1	0	0	1	0	0	1	0	0	1	1	0	0	0	0	0	1	
1	0	1	0	0	1	0	0	0	0	0	0	1	1	1	1	1	0	1	0	
1	0	1	1	1	1	0	1	1	1	0	0	1	1	0	0	1	0	1	1	
0	1	0	0	0	1	1	0	1	0	0	1	1	1	0	1	1	0	0	0	
1	0	0	0	1	0	1	0	1	0	0	1	0	1	1	1	1	1	0	0	
1	0	0	0	1	1	1	0	1	0	1	0	1	0	1	0	0	0	1	1	
0	0	0	1	1	1	0	0	1	0	1	0	1	0	1	1	1	1	0	0	
0	0	1	0	1	0	1	1	1	1	1	0	1	0	0	0	0	1	1	0	
1	0	1	0	1	1	1	1	1	0	1	1	1	0	0	1	1	0	0	1	
0	1	1	1	0	0	0	1	0	0	0	0	1	1	0	0	0	0	0	1	
0	0	0	1	1	0	0	0	0	1	1	1	0	0	1	0	0	1	0	1	
1	0	1	1	0	0	1	1	1	0	1	1	0	0	1	0	0	0	0	1	
0	1	0	1	0	1	0	0	1	0	0	0	1	0	0	1	0	0	1	1	
0	1	1	0	0	1	0	0	1	1	1	1	0	1	1	1	1	1	0	0	
1	0	0	0	0	0	1	1	1	0	0	1	1	0	0	1	0	1	1	0	
1	0	1	1	1	0	1	0	0	1	0	1	1	0	1	0	1	1	1	0	
1	1	1	0	1	0	1	0	0	0	1	1	0	0	0	0	1	1	0	0	
0	0	1	1	1	0	0	1	1	0	0	0	0	0	0	1	0	0	1	0	
1	1	1	0	1	1	1	1	1	0	0	1	1	1	1	0	0	1	0	1	
0	0	1	1	0	1	1	0	1	1	1	1	0	0	0	0	0	0	0	1	
0	1	1	1	0	1	0	1	1	0	0	0	0	0	0	0	0	1	0	0	
0	0	0	0	0	1	1	1	0	0	0	1	0	1	1	1	0	0	1	1	
1	1	0	1	0	0	1	0	0	1	0	1	0	0	0	1	1	0	0	0	
0	0	1	0	1	0	0	1	0	1	0	1	1	1	1	1	0	1	1	0	
1	0	1	0	1	1	1	0	1	1	0	0	0	1	1	0	0	0	0	0	
0	1	0	0	1	0	1	0	1	1	0	0	1	0	1	1	0	1	1	1	
0	0	0	1	1	1	1	1	0	0	1	0	0	0	0	0	1	0	1	1	
0	1	0	0	1	0	1	1	1	0	1	0	0	1	1	0	1	0	0	1	
1	1	1	1	0	0	1	0	1	0	0	0	0	1	1	0	1	0	0	1	
1	1	0	1	0	1	0	1	1	0	1	0	1	1	1	0	1	1	0	0	
0	1	0	1	0	0	1	0	1	1	1	0	1	0	1	0	0	0	0	0	
1	1	0	1	1	0	0	1	1	1	1	0	1	1	0	1	1	1	1	1	
1	1	0	1	1	0	1	1	0	0	0	0	1	0	0	0	1	1	0	1	
1	0	1	1	1	0	0	0	1	0	0	1	0	1	1	0	0	0	1	0	
1	1	1	0	1	1	0	0	1	1	0	1	0	0	1	0	1	1	1	1	
0	1	1	1	1	0	1	1	0	1	0	0	0	0	1	0	0	0	1	1	
0	0	0	1	1	1	1	0	0	0	0	0	1	1	0	1	1	1	1	0	
0	1	0	0	0	1	0	1	1	1	0	1	1	1	0	1	1	1	1	1	
0	1	0	1	1	1	0	1	0	1	0	0	1	0	1	0	1	1	1	0	
0	0	0	0	0	0	0	1	1	0	1	0	1	0	1	1	0	1	0	1	
1	1	1	1	1	1	1	1	1	1	1	0	0	0	0	0	0	0	1	0	
0	1	1	1	1	0	0	1	0	0	1	1	1	0	1	0	1	0	0	0	
1	0	0	0	0	1	0	1	1	1	0	0	1	1	0	1	1	0	0	0	
1	1	0	0	0	1	1	1	1	0	0	0	0	0	1	1	1	1	1	1	
1	1	0	0	0	0	0	1	0	1	1	0	0	0	0	0	1	1	0	0	
0	0	0	0	0	1	1	1	1	1	1	0	1	0	1	1	1	0	1	0	
0	0	0	1	1	0	0	0	0	0	0	0	1	1	1	0	1	0	0	0	
1	0	1	1	1	0	0	1	1	1	1	1	0	0	0	1	1	1	0	0	
1	0	0	1	1	1	0	0	1	0	0	0	1	1	1	1	0	1	1	1	
0	1	0	1	1	0	1	0	1	1	0	1	0	0	0	0	0	1	1	1	
1	0	0	0	0	0	1	1	0	1	0	0	1	1	1	0	0	1	0	1	
1	1	1	1	1	0	1	0	1	0	0	1	1	0	1	1	0	0	0	1	
0	1	1	1	0	1	0	0	1	1	0	1	1	1	1	0	1	0	1	0	
1	0	1	1	0	1	1	1	1	1	0	1	0	1	1	0	1	1	0	0	
0	1	1	1	1	1	0	1	1	0	0	0	0	1	1	1	1	1	1	0	
0	1	0	0	0	0	0	0	0	1	0	0	0	1	1	1	1	0	1	0	
1	0	0	0	1	0	0	0	0	1	1	1	0	1	0	1	0	0	0	0	
0	1	0	1	0	0	0	0	0	0	0	1	1	1	1	1	1	1	1	0	
0	1	1	0	1	1	0	1	1	0	0	0	1	0	0	0	1	0	0	1	
0	0	1	0	1	0	0	0	1	0	1	0	0	1	0	1	0	1	0	1	
0	1	1	1	1	0	0	1	0	1	0	0	0	0	0	0	1	0	1	0	
1	1	1	1	0	1	0	0	1	1	1	0	0	1	0	1	1	0	1	1	
0	0	1	0	1	1	1	1	1	0	1	1	0	0	1	1	0	1	1	1	
1	1	0	0	0	1	1	1	1	1	0	0	0	1	0	0	1	1	1	0	
1	1	1	0	1	0	0	0	1	1	1	0	1	1	1	0	1	1	1	0	
0	1	1	0	0	1	0	0	0	0	1	0	0	0	1	0	1	0	1	1	
1	1	0	0	0	1	1	0	1	1	1	1	0	1	1	0	0	0	0	1	
0	0	0	0	1	0	0	1	0	0	1	0	0	1	0	1	1	0	1	1	
1	0	1	1	0	0	0	0	0	0	1	0	1	0	0	0	0	1	1	0	
1	0	1	1	1	1	0	0	0	0	1	1	0	1	1	0	1	1	0	1	
1	0	0	1	0	1	1	1	1	1	1	0	1	0	0	1	0	1	0	1	
1	0	0	0	1	0	0	0	0	1	0	0	1	0	0	1	1	1	0	1	
1	1	0	1	0	0	0	0	0	1	1	1	1	1	1	1	0	1	1	1	
0	1	0	0	1	1	1	0	0	0	0	1	0	0	1	1	1	0	1	1	
0	0	0	1	1	0	1	1	0	1	0	0	0	0	1	1	1	1	0	0	
0	0	1	1	1	0	1	0	0	0	1	0	0	1	1	1	1	0	1	0	
1	0	1	1	1	1	0	1	0	1	0	0	0	1	0	0	0	1	1	1	
1	1	0	1	0	1	0	0	0	1	0	0	0	1	1	1	0	1	0	1	
1	0	0	0	0	0	1	0	1	1	0	0	1	0	0	0	1	0	1	1	
0	0	0	1	0	0	1	1	1	0	0	1	0	1	0	1	1	0	1	1	
0	1	1	0	0	0	0	0	1	0	1	0	1	0	0	0	1	0	1	0	
1	1	1	1	1	0	1	0	1	0	1	1	1	0	0	0	1	1	1	1	
0	1	1	1	1	0	0	1	1	1	1	1	1	1	0	0	1	1	0	1	
0	1	1	1	0	0	0	0	0	1	1	1	0	0	0	1	0	1	1	0	
0	1	0	1	0	0	1	1	1	0	0	1	1	1	1	1	0	1	0	1	
0	1	1	0	0	0	1	1	0	1	0	1	0	0	1	0	1	1	0	1	
0	0	0	1	0	1	1	0	1	0	1	0	0	1	1	1	1	0	0	1	
1	1	1	0	0	1	0	1	0	1	0	1	0	1	1	0	0	1	1	0	
1	1	0	0	0	1	1	0	0	0	1	0	1	1	0	1	1	1	0	1	
1	0	1	0	1	0	0	1	0	0	0	0	0	0	1	0	0	0	0	1	
0	0	0	1	0	0	0	0	1	0	1	0	0	1	0	0	0	0	1	1	
1	1	0	0	1	1	0	0	0	0	0	0	0	1	0	0	1	0	0	1	
1	1	0	1	1	1	0	0	1	1	1	1	1	0	0	0	0	1	1	0	
0	1	1	0	0	1	1	1	0	1	0	0	0	0	1	1	0	0	0	0	
0	0	0	1	0	1	1	1	1	1	1	1	1	1	1	0	0	1	1	1	
1	1	0	1	1	0	0	1	0	1	0	1	0	1	1	0	1	0	0	1	
1	0	0	1	0	1	1	1	0	0	0	0	1	0	0	1	0	0	0	0	
1	0	1	1	1	0	0	0	1	1	0	0	1	0	1	0	0	1	0	1	
1	1	0	0	0	0	0	1	1	1	1	0	0	0	0	0	0	0	1	1	
0	1	0	1	1	1	0	1	0	1	1	1	0	1	0	1	1	1	0	0	
0	0	0	0	0	1	0	1	0	0	0	1	1	1	1	0	1	1	0	1	
0	1	1	0	1	0	1	1	1	1	1	1	0	0	1	1	0	0	1	0	
1	0	0	0	1	0	0	1	1	0	0	1	0	1	1	0	1	1	1	1	
0	0	0	0	1	0	1	1	1	1	0	0	1	1	0	1	0	0	0	1	
0	1	1	0	1	0	1	0	0	1	1	1	1	1	1	1	1	0	0	1	
0	1	0	1	0	0	0	1	0	0	1	0	1	0	1	1	0	0	1	0	
0	0	0	0	0	0	1	0	1	0	1	1	1	1	1	0	1	1	1	0	
1	0	0	0	1	1	0	1	0	1	1	0	1	0	1	0	1	0	0	1	
1	1	1	1	1	0	0	0	0	0	0	1	1	1	0	1	1	1	0	0	
0	1	1	1	0	1	1	0	0	1	0	1	1	0	1	0	1	0	0	1	
1	1	0	0	1	0	0	0	1	1	0	1	0	0	0	1	1	0	1	0	
0	0	1	1	1	1	1	0	0	0	1	0	1	0	1	0	0	1	0	1	
0	0	1	0	1	1	1	0	0	1	0	0	0	1	1	0	1	1	1	1	
1	1	1	1	0	0	0	0	1	0	0	0	0	1	0	1	0	0	0	0	
0	0	1	1	0	0	1	0	1	1	1	1	1	0	0	1	1	0	1	0	
1	1	0	1	1	0	0	1	1	0	0	0	1	1	0	0	0	0	1	0	
1	1	1	0	0	1	0	0	0	1	0	0	1	0	0	0	0	1	0	1	
1	1	1	0	0	0	0	0	1	0	0	0	0	1	1	1	0	1	1	1	
0	0	1	1	0	0	0	1	1	1	1	0	0	1	1	0	0	1	0	0	
0	0	1	0	0	1	0	1	1	1	0	0	0	0	0	1	1	1	1	1	
1	1	0	0	1	0	1	1	1	1	1	1	1	0	1	1	1	1	0	0	
0	0	0	0	0	1	0	0	0	1	1	0	1	1	0	0	0	0	1	0	
0	0	0	0	0	0	1	1	0	1	1	1	0	1	0	1	0	1	0	1	
0	0	0	1	0	0	0	1	1	1	0	1	1	0	0	0	1	1	1	0	
0	0	0	0	0	1	1	0	0	1	0	1	1	0	1	1	0	1	0	0	
0	0	0	0	0	0	1	0	0	0	0	0	0	0	0	0	0	1	1	1	
0	1	1	0	1	0	0	0	1	1	1	0	0	0	1	1	1	0	0	1	
1	1	1	1	0	1	0	1	0	0	0	1	0	0	0	0	1	0	1	1	
1	0	1	0	0	1	1	1	0	0	1	0	0	1	0	0	0	0	1	0	
1	0	0	0	1	0	0	1	1	0	1	1	1	1	0	0	0	0	0	0	
1	1	0	1	1	0	1	1	0	0	1	0	0	1	0	1	0	1	0	0	
1	0	1	0	0	0	1	1	0	0	0	1	1	0	1	1	1	0	1	1	
1	1	1	0	0	0	1	1	1	1	0	1	1	1	0	0	0	0	0	0	
1	1	0	1	1	0	0	0	0	0	0	1	1	1	0	1	0	0	1	1	
0	0	0	1	1	1	1	0	0	1	0	1	1	1	1	0	0	0	1	1	
1	1	0	1	1	1	1	1	1	0	1	1	0	1	0	1	1	0	1	0	
1	0	1	0	0	0	0	0	0	1	0	1	0	1	0	0	1	0	1	0	
0	1	0	0	1	1	1	0	1	1	1	0	0	0	0	1	1	1	1	0	
0	1	0	1	0	0	0	1	0	0	1	1	0	1	1	0	0	1	0	1	
0	1	1	0	1	0	1	1	1	0	0	1	0	1	0	0	0	0	1	1	
0	0	1	1	0	1	1	1	1	0	0	0	1	0	1	0	0	0	1	0	
1	0	1	0	0	0	0	0	1	1	1	0	0	1	1	1	1	1	1	1	
0	0	1	0	1	1	0	0	0	0	0	1	1	0	0	0	0	0	1	0	
1	0	0	0	0	1	0	0	0	0	1	1	1	0	0	1	1	0	1	1	
1	1	1	0	0	0	0	1	1	0	1	1	0	1	1	1	1	0	1	0	
0	1	0	0	1	1	0	0	1	0	1	1	1	1	1	1	0	0	0	1	
1	1	0	1	1	1	0	0	1	1	0	1	1	0	0	1	1	1	0	1	
0	0	1	0	0	0	1	0	0	0	1	1	1	1	1	0	0	0	0	0	
0	0	0	1	1	1	0	1	1	0	0	1	0	1	1	1	0	1	0	1	
1	0	0	1	0	1	0	1	1	0	0	1	0	0	0	0	0	1	0	1	
1	1	0	0	0	0	0	0	0	0	0	1	1	0	1	0	0	0	0	0	
1	0	0	0	0	1	0	0	0	0	1	1	0	0	0	1	0	1	0	0	
0	1	0	1	1	1	1	0	1	0	0	1	0	0	1	0	1	0	0	0	
0	0	0	0	0	1	0	0	1	0	0	0	0	0	1	0	0	0	0	0	
1	1	1	0	1	1	0	1	0	0	1	0	0	0	1	1	1	1	0	0	
0	1	1	1	1	1	0	0	0	1	0	0	0	0	0	1	0	1	0	1	
0	1	1	0	0	0	0	0	1	0	1	1	1	0	0	0	0	1	0	1	
1	1	0	0	1	0	1	0	0	1	1	1	0	1	0	0	1	1	1	1	
0	0	1	1	0	1	0	1	1	0	1	1	1	1	0	1	0	1	1	0	
1	1	0	0	0	0	1	0	1	0	1	0	1	1	0	1	0	0	1	0	
0	1	0	1	0	0	0	0	1	1	0	0	0	0	1	0	1	1	1	1	
0	0	0	1	1	0	1	0	0	0	1	1	1	0	0	1	0	0	0	0	
1	0	1	1	0	0	1	0	0	1	1	0	1	1	0	1	1	1	0	0	
1	1	0	0	1	1	1	1	0	0	0	1	0	0	1	1	0	1	0	1	
1	0	0	1	0	0	1	1	1	1	0	0	0	1	1	1	0	0	1	0	
1	1	1	1	0	0	0	1	1	1	0	0	1	0	1	1	1	0	0	0	
1	1	0	1	0	0	1	1	0	1	1	1	1	1	0	0	1	0	1	0	
1	1	1	0	0	1	1	0	0	1	0	1	0	0	0	1	0	0	1	1	
0	1	0	0	1	0	0	1	0	0	0	1	0	0	0	1	0	1	1	0	
0	0	0	1	1	0	1	0	1	1	1	0	0	1	0	0	1	1	0	0	
0	0	1	1	0	0	0	0	0	0	0	1	0	0	1	1	1	1	0	1	
1	1	0	0	1	1	0	1	0	1	0	0	1	0	0	1	0	0	1	0	
0	0	1	1	0	1	1	0	0	1	1	0	0	1	1	1	0	1	1	0	
0	1	1	0	0	1	1	0	0	0	1	1	1	1	0	1	0	0	1	1	
1	0	0	1	0	1	1	0	1	0	0	1	1	1	0	0	0	1	0	1	
0	1	1	1	0	1	1	0	0	0	1	0	0	1	0	0	1	1	1	1	
1	0	1	0	1	1	1	0	1	1	1	1	1	1	0	0	0	1	1	1	
0	0	0	1	1	1	0	0	1	1	0	1	0	1	0	1	0	0	1	0	
1	0	0	1	1	0	1	1	1	0	1	1	0	0	1	0	0	1	1	0	
0	0	1	1	0	1	1	1	1	0	1	0	1	0	0	1	1	1	0	1	
0	1	0	1	0	1	1	0	1	0	1	1	0	0	0	1	1	1	1	1	
0	1	1	1	1	0	0	1	1	0	0	1	1	0	1	0	0	1	1	1	
1	0	1	1	1	0	0	1	0	1	1	1	0	0	0	1	0	0	1	1	
0	0	0	0	1	1	0	0	1	1	0	1	0	0	0	0	1	1	0	1	
0	0	1	1	1	1	0	0	0	1	1	0	1	0	1	1	1	1	1	1	
0	1	1	0	1	0	0	1	0	1	1	1	1	0	0	1	0	0	0	1	
0	1	1	1	1	0	1	0	1	0	1	1	0	1	1	1	0	1	1	0	
1	0	0	1	0	0	0	0	1	1	1	1	1	1	1	1	1	0	0	1	
1	1	0	1	1	0	0	0	0	0	1	0	0	0	1	1	1	0	1	1	
0	0	0	0	0	0	0	1	0	1	1	1	0	0	1	0	1	0	1	0	
0	1	0	1	1	0	0	0	0	1	1	0	1	1	0	0	0	0	1	1	
0	1	0	0	1	0	0	0	1	1	0	0	1	1	0	0	0	1	0	0	
1	1	0	1	1	1	1	0	1	1	0	0	1	1	1	1	1	0	1	1	
1	0	1	1	0	1	0	0	0	1	0	0	0	0	0	0	1	0	0	0	
1	0	1	1	1	1	1	0	0	1	0	1	0	1	0	1	1	0	0	1	
1	0	1	0	0	1	0	1	1	1	1	1	1	0	1	0	0	1	1	1	
1	0	1	1	1	1	1	0	1	0	0	0	0	0	0	1	1	1	1	1	
1	0	1	0	0	1	0	0	1	0	0	0	1	0	0	0	1	1	0	0	
0	0	1	0	1	0	0	0	1	0	0	1	1	1	0	0	1	0	0	1	
0	1	0	0	0	0	0	1	1	0	0	1	0	0	0	1	1	0	0	1	
1	1	1	1	0	0	1	1	0	1	1	0	0	0	1	1	0	1	0	1	
0	1	0	1	0	1	1	1	1	1	0	0	0	1	0	0	0	0	1	1	
1	1	1	1	0	0	1	1	0	1	0	0	1	0	0	1	0	1	1	0	
0	1	0	1	0	1	0	1	1	1	1	1	0	0	1	1	0	0	1	0	
0	0	1	0	1	1	0	1	0	1	1	1	1	0	0	0	1	1	0	0	
0	0	1	1	0	0	0	1	0	0	1	0	1	1	1	0	1	1	1	1	
1	0	1	0	0	0	0	1	0	1	1	0	1	1	0	0	1	0	0	1	
1	0	0	1	1	1	0	1	1	0	0	1	1	0	1	1	1	0	1	0	
1	0	0	1	0	0	0	1	0	0	0	0	0	1	0	1	1	1	1	0	
1	0	1	0	0	0	1	0	0	1	1	0	0	0	1	1	0	0	0	0	
0	0	0	1	1	0	1	1	0	0	1	1	1	0	1	1	1	1	1	1	
0	0	1	0	0	1	1	1	1	1	1	1	0	1	0	0	1	0	0	0	
1	1	1	0	1	0	1	1	0	0	0	0	1	1	1	0	1	0	1	0	
1	0	0	0	1	1	1	1	0	1	0	1	0	0	0	0	0	0	0	0	
1	1	1	1	1	1	0	0	0	1	1	0	1	1	1	0	0	0	0	0	
0	1	1	0	0	1	1	0	0	0	0	1	0	1	0	1	0	1	0	1	
1	1	1	0	1	0	1	1	0	1	0	0	0	1	0	1	1	1	1	1	
1	1	1	1	0	1	0	1	0	0	0	1	1	1	1	1	0	0	0	1	
0	1	0	0	1	1	1	1	1	1	0	1	1	0	1	0	1	0	1	0	
0	1	0	0	0	1	1	1	0	0	1	1	1	0	0	0	0	1	1	0	
0	1	1	1	0	0	1	1	1	0	1	0	0	0	0	1	1	0	0	0	
1	1	0	1	0	0	1	0	1	1	1	1	0	1	1	0	0	1	0	0	
0	0	1	0	1	0	1	0	1	1	1	1	0	0	0	0	1	0	1	1	
0	0	1	0	1	1	1	0	0	0	0	0	1	0	0	1	1	0	0	1	
1	0	0	1	0	0	0	1	0	1	0	1	1	0	1	0	0	1	0	0	
1	0	0	1	1	1	1	1	0	1	1	1	1	1	1	1	0	0	0	0	
1	0	0	0	0	1	0	1	0	0	1	0	0	1	1	1	0	0	0	1	
1	0	0	1	0	1	1	0	0	0	0	1	0	0	1	0	0	1	1	0	
1	1	0	1	1	1	1	0	0	0	0	0	0	1	1	0	0	1	1	0	
1	0	1	0	1	1	1	1	0	1	1	1	1	1	0	1	1	1	1	1	
1	1	1	0	1	1	0	0	1	1	1	0	1	1	0	1	0	1	0	0	
1	1	0	0	0	1	1	1	0	0	1	0	0	0	1	0	1	0	0	0	
1	0	1	1	0	1	1	1	0	0	0	1	1	1	0	0	1	1	1	1	
1	1	0	1	1	0	1	0	1	1	1	0	0	0	0	1	0	0	0	1	
1	0	0	1	0	1	1	1	0	1	1	1	0	1	1	1	1	1	1	0	
1	1	1	1	0	0	1	1	0	0	1	1	0	1	1	0	0	0	1	1	
0	1	1	1	1	0	1	0	0	1	0	1	0	1	1	1	0	0	0	0	
1	1	1	0	0	1	1	0	1	0	1	0	1	0	1	1	1	1	1	0	
0	0	1	1	1	1	0	1	0	0	1	1	0	1	1	0	1	0	1	0	
0	1	1	0	0	1	1	0	1	1	0	0	1	1	1	0	1	1	0	1	
0	1	0	0	1	0	0	1	0	0	0	0	1	1	1	0	0	1	1	1	
0	1	1	0	1	1	0	0	0	1	1	1	0	1	1	0	0	0	1	1	
1	0	1	1	1	0	1	1	1	1	1	0	1	0	1	0	1	0	1	0	
1	0	0	0	1	1	0	0	0	0	1	1	1	1	0	0	1	1	1	0	
0	0	1	0	1	1	0	0	0	1	0	1	1	1	1	1	1	0	0	0	
0	1	1	1	0	0	1	1	0	1	1	0	0	0	1	0	1	1	1	0	
0	1	0	1	0	1	0	0	0	0	1	1	0	1	0	0	0	0	0	0	
0	0	1	1	1	0	1	1	1	1	0	1	1	1	1	1	1	1	1	1	
0	0	0	0	0	0	1	1	0	0	0	0	0	1	0	0	1	0	0	0	
0	0	0	0	0	1	0	0	0	1	0	1	1	1	0	0	0	1	1	1	
0	1	1	0	0	0	0	1	0	0	1	0	1	1	0	1	1	1	0	0	
1	0	0	0	1	0	0	0	0	1	1	0	0	0	1	1	0	1	1	0	
0	1	0	0	1	1	1	1	1	0	1	0	0	0	0	0	0	1	0	1	
0	0	1	1	1	0	1	1	0	0	0	1	0	1	0	0	0	1	0	0	
1	0	1	0	0	1	0	1	1	1	0	1	0	1	1	1	0	0	0	1	
1	1	1	1	1	1	1	0	0	1	1	1	1	0	1	1	0	0	1	0	
0	0	0	0	1	1	0	1	1	0	1	0	0	1	0	0	0	1	1	0	
1	0	1	0	0	0	1	1	1	1	0	0	0	0	0	0	0	1	0	1	
1	0	1	1	0	1	0	0	1	0	1	1	1	0	1	1	0	0	0	0	
0	1	0	0	1	0	0	1	1	1	0	1	0	1	1	0	0	0	0	0	
0	1	0	1	0	0	1	1	0	1	0	0	1	0	0	1	1	0	0	1	
1	0	0	0	0	0	1	0	0	0	1	1	1	0	1	0	1	1	0	1	
1	1	1	0	0	1	1	0	1	0	0	1	0	0	0	0	0	0	1	0	
0	0	0	1	0	1	0	1	0	1	1	1	1	0	0	0	0	0	0	1	
1	0	1	0	1	1	1	1	1	0	0	0	1	1	1	1	0	1	0	0	
1	1	1	0	1	1	0	1	1	0	0	0	0	0	0	1	0	0	0	0	
1	1	0	1	0	1	0	1	1	0	1	1	1	0	1	0	1	0	1	1	
1	1	1	1	1	1	0	1	0	0	1	0	1	0	0	1	0	1	1	1	
1	0	0	1	0	1	1	0	0	1	1	0	0	0	1	0	1	0	1	1	
0	1	0	1	0	0	1	0	1	0	0	0	1	1	0	1	0	1	1	0	
0	0	0	0	1	0	0	1	0	0	1	0	0	0	1	1	0	0	0	0	
1	0	0	1	1	0	0	0	1	0	1	0	0	0	0	0	1	0	0	0	
0	1	1	0	1	1	0	0	0	0	1	1	0	0	1	0	0	1	1	0	
1	1	1	1	0	1	1	1	0	0	1	1	1	0	1	1	1	1	0	0	
0	0	1	0	0	0	1	0	0	0	0	1	0	0	0	1	1	1	1	0	
0	1	0	0	0	1	0	1	0	1	1	0	0	1	1	1	1	1	1	1	
0	1	1	0	1	1	1	1	0	1	0	1	1	1	0	1	1	0	1	0	
1	1	0	0	1	1	1	0	0	1	1	0	1	0	0	0	1	0	0	0	
1	1	1	0	0	0	0	1	1	0	1	1	0	1	0	0	1	1	0	1	
1	0	1	0	1	0	1	0	0	0	1	0	1	1	0	1	0	0	1	1	
0	0	1	0	1	0	0	0	1	0	0	0	0	0	1	0	1	1	1	0	
0	0	0	1	0	1	0	0	0	1	0	0	1	1	0	1	1	0	0	0	
1	0	0	0	0	1	0	0	1	0	0	0	0	0	1	1	1	1	1	0	
0	1	0	0	1	0	0	0	0	0	1	1	1	0	0	0	1	1	1	1	
0	0	0	1	1	0	0	1	1	0	1	1	1	1	0	0	1	0	1	1	
0	1	1	0	0	0	0	0	1	0	1	0	0	1	1	1	1	0	0	1	

invalid rows: 
4	6	8	11	16	19	20	23	25	26	29	31	32	34	35	39	42	43	54	59	62	66	68	74	77	81	84	97	98	99	100	104	106	108	110	112	116	133	135	144	146	153	158	164	167	168	170	171	182	184	197	198	200	206	208	212	215	217	224	226	228	236	246	258	261	263	267	268	270	272	273	274	276	279	280	282	286	293	294	

 ----------pgm covering array: 
1	0	1	0	1	1	1	0	1	1	0	1	1	0	1	0	1	1	0	1	
0	1	1	1	0	1	1	1	1	1	0	1	1	0	1	0	1	1	1	0	
0	1	0	0	1	0	0	0	1	0	0	0	0	1	0	0	1	0	0	1	
1	0	0	1	0	0	0	1	1	0	0	1	0	0	1	1	1	0	0	1	
0	0	0	1	1	1	1	0	0	1	0	0	0	0	1	0	1	1	1	0	
0	1	0	1	1	0	1	1	1	1	1	0	0	1	0	1	1	0	1	1	
0	0	1	0	1	0	1	0	1	1	0	1	0	0	1	0	1	0	1	1	
0	1	0	1	0	0	0	1	0	1	1	1	0	1	0	0	1	0	0	0	
0	1	0	0	1	1	1	1	0	1	1	1	0	1	0	0	0	1	0	1	
1	1	0	1	0	1	0	0	1	0	0	0	1	1	1	1	1	0	1	1	
0	1	1	1	1	0	1	0	1	1	1	1	1	1	1	0	0	1	1	1	
1	1	0	0	0	0	1	1	0	1	1	1	1	0	1	1	0	1	0	1	
0	1	1	1	1	1	0	1	1	1	1	0	0	0	0	0	0	1	1	0	
1	1	0	1	1	1	1	1	1	0	1	1	0	0	1	0	1	1	0	1	
0	1	0	1	0	1	0	1	0	0	0	0	0	0	1	0	0	0	1	1	
1	0	1	1	1	1	0	1	0	0	0	1	1	0	0	0	1	0	0	0	
1	0	1	1	1	1	1	1	1	1	0	0	1	0	1	0	0	0	1	1	
0	1	1	0	1	1	0	1	1	0	1	0	0	0	0	1	1	0	0	0	
0	1	1	0	0	1	0	0	1	1	0	1	1	1	0	1	1	0	0	0	
1	1	0	0	1	0	0	1	1	1	0	1	1	0	1	0	0	1	0	0	
0	0	1	0	1	0	0	1	1	1	0	1	0	1	0	0	1	1	1	0	
1	1	0	1	0	0	1	1	1	1	0	0	0	1	0	0	0	1	0	1	
0	1	1	1	1	0	1	1	1	1	0	0	1	0	1	1	1	1	0	0	
0	0	0	1	0	1	1	1	0	0	1	0	0	0	1	0	0	0	1	0	
0	0	0	0	0	0	0	0	0	1	0	1	0	1	1	1	0	1	1	1	
0	1	0	1	0	0	1	0	1	0	0	1	1	0	1	1	0	1	1	0	
1	0	0	0	1	0	0	1	1	0	1	0	0	0	1	0	1	0	1	0	
0	0	1	1	1	1	0	0	1	0	1	1	0	1	0	1	1	1	0	1	
1	1	0	0	0	0	1	1	1	0	0	0	1	1	0	1	1	0	0	0	
1	1	1	1	0	0	0	1	0	1	0	1	1	1	0	1	0	0	1	1	
0	1	1	1	0	0	0	0	0	1	1	0	1	1	0	1	0	1	0	0	
1	0	0	1	0	0	1	0	1	1	0	0	0	0	0	0	1	0	1	0	
0	1	0	1	1	1	1	1	1	1	1	1	1	1	1	1	0	0	0	0	
0	1	0	1	1	0	0	0	1	0	0	0	0	0	1	1	0	1	1	1	
0	0	0	1	1	0	1	0	1	0	1	0	0	1	0	0	0	0	1	0	
1	1	0	0	1	1	1	0	0	0	0	1	0	0	1	1	1	0	0	0	
0	1	1	0	0	0	0	0	0	0	1	0	1	0	0	1	1	0	1	1	
1	0	0	1	0	1	1	1	0	1	0	1	0	1	0	1	1	0	0	1	
0	1	0	1	1	1	0	0	1	1	0	1	1	0	0	0	0	0	0	1	
1	1	0	0	0	0	0	1	1	1	1	1	0	1	1	0	1	0	0	1	
1	1	1	0	1	0	1	0	0	1	0	0	0	0	1	0	0	1	1	0	
0	1	1	0	0	1	1	0	1	1	1	1	0	0	1	0	0	1	0	0	
0	1	1	1	0	1	0	0	1	0	1	1	1	0	1	0	0	0	1	0	
0	0	1	0	1	1	1	1	1	0	1	1	1	1	0	0	0	1	1	0	
0	1	0	0	0	0	0	1	1	0	1	1	0	0	0	0	0	1	1	1	
1	0	1	0	0	1	1	1	1	1	1	0	1	1	1	0	1	1	1	1	
0	1	1	0	0	0	1	1	0	1	1	0	1	1	1	0	0	0	1	0	
1	0	0	1	0	1	0	0	1	1	0	1	1	0	0	1	0	0	1	0	
1	0	1	1	1	0	0	0	1	1	1	1	1	1	1	1	0	0	0	1	
1	1	0	1	0	0	1	0	0	1	1	1	0	0	1	0	0	0	1	1	
1	1	1	0	1	1	0	1	0	1	0	0	0	1	0	0	1	0	1	0	
1	0	1	0	1	1	1	1	1	0	1	0	0	1	1	1	1	0	0	1	
1	0	1	0	1	0	1	1	0	1	1	1	0	1	0	0	0	0	1	1	
0	0	0	0	0	0	1	1	1	0	0	1	0	1	1	0	1	1	0	0	
1	1	0	1	1	0	1	0	1	1	1	0	1	0	0	0	0	1	1	1	
0	0	1	1	0	0	1	1	0	1	1	1	0	0	0	1	0	1	1	0	
0	0	1	0	1	1	1	1	1	0	0	0	1	0	0	0	1	0	0	1	
1	1	1	0	1	0	1	0	1	0	1	1	1	1	1	0	1	0	0	0	
0	0	1	0	0	0	1	0	0	0	1	0	1	1	0	0	0	1	0	1	
1	1	1	0	1	0	1	1	1	0	0	1	0	0	0	0	1	1	0	1	
0	0	1	0	0	1	0	1	0	1	0	1	0	0	0	0	0	0	1	0	
0	0	1	1	0	0	1	0	1	1	0	0	1	1	0	1	1	1	1	1	
1	0	0	0	1	1	0	1	1	1	0	1	1	1	1	0	1	0	1	0	
1	1	0	0	0	0	0	0	1	1	1	0	0	1	1	1	0	0	1	1	
0	1	0	0	0	1	1	1	0	0	0	1	1	1	1	0	0	0	0	1	
0	1	0	1	0	0	0	1	1	1	1	1	1	0	1	1	1	0	1	0	
1	0	1	1	1	1	0	1	1	0	1	1	0	0	0	1	0	0	1	1	
0	1	1	1	1	1	1	0	1	0	0	1	1	1	0	1	0	0	1	1	
1	0	1	1	1	1	1	0	1	1	1	1	0	1	0	0	1	0	1	0	
1	0	1	0	0	1	0	0	0	0	1	1	0	0	0	0	1	0	0	1	
0	0	0	0	0	1	0	0	0	1	0	0	1	0	0	1	1	1	0	1	
1	0	1	0	0	1	0	1	0	0	1	1	0	1	0	1	1	0	1	0	
0	0	1	1	1	0	1	1	1	1	1	0	0	0	1	0	0	0	0	0	
0	0	0	1	0	1	0	0	1	1	0	0	0	1	1	0	1	1	0	0	
1	0	1	1	0	0	1	0	0	1	1	0	0	0	0	0	0	0	1	1	
1	0	1	1	1	1	0	0	1	0	1	0	1	0	1	0	1	1	1	1	
1	1	0	1	1	0	1	0	1	1	0	1	0	1	1	1	1	1	0	0	
1	1	1	0	1	1	1	0	1	0	1	0	1	1	0	0	0	0	0	1	
1	0	1	1	0	1	0	1	1	1	1	1	1	1	0	0	0	1	0	1	
1	0	1	1	1	0	0	0	0	0	1	1	0	0	1	0	0	1	0	0	
0	1	0	0	1	1	0	0	1	0	1	1	1	0	1	1	0	1	0	1	
1	0	1	0	0	1	1	0	0	1	0	0	0	0	1	0	1	1	0	0	
1	0	0	1	0	0	0	1	0	0	0	0	1	1	0	0	0	1	1	0	
0	0	1	1	1	1	0	0	0	1	0	1	1	1	1	1	0	1	1	0	
0	1	0	0	1	0	1	1	1	0	0	0	1	1	1	0	1	1	1	1	
0	0	1	0	0	0	0	1	0	1	0	0	1	1	1	0	1	0	0	1	
1	0	0	0	0	1	0	1	0	0	1	1	1	1	1	1	1	1	1	1	
1	1	1	0	1	0	0	0	0	1	1	1	0	0	1	1	1	0	0	0	
0	1	1	0	0	0	1	0	0	1	0	1	0	1	0	0	1	0	1	1	
1	1	1	1	0	1	0	0	0	1	0	1	0	0	0	0	1	1	1	0	
1	0	0	1	1	1	1	0	0	1	0	0	1	1	1	0	0	0	1	1	
0	0	0	0	1	1	0	0	0	0	1	1	1	1	1	0	1	0	1	1	
1	1	1	0	0	0	0	1	1	0	0	0	1	0	1	0	0	0	0	1	
1	1	1	0	0	1	1	0	1	0	0	0	0	0	1	1	1	0	1	0	
1	0	1	1	0	0	0	1	1	0	1	0	0	0	0	0	0	1	0	0	
1	1	1	1	0	0	0	1	1	1	1	0	1	1	1	1	0	1	1	0	
0	0	1	1	0	1	1	1	1	1	1	0	0	1	1	1	0	1	1	1	
1	0	0	1	0	0	0	0	0	0	1	0	0	1	0	1	1	1	1	1	
0	1	0	0	0	1	1	1	1	0	1	1	0	1	1	1	1	0	1	0	
0	1	1	1	0	0	1	0	0	0	1	1	0	1	1	1	0	0	0	1	
0	1	1	0	1	1	0	0	1	0	0	1	0	0	1	0	1	1	1	0	
1	0	0	1	1	1	1	0	0	0	1	1	1	1	0	1	0	0	0	1	
0	1	1	0	1	1	0	1	0	0	1	0	1	1	1	0	1	1	0	0	
0	0	0	1	0	0	1	0	0	1	0	1	1	0	1	0	0	0	0	0	
1	0	0	0	0	1	0	0	1	0	0	0	0	0	1	0	0	1	1	0	
0	0	1	0	1	1	0	0	0	1	1	0	1	0	1	0	0	0	0	0	
1	0	0	0	1	0	0	1	1	1	1	0	1	1	0	1	0	1	1	1	
0	1	0	1	1	0	1	0	0	0	1	1	0	0	0	0	1	0	0	1	
1	1	0	0	1	1	1	1	1	0	0	1	0	1	1	1	0	1	1	1	
0	0	1	0	0	1	1	0	0	1	1	1	1	0	1	1	0	0	1	1	
0	1	0	0	1	0	1	1	0	0	0	0	1	0	0	0	1	0	1	0	
0	0	0	1	0	0	0	1	1	1	0	1	1	1	1	0	0	0	1	1	
1	0	0	0	0	0	1	0	1	0	1	0	1	0	1	0	0	1	0	1	
0	0	1	0	1	1	1	0	0	1	1	0	0	1	0	1	1	1	1	1	
0	0	1	0	1	1	1	1	0	0	0	1	0	1	1	1	0	0	0	0	
1	1	0	1	0	0	1	0	1	1	1	1	0	0	0	1	1	1	0	1	
1	0	1	0	0	1	1	0	1	1	0	1	1	1	1	1	0	0	0	0	
0	1	0	0	0	1	1	1	1	1	0	0	0	0	1	0	1	0	0	1	
0	1	1	1	0	1	0	1	0	1	1	1	0	0	1	1	1	1	0	1	
1	0	0	0	0	0	1	1	0	0	1	1	0	0	0	0	1	1	1	0	
1	1	1	0	0	1	0	1	1	0	0	1	0	1	0	1	0	1	0	0	
0	0	1	0	1	0	1	1	0	1	0	1	1	0	1	0	0	1	0	1	
0	0	1	1	0	1	0	1	0	1	1	0	1	1	0	1	1	0	1	0	
0	1	1	1	1	0	0	1	0	0	1	1	0	0	1	1	0	0	1	1	
1	0	1	0	0	0	0	0	1	1	1	0	1	0	0	1	1	0	0	1	
0	1	0	1	1	0	0	1	0	1	0	1	0	1	1	0	0	1	1	0	
1	1	1	1	1	1	0	0	0	1	0	1	0	1	1	0	0	0	0	1	
0	0	0	1	0	1	0	0	1	0	1	0	1	0	0	0	1	0	1	0	
1	1	1	1	0	0	0	1	1	0	0	0	0	0	0	1	1	1	1	1	
1	0	0	0	0	1	1	1	1	1	1	0	1	0	0	0	0	0	1	0	
0	0	0	1	1	0	0	1	0	0	1	0	1	1	1	0	0	0	0	1	
1	0	0	1	0	1	0	0	1	0	1	1	1	1	1	0	1	0	0	0	
0	0	0	1	0	1	1	0	1	0	0	1	0	1	0	0	0	1	1	1	
1	0	1	1	1	0	1	0	1	0	0	0	0	1	1	0	1	0	0	1	
0	1	1	0	0	0	1	1	1	1	1	1	1	1	0	1	1	1	0	1	
1	0	0	0	1	1	0	1	0	0	0	0	0	0	0	0	0	1	0	1	
0	1	0	0	0	1	1	0	0	0	0	0	0	1	1	1	1	1	0	1	
1	0	1	0	0	0	1	1	1	0	0	0	0	1	0	1	0	0	1	1	
0	1	0	0	1	0	0	1	0	0	0	1	0	1	0	1	1	0	0	1	
1	1	0	0	0	0	0	0	0	0	0	0	0	1	1	0	0	0	0	0	
0	0	1	1	0	0	0	0	1	1	1	1	0	0	1	0	1	1	0	1	
1	0	1	1	1	0	1	0	0	0	1	0	1	0	1	1	0	0	1	0	
1	1	0	1	1	1	1	0	0	0	0	0	1	0	0	0	0	1	0	0	
0	0	0	0	0	1	1	1	1	1	0	0	1	0	0	1	0	1	0	0	
0	1	0	0	0	1	1	0	0	1	1	0	1	1	0	0	1	1	1	0	
1	1	1	1	0	0	1	1	0	0	0	1	1	0	1	1	1	0	0	0	
0	1	0	1	0	1	1	1	1	0	1	0	1	0	0	1	0	0	0	1	
1	0	0	0	0	1	0	1	0	1	1	0	1	0	1	1	1	0	1	0	
1	1	0	0	1	1	0	1	0	1	0	1	0	0	1	1	0	0	1	1	
1	1	1	0	1	1	1	0	1	1	1	0	1	0	0	1	1	1	1	0	
1	0	1	1	0	1	0	0	0	0	0	0	1	0	0	1	0	0	0	1	
1	1	1	0	1	0	0	0	1	1	1	0	0	1	0	0	1	1	0	1	
0	0	0	0	0	1	1	0	0	0	1	1	0	1	1	1	0	1	1	0	
1	1	0	1	0	1	1	0	1	1	1	0	0	0	1	1	0	0	0	0	
1	1	0	1	1	0	1	1	1	0	0	1	0	0	0	0	0	0	1	0	
1	0	1	1	0	1	0	0	1	0	0	1	1	1	1	0	1	1	0	1	
1	0	0	1	1	0	0	1	0	1	0	0	0	0	0	1	0	0	0	0	
1	0	1	0	1	0	0	1	0	0	0	0	1	0	1	1	1	1	0	0	
1	0	1	1	0	1	1	0	1	0	1	1	1	0	0	1	1	1	0	0	
0	0	0	0	1	1	0	1	1	1	1	1	0	0	1	1	1	1	0	0	
0	0	1	0	1	0	0	1	1	1	1	0	1	1	1	1	1	0	1	1	
0	1	0	1	0	1	0	1	0	0	0	1	0	0	0	1	0	1	0	0	
0	0	0	0	1	1	1	0	1	1	0	1	0	1	1	1	1	0	1	0	
0	0	0	0	1	0	1	0	1	0	0	0	1	1	1	1	0	0	1	0	
0	0	0	0	0	0	0	1	0	0	1	1	1	0	0	1	0	0	0	0	
0	0	0	0	1	0	0	0	0	0	0	0	1	1	0	1	1	1	0	0	
0	1	1	0	1	0	0	0	1	1	1	1	0	0	0	1	0	0	1	0	
0	0	0	0	1	0	0	0	1	0	0	1	0	0	0	0	0	0	0	0	
0	0	1	1	1	0	1	0	0	1	1	1	1	1	0	0	1	1	0	0	
0	0	0	1	1	0	0	0	0	1	1	0	0	1	1	0	1	0	1	1	
0	0	0	1	0	0	0	1	1	0	1	0	0	1	1	1	0	1	0	0	
1	1	1	0	0	1	0	0	0	1	1	0	1	1	1	1	0	1	0	1	
1	0	0	1	1	1	1	1	1	0	0	0	0	1	0	1	1	1	1	0	
1	1	0	0	0	1	0	1	1	0	1	0	1	0	0	0	1	1	0	0	
1	0	1	0	0	0	0	0	1	0	1	1	0	1	1	0	0	0	1	1	
0	1	0	0	0	0	0	1	0	1	0	0	0	0	0	1	1	1	1	0	
0	1	1	1	0	1	0	1	0	0	0	0	1	1	0	0	1	1	1	1	
0	1	0	0	1	0	1	0	0	1	1	1	1	1	1	1	1	0	0	0	
1	1	0	0	0	1	1	0	1	0	0	1	1	0	0	0	1	0	1	1	
0	0	1	1	0	0	1	1	1	0	1	1	1	0	0	0	1	0	1	1	
1	1	1	0	0	1	1	1	0	0	1	0	1	0	0	1	0	1	1	1	
1	1	0	1	1	0	0	0	0	0	1	0	1	0	1	1	1	0	0	1	
1	0	0	0	0	0	1	0	0	1	1	0	0	1	0	1	1	0	0	0	
0	1	1	0	0	1	0	0	1	1	0	0	0	1	0	0	0	1	1	1	
0	0	1	1	0	0	0	0	0	0	0	1	0	1	1	1	1	0	1	0	
1	0	0	0	1	0	1	1	0	1	1	0	1	0	0	0	1	0	0	1	
1	1	0	1	1	1	0	0	0	0	0	1	0	1	0	0	1	1	1	1	
1	1	0	1	1	1	0	1	0	0	1	0	0	0	1	1	1	1	0	0	
0	1	0	0	1	1	0	1	1	0	0	0	1	1	1	1	0	0	1	0	
1	1	1	1	1	1	0	0	0	0	1	0	0	1	1	0	0	1	1	0	
1	1	0	1	1	1	0	1	1	1	0	0	1	1	1	1	0	1	0	1	
1	0	0	0	1	1	0	0	1	1	0	0	0	0	0	1	1	0	1	1	
1	1	0	0	0	0	1	0	1	1	0	1	1	1	0	1	0	1	1	0	
0	1	1	1	1	0	1	1	1	0	0	0	0	1	1	0	1	1	1	0	
1	1	1	0	1	0	0	0	1	0	1	0	0	1	1	1	1	1	1	0	
1	0	0	1	0	0	1	1	1	1	1	1	0	1	1	1	0	0	1	0	
1	0	0	1	0	0	1	0	0	1	0	0	1	0	1	1	1	1	1	1	
0	0	1	0	1	0	0	0	1	1	0	0	0	1	1	1	0	0	0	1	
1	0	1	1	1	0	0	1	0	1	0	1	0	1	1	0	1	1	1	1	
0	0	0	1	0	0	1	1	0	1	1	0	0	0	1	1	1	1	0	1	
1	1	0	1	0	1	0	0	1	1	1	1	0	1	0	1	1	1	1	0	
0	0	1	0	0	1	0	1	1	0	0	1	1	0	1	1	1	1	1	1	
1	0	1	0	0	0	0	0	0	1	1	1	1	0	1	0	1	1	1	0	
1	0	1	0	0	0	1	0	0	0	0	1	0	0	0	1	0	1	0	1	
1	0	0	0	0	1	0	1	0	1	1	0	0	0	1	0	0	1	1	1	
0	0	0	0	0	1	0	1	1	1	1	0	0	1	0	0	0	0	0	1	
1	1	1	0	1	1	0	1	1	1	1	1	1	0	1	0	1	0	1	1	
0	0	1	1	1	0	0	0	0	0	0	0	1	0	0	0	0	0	1	1	
0	1	1	1	1	1	0	0	0	1	0	0	1	0	1	1	1	0	1	1	
1	0	0	1	1	0	1	1	1	0	0	1	1	1	1	1	0	1	0	1	
1	1	1	1	1	0	0	0	1	1	0	0	1	1	1	0	1	0	1	0	
0	0	1	1	1	0	0	1	1	0	0	0	1	1	0	0	0	0	0	0	
0	0	1	1	0	1	0	1	1	1	0	0	0	0	1	1	0	0	0	0	
0	0	1	0	0	0	1	0	1	0	1	0	0	0	1	1	1	0	0	0	
0	1	0	1	0	0	1	0	0	0	1	1	1	1	1	0	1	1	1	1	
1	1	0	0	1	1	1	0	1	0	1	0	0	0	1	0	0	0	1	1	
1	1	0	1	0	0	1	1	0	0	1	0	1	1	0	0	1	0	1	1	
1	0	0	0	1	0	1	0	1	0	1	1	0	0	0	1	1	1	1	1	
0	0	1	1	1	0	1	1	0	1	0	0	0	1	0	1	0	1	0	1	
1	0	1	1	0	1	1	1	0	0	0	1	0	1	1	0	0	1	1	0	
0	0	1	1	0	1	1	1	0	0	0	0	1	0	1	0	0	1	0	1	
1	0	1	0	1	0	1	1	1	1	0	1	1	0	0	1	1	0	1	0	
1	0	1	0	0	1	1	0	0	0	0	0	1	1	0	0	1	0	1	0	
0	1	0	1	0	0	0	0	0	0	0	1	1	0	0	0	1	1	0	1	
1	1	1	0	0	0	1	1	0	1	0	1	0	1	1	1	1	1	1	0	
0	1	1	1	1	1	1	0	1	0	0	0	0	0	0	1	0	1	0	1	
1	1	1	1	0	1	1	1	0	1	1	1	1	0	0	0	0	0	0	0	
0	1	0	0	1	0	1	0	0	1	0	0	1	0	0	1	0	0	0	1	
0	0	0	1	1	1	0	1	0	1	1	1	1	0	0	0	0	1	1	1	
0	1	0	1	1	1	0	0	0	0	1	0	0	1	1	1	1	0	0	0	
1	1	1	1	0	1	1	0	0	1	1	0	1	1	1	0	1	0	0	1	
0	0	0	1	1	1	1	1	0	0	1	1	1	0	1	1	1	0	1	0	
1	1	1	0	1	0	1	1	1	1	1	1	0	0	0	1	0	0	0	1	
1	1	0	0	1	0	1	1	0	0	1	0	0	1	0	1	0	1	0	0	
0	1	1	1	0	0	1	0	1	0	1	0	0	0	0	0	1	1	1	0	
0	1	0	0	0	1	0	0	1	0	1	1	1	1	0	1	0	1	1	1	
1	1	1	1	0	0	0	0	1	1	0	0	0	0	1	1	0	1	0	1	
0	1	1	1	1	0	0	1	0	1	0	0	0	0	1	0	1	0	0	0	
0	0	0	0	0	0	1	1	0	0	0	1	1	1	0	1	0	0	1	1	
0	1	0	0	1	1	1	1	0	1	0	1	1	0	0	1	1	1	1	1	
0	0	0	0	1	1	1	0	0	0	0	1	1	0	1	0	1	1	0	0	
1	1	0	0	1	0	0	0	0	0	0	1	1	1	0	1	0	0	1	0	
1	1	0	0	1	1	0	0	0	1	1	1	1	1	0	0	0	0	1	0	
1	1	1	1	1	1	1	1	0	1	0	0	1	1	1	1	1	1	0	1	
0	0	0	1	1	1	0	1	1	1	1	0	1	1	0	0	1	1	0	1	
0	1	1	0	1	0	1	0	0	0	1	1	1	0	0	0	0	1	0	0	
1	1	1	1	1	1	1	1	0	0	0	0	1	1	1	1	0	0	1	0	
0	1	0	0	0	0	0	0	1	1	1	0	1	0	1	0	1	1	1	1	
1	1	1	0	1	1	1	0	0	0	0	1	1	1	0	1	1	1	1	1	
1	1	0	1	0	1	1	0	0	0	1	1	1	0	1	1	0	1	1	0	
0	1	0	1	0	1	0	0	0	1	1	1	0	0	0	1	1	0	1	1	
1	1	1	1	1	0	0	1	1	0	1	1	1	1	0	0	1	1	0	0	
1	0	1	1	1	1	1	0	0	1	0	1	0	0	0	1	0	1	1	0	
0	1	1	1	1	1	0	1	1	0	1	1	0	1	1	0	0	0	0	1	
1	0	0	0	0	1	1	1	0	1	1	1	0	1	1	0	0	0	0	0	
1	0	0	1	1	1	0	0	0	1	1	1	0	0	1	1	0	1	0	1	
1	1	1	1	0	0	1	1	1	1	0	1	1	0	0	0	0	1	1	1	
1	0	1	0	1	1	0	1	0	1	0	0	1	1	0	1	0	1	0	0	
0	0	1	1	1	1	0	1	0	1	0	1	0	0	0	1	1	0	0	1	
1	1	1	1	0	0	1	0	0	0	1	1	0	1	0	0	0	1	1	1	
0	0	0	0	1	1	0	0	0	0	1	0	0	0	0	1	0	1	1	0	
1	1	1	1	0	1	1	1	1	1	0	1	0	1	1	1	1	0	1	1	
0	1	1	0	0	1	1	0	0	0	0	0	0	0	0	0	0	0	0	0	
1	0	0	0	1	1	0	1	0	0	0	0	0	1	1	1	0	0	0	1	
0	0	1	1	0	1	1	1	0	0	1	0	0	1	0	0	1	1	0	0	
1	0	0	0	0	0	0	0	0	1	0	1	1	1	0	0	1	1	0	1	
0	1	0	0	1	0	1	0	1	1	1	0	0	1	1	0	0	1	0	0	
0	1	0	1	0	1	1	0	0	1	0	0	0	1	0	1	0	0	1	0	
0	0	0	1	1	1	1	0	1	0	0	1	1	0	1	1	1	0	0	1	
1	1	0	1	1	0	0	1	0	1	1	1	1	0	0	1	1	1	1	1	
1	0	0	0	1	1	1	0	1	1	0	0	0	1	0	0	0	1	0	0	
0	1	0	1	0	0	1	0	1	0	0	0	1	1	1	0	0	0	0	1	
0	0	0	1	1	0	0	1	1	0	0	1	1	0	0	1	1	1	1	0	
0	0	0	0	0	1	1	0	1	1	1	1	0	0	0	1	0	0	0	1	
0	1	1	0	0	0	1	1	0	0	1	0	0	0	1	0	1	0	1	1	
0	1	1	0	0	0	0	1	0	0	0	1	1	1	1	1	0	1	0	0	
1	1	0	1	1	0	0	0	1	0	1	0	1	0	0	1	0	0	0	0	
0	0	0	0	1	0	1	1	0	0	0	0	0	0	1	1	0	1	1	1	
0	1	0	1	1	1	1	1	1	1	0	1	1	1	0	0	1	0	0	0	
0	0	0	1	1	0	1	0	1	1	1	0	1	0	0	0	1	0	0	0	
1	0	1	0	1	0	1	1	1	0	1	1	1	0	1	1	0	1	1	0	
1	0	0	1	1	0	1	1	0	1	1	0	1	1	1	0	1	1	1	0	
1	1	1	0	1	0	0	0	0	0	0	1	1	0	1	0	0	1	1	1	
1	1	0	0	0	1	0	1	1	0	1	0	0	1	0	0	1	0	1	0	
0	0	0	0	0	0	1	0	0	1	0	1	0	0	0	0	1	1	0	0	
0	0	1	0	0	0	0	0	1	1	0	0	1	0	0	0	0	1	1	0	
1	0	0	1	1	0	0	0	0	1	1	1	0	1	0	1	0	1	0	0	
0	1	1	1	1	0	1	1	0	0	1	1	1	1	0	1	1	1	1	0	
1	1	1	1	0	0	0	0	0	0	0	0	0	1	0	1	1	0	0	0	
1	0	1	0	1	1	1	0	0	0	1	1	0	1	1	0	1	1	0	1	
1	1	1	1	1	1	1	1	0	1	1	0	0	0	0	1	1	0	0	1	
0	1	1	0	1	0	0	1	0	1	1	0	1	0	0	0	0	1	0	1	
0	0	1	1	0	1	1	0	1	0	1	0	1	1	1	1	0	1	0	0	
1	1	0	1	0	1	0	1	0	1	0	0	1	0	1	0	1	1	0	0	
1	0	1	1	0	0	0	0	1	1	0	1	0	1	0	0	0	0	0	0	
0	0	1	0	1	1	0	1	0	0	0	0	0	0	0	0	1	0	1	1	
1	0	1	0	1	0	0	0	1	0	0	1	1	1	0	0	1	0	0	0	
1	0	1	0	0	0	0	1	0	1	1	0	0	1	1	1	0	1	0	0	
1	0	1	0	0	1	1	1	1	1	0	0	0	0	1	1	0	1	1	0	
0	0	1	1	0	1	0	0	1	0	1	1	0	0	1	0	1	1	0	0	

invalid rows: 
3	8	9	14	22	40	42	54	60	70	73	74	80	82	95	108	118	127	134	136	140	141	152	168	206	238	254	255	263	265	267	271	285	290	295	300	87	113	158	223	281	297	20	23	77	116	135	171	210	237	252	56	67	110	124	142	151	167	181	204	213	226	233	253	299	

 ----------random covering array (last execution): 
1	1	0	1	1	0	1	1	0	1	1	1	1	1	0	0	1	0	1	0	
0	1	1	1	1	1	0	0	1	1	1	1	1	1	0	0	1	1	1	0	
1	0	1	0	0	0	0	1	0	1	0	0	0	0	1	0	0	0	1	0	
1	1	0	0	0	1	1	0	0	1	0	0	0	0	0	1	1	1	1	0	
0	1	0	0	1	0	0	1	1	1	1	1	0	1	0	0	0	1	0	0	
1	0	1	0	1	1	0	1	1	1	0	0	0	1	1	1	0	1	1	1	
1	1	0	1	1	0	0	1	1	1	0	0	0	1	0	0	1	0	1	0	
0	0	1	0	1	1	0	0	0	1	0	0	0	0	1	0	1	1	0	1	
1	0	1	0	1	1	0	1	0	0	1	1	0	1	1	0	1	0	0	1	
1	1	1	0	0	0	1	0	1	1	0	1	1	0	1	1	0	1	1	0	
1	1	1	1	1	0	0	1	1	0	1	0	1	1	1	0	1	1	1	1	
1	1	1	0	1	1	1	0	0	0	1	0	1	1	0	1	1	0	0	1	
0	0	1	1	1	1	0	1	1	0	1	1	0	0	0	0	0	1	1	1	
1	1	1	0	0	1	1	1	0	1	1	1	0	1	0	0	1	1	1	1	
1	1	1	0	0	1	0	0	1	0	0	1	0	0	0	0	0	1	0	0	
0	0	0	1	0	1	1	1	0	1	0	1	1	0	0	0	1	1	0	0	
1	1	0	1	1	1	1	1	1	0	0	1	1	1	0	0	0	1	1	0	
0	0	1	1	0	1	0	1	0	1	0	1	0	0	0	1	0	0	1	1	
0	0	1	1	1	0	0	0	0	1	0	1	1	0	1	1	1	0	1	0	
0	1	1	0	1	1	1	1	0	0	1	0	1	0	0	0	1	0	1	0	
0	0	0	1	1	1	0	1	1	1	1	0	0	0	1	0	1	0	1	0	
1	0	1	0	1	1	1	0	0	0	1	0	0	1	1	0	0	1	1	0	
0	1	1	1	1	1	0	1	0	1	1	0	1	1	0	1	0	1	1	0	
0	1	0	0	0	1	0	0	1	0	0	1	0	1	0	0	0	1	0	1	
1	1	0	0	1	0	0	0	1	0	1	0	0	0	1	1	1	0	0	0	
0	1	1	0	0	0	0	0	1	0	1	0	1	1	0	1	1	1	1	0	
0	1	0	0	0	1	1	1	1	1	0	0	0	0	0	0	0	0	1	1	
1	0	0	1	0	0	0	1	0	1	1	1	0	0	1	1	1	1	1	1	
0	0	1	0	0	1	1	0	0	1	0	0	1	1	1	1	0	0	1	0	
1	0	1	1	1	1	1	0	1	0	0	0	1	0	1	1	1	1	0	0	
0	0	1	1	1	0	0	0	0	0	1	0	1	0	1	1	0	1	0	1	
0	0	0	0	1	0	1	0	1	1	0	0	0	1	0	0	0	1	1	0	
0	1	1	0	1	1	0	1	0	0	0	1	1	1	1	1	1	1	1	1	
1	1	1	0	0	0	0	1	1	0	1	0	0	0	0	1	0	1	1	0	
0	0	0	0	0	0	0	1	1	0	0	0	0	1	1	0	0	1	1	1	
0	1	1	0	0	0	1	1	0	1	0	1	0	1	0	1	1	0	0	0	
1	0	1	1	0	0	0	0	1	1	0	0	1	0	0	1	0	0	0	1	
1	0	0	0	1	1	1	0	0	1	0	1	0	1	1	1	1	1	0	0	
1	0	1	0	1	0	0	1	0	0	0	1	1	0	0	0	1	1	1	0	
1	1	1	0	1	1	1	0	0	1	0	0	0	0	1	0	1	0	1	1	
0	1	1	1	1	0	1	1	1	0	1	0	0	1	0	0	0	0	0	0	
0	1	1	1	1	0	0	0	0	0	1	1	0	1	0	0	1	0	1	1	
0	1	1	1	0	0	0	0	1	0	0	1	1	0	0	0	1	1	1	1	
0	0	0	1	0	1	0	1	1	0	1	1	1	1	1	0	1	0	1	1	
1	0	1	0	0	1	0	0	1	0	1	0	0	0	0	0	1	0	1	1	
1	1	0	1	1	1	1	0	1	1	1	1	1	1	1	0	0	0	1	1	
0	1	1	1	1	1	0	0	1	0	0	0	1	1	1	0	0	0	0	1	
0	0	0	0	1	0	1	0	1	0	0	1	1	0	0	1	1	1	1	0	
1	1	0	1	1	0	1	1	0	0	0	0	1	0	1	1	1	1	1	1	
1	1	1	0	1	0	1	0	1	0	0	0	0	1	0	0	1	1	0	1	
0	0	1	1	1	1	1	1	1	1	0	1	0	0	1	0	0	0	0	0	
1	1	0	1	0	1	1	1	0	1	0	1	0	1	1	1	0	0	1	1	
1	0	0	1	1	1	1	1	1	0	0	0	0	1	1	0	1	0	0	1	
0	1	0	0	0	1	0	0	0	1	1	0	0	1	1	0	1	0	1	0	
1	0	1	0	1	0	1	1	1	0	1	0	1	1	0	0	0	1	1	1	
0	0	0	1	1	1	0	0	1	0	1	0	0	1	0	1	1	1	0	1	
1	0	0	1	0	1	0	1	0	1	0	1	1	1	0	0	0	0	1	0	
0	1	1	1	0	0	1	1	0	1	0	0	1	1	1	0	1	0	1	1	
1	0	0	1	0	0	0	0	0	0	1	0	1	1	1	0	0	0	0	1	
1	0	1	1	0	1	1	1	0	1	1	0	0	1	0	0	1	0	1	0	
0	0	0	1	1	1	0	0	1	0	0	1	0	0	0	0	1	0	0	0	
1	0	0	1	1	0	0	0	1	1	1	0	1	1	1	1	0	1	1	0	
0	1	0	0	1	1	1	1	1	1	0	1	1	0	1	0	1	0	1	0	
1	1	1	0	1	0	1	0	1	0	0	0	0	0	1	1	0	0	1	1	
1	1	1	0	0	1	0	0	0	0	0	1	1	1	1	0	1	0	0	0	
0	1	1	0	1	1	0	0	1	1	0	0	1	0	0	1	1	1	1	1	
1	0	0	1	0	1	1	1	1	0	0	1	0	0	0	1	1	1	1	1	
1	0	1	1	0	0	0	1	1	0	0	1	1	1	1	1	1	1	1	0	
0	0	0	1	1	0	1	1	1	1	0	1	0	1	1	0	1	1	1	1	
1	0	0	1	0	0	1	0	0	1	0	1	0	0	0	0	1	0	0	1	
1	0	0	0	1	0	0	0	0	1	1	1	1	0	0	1	0	0	0	0	
0	0	0	1	0	1	1	0	1	1	0	1	0	0	1	1	1	0	0	1	
0	1	0	1	1	1	0	1	0	0	0	0	0	1	0	0	0	1	1	1	
0	1	0	0	1	0	0	0	0	1	1	1	0	0	1	0	0	1	1	0	
1	0	0	1	1	0	1	0	1	0	0	0	0	1	0	0	0	1	0	1	
1	1	0	1	0	0	1	1	1	1	1	1	1	0	0	0	0	1	1	1	
0	1	1	0	1	0	1	1	0	1	1	0	0	1	1	1	1	1	1	0	
1	0	1	1	0	0	1	1	0	0	0	1	1	1	1	0	0	0	1	1	
1	0	0	1	1	1	1	0	0	0	1	1	1	0	1	0	1	1	1	1	
0	1	0	1	0	0	1	1	0	0	1	0	0	0	0	0	1	1	0	1	
1	1	1	0	0	0	0	1	0	0	1	1	1	0	0	1	1	0	1	1	
0	1	0	1	1	0	1	0	0	1	1	1	0	1	0	0	0	0	0	0	
0	0	0	0	0	1	1	0	1	0	1	0	1	0	1	0	0	1	0	0	
0	1	0	1	1	0	0	1	1	0	1	1	1	0	1	1	1	1	0	0	
1	1	1	0	0	1	0	1	1	1	1	0	1	1	1	0	0	0	1	0	
1	1	0	1	1	1	0	0	0	1	0	0	1	0	1	0	0	0	0	0	
1	1	0	0	0	1	1	0	1	1	1	1	1	0	1	1	1	0	0	1	
0	1	1	1	1	0	1	1	0	1	0	0	0	0	0	1	1	0	0	1	
1	0	1	1	1	0	0	0	1	1	0	0	0	1	1	0	1	0	0	0	
0	0	1	1	1	0	1	0	1	1	1	1	0	0	0	0	1	1	0	0	
1	1	0	0	1	0	1	1	1	0	0	1	1	1	1	0	0	1	0	0	
1	1	0	0	0	0	0	1	1	1	0	1	1	0	1	0	1	0	0	1	
1	1	1	1	0	1	1	0	0	0	0	0	1	0	0	0	0	0	1	0	
0	1	1	1	0	0	1	0	1	1	0	1	0	1	0	1	0	0	1	0	
0	0	0	1	0	1	1	0	0	0	1	0	0	0	0	0	0	1	1	1	
0	1	1	1	1	1	1	0	1	0	1	0	1	0	1	1	0	1	1	1	
1	1	0	1	1	1	0	0	1	0	1	1	0	1	1	1	0	1	1	1	
1	0	0	0	0	0	1	0	1	1	1	0	0	0	1	1	0	1	0	1	
0	1	1	0	0	1	0	0	1	1	0	1	0	1	1	1	1	0	1	1	
1	1	1	1	0	0	0	0	0	0	0	0	0	1	1	1	1	1	0	1	
0	1	1	1	0	0	0	1	1	1	1	1	0	0	0	0	1	0	1	0	
1	0	0	0	0	0	1	1	0	0	0	1	1	1	1	1	1	1	0	1	
0	1	1	1	0	1	0	1	0	1	1	1	1	0	1	0	0	0	0	1	
0	1	0	0	1	0	0	0	0	0	0	0	1	1	0	0	1	1	0	0	
0	1	0	0	0	0	1	0	1	0	1	1	0	0	0	0	0	0	1	0	
0	1	0	1	1	0	0	1	0	0	0	1	1	0	0	0	0	0	0	1	
1	0	0	0	1	1	1	1	1	0	1	0	1	0	1	1	0	0	1	1	
1	0	1	0	0	0	0	1	0	1	0	0	0	1	0	0	1	1	0	1	
1	1	1	0	0	1	1	1	1	0	1	1	0	1	1	1	1	0	1	0	
1	1	0	1	1	0	0	0	1	0	0	1	1	1	0	1	1	0	0	1	
0	0	1	0	0	1	0	1	1	1	0	0	1	1	0	0	0	0	0	0	
1	1	0	0	1	1	0	0	1	0	0	0	1	0	1	0	1	1	1	0	
1	1	0	0	0	0	1	0	0	0	1	0	1	1	0	0	0	0	1	1	
1	0	0	1	1	0	0	1	1	1	1	1	0	1	1	1	0	0	0	1	
0	1	0	1	0	1	0	1	0	0	0	1	0	1	1	1	1	0	0	0	
1	0	1	0	1	0	1	0	0	1	1	0	0	1	0	1	1	1	1	1	
0	1	0	1	1	0	1	0	0	0	0	1	1	1	1	1	1	0	1	0	
1	1	1	0	1	1	0	0	0	1	0	1	0	1	0	0	0	0	1	0	
1	1	1	1	1	1	0	0	0	1	1	1	0	0	0	1	1	1	0	1	
0	0	0	0	0	1	1	0	1	1	1	0	0	1	0	0	1	0	0	1	
0	0	1	1	0	1	1	0	0	0	1	1	0	0	1	1	1	0	1	0	
1	1	0	1	1	1	0	1	0	0	1	0	1	1	0	0	1	0	0	0	
0	0	0	1	1	1	0	0	1	1	0	1	1	0	1	1	0	1	0	1	
1	1	1	1	0	1	0	1	1	0	0	0	0	0	0	1	1	1	0	1	
1	0	0	1	1	0	1	0	0	1	0	0	1	0	0	1	0	0	1	1	
0	1	1	0	1	1	0	1	1	0	1	0	0	0	1	0	1	1	0	0	
1	1	1	1	1	0	1	1	0	0	0	1	0	0	1	0	1	1	0	0	
0	0	0	0	0	0	0	0	1	1	0	1	1	0	0	0	0	1	1	1	
1	0	1	1	0	1	1	0	1	1	1	0	0	0	0	1	0	1	1	0	
0	0	0	0	1	1	1	0	1	0	0	1	1	1	0	0	0	0	1	1	
1	1	0	0	0	1	0	1	0	0	0	0	1	0	1	0	0	1	0	1	
0	1	0	0	0	0	1	0	0	1	0	1	1	0	1	0	1	1	1	1	
1	0	0	0	0	0	0	0	1	0	1	1	0	1	1	0	1	1	1	0	
1	1	0	1	0	0	1	1	0	1	0	0	0	1	1	0	0	1	1	0	
1	0	1	1	1	1	0	0	0	1	1	0	1	1	1	1	1	0	1	1	
1	0	0	0	0	1	1	1	0	0	1	1	0	0	0	0	0	0	0	0	
1	1	1	0	0	0	0	0	0	1	1	1	0	1	1	1	0	0	0	0	
1	0	0	1	0	1	1	0	1	0	0	0	0	1	1	1	0	0	1	0	
1	0	1	0	0	1	0	1	0	1	0	0	0	0	1	1	1	0	0	0	
0	1	1	0	0	0	1	0	0	0	0	0	0	0	1	0	0	0	0	0	
1	1	0	1	1	0	0	0	0	1	1	0	0	0	0	0	1	1	1	1	
0	1	0	1	0	0	1	1	1	0	0	0	1	1	0	1	0	1	0	1	
0	0	1	0	0	0	1	1	0	0	1	1	1	1	0	0	0	1	0	0	
0	0	0	0	1	1	0	0	0	0	1	1	1	1	0	1	0	0	1	0	
0	0	1	0	1	0	0	0	1	1	1	1	1	1	1	0	0	0	0	1	
0	1	1	1	0	1	1	0	0	1	0	0	1	1	0	1	1	1	0	0	
1	0	1	0	0	1	0	0	0	0	0	1	1	1	0	1	0	1	1	1	
0	1	0	0	1	1	1	0	1	1	0	1	1	0	0	1	0	0	0	1	
1	1	1	0	1	1	1	1	1	0	0	1	0	0	0	1	1	0	0	0	
0	0	1	1	1	0	1	1	1	1	1	1	1	1	0	1	0	0	1	1	
1	0	0	1	0	0	1	0	0	0	0	1	1	0	0	1	0	1	0	0	
1	0	1	1	1	0	1	1	0	1	1	0	0	0	1	0	0	0	1	1	
0	1	0	0	0	0	0	0	1	0	1	1	0	1	1	1	1	0	0	1	
0	1	1	0	1	0	1	0	0	0	0	1	0	1	0	1	0	1	1	1	
0	0	1	0	0	1	1	1	1	0	0	0	0	1	0	0	1	1	1	0	
1	1	0	1	0	0	1	0	0	1	1	1	1	0	1	0	1	1	1	0	
0	0	0	0	1	1	1	1	0	0	0	0	0	0	0	1	0	1	0	0	
0	1	0	1	0	1	1	1	0	1	1	0	1	0	0	1	0	0	0	0	
0	0	0	1	0	0	1	0	0	1	1	1	1	1	0	1	1	1	1	1	
0	1	0	0	1	1	0	1	0	1	1	1	0	0	0	1	1	0	1	1	
1	1	0	1	1	1	0	1	1	1	0	0	1	0	1	1	0	0	1	1	
0	0	1	0	0	1	0	0	0	0	1	1	0	0	0	1	1	1	0	0	
0	1	0	0	1	0	0	1	1	1	0	1	0	1	1	1	1	0	1	0	
0	1	0	0	0	0	0	1	1	0	0	0	1	1	1	1	0	0	1	0	
0	0	0	0	0	1	0	0	0	0	0	0	1	0	0	1	1	0	0	1	
0	0	0	0	0	0	0	1	0	1	1	0	1	0	1	1	0	0	0	0	
0	0	1	1	1	0	0	1	1	0	0	0	0	0	0	1	1	0	1	1	
0	0	0	0	0	0	0	1	0	0	0	0	0	0	0	0	1	0	1	0	
0	0	0	1	1	0	0	1	0	1	1	0	1	1	1	0	1	1	0	1	
1	1	0	0	1	0	0	1	1	1	0	0	0	0	1	0	0	1	0	1	
0	1	0	0	0	1	0	0	0	0	1	0	0	0	1	1	0	1	1	1	
1	1	1	1	1	0	1	0	0	0	1	1	1	0	1	1	0	0	0	1	
0	0	0	0	0	1	1	1	1	1	1	1	0	1	1	1	0	1	1	0	
0	0	1	0	0	1	1	0	0	1	1	1	1	0	0	0	0	0	1	1	
1	1	0	1	0	0	1	0	1	0	0	0	0	0	1	0	1	0	1	1	
0	0	1	0	1	1	0	0	1	1	1	0	0	0	0	1	0	0	0	0	
1	0	1	1	0	1	0	0	1	1	1	1	1	0	1	0	0	1	0	0	
0	1	1	0	1	0	0	1	0	1	0	0	1	1	1	1	1	0	0	1	
1	0	1	0	0	0	1	0	1	1	0	1	1	1	0	0	1	0	1	0	
1	0	0	1	0	1	0	0	1	1	0	0	1	1	0	0	1	1	1	1	
1	0	1	1	0	1	1	0	1	0	1	1	1	1	0	1	0	0	0	1	
1	1	1	0	0	0	1	1	0	1	0	0	1	0	0	1	0	1	0	1	
0	0	0	0	1	0	1	0	0	1	0	0	0	1	1	1	0	0	0	1	
1	0	1	1	1	0	0	0	1	0	1	1	0	0	1	0	0	0	1	0	
0	1	0	1	0	0	0	0	1	1	0	0	0	0	1	1	1	1	0	0	
1	0	0	0	1	1	1	1	0	1	0	0	1	1	0	0	0	0	0	1	
1	0	1	0	0	0	1	1	1	1	1	1	0	0	1	0	1	1	0	0	
0	1	1	0	0	1	1	1	0	1	1	1	0	0	0	1	0	1	0	1	
0	1	1	0	0	1	0	1	1	0	0	1	1	0	1	1	0	0	1	0	
0	1	1	1	0	0	1	1	1	0	1	1	0	0	1	0	0	1	0	1	
1	1	1	0	1	1	1	1	0	0	1	1	1	0	1	1	0	1	1	0	
1	0	0	0	1	0	1	1	1	1	0	1	0	0	0	1	0	0	1	0	
0	0	1	0	1	0	1	0	1	0	1	0	1	1	1	1	1	0	1	0	
0	1	1	1	0	1	0	1	1	1	1	0	0	1	1	0	0	1	1	0	
0	1	1	1	0	0	1	1	1	1	1	0	0	0	1	1	0	0	1	1	
0	1	0	0	1	1	1	0	1	0	0	0	0	1	1	1	1	1	1	1	
1	1	0	0	1	0	1	0	1	1	1	0	1	1	0	1	0	1	0	0	
1	1	0	1	1	0	0	1	0	0	0	0	0	0	1	1	0	0	1	0	
1	1	0	1	1	1	1	1	1	1	1	0	0	0	1	0	1	1	0	0	
1	1	0	0	1	1	0	0	0	1	1	0	0	1	0	1	0	1	0	1	
0	0	1	0	1	0	1	0	1	1	1	1	0	0	1	1	1	1	1	1	
1	1	0	1	0	1	0	0	1	1	1	1	1	0	0	1	1	0	1	0	
0	1	0	1	1	0	1	0	1	1	1	0	1	0	0	0	1	0	0	1	
1	0	0	1	0	0	1	0	0	0	1	0	0	1	0	1	1	0	0	0	
1	1	0	0	1	1	1	0	1	0	1	1	0	0	0	0	0	0	0	1	
1	0	0	0	1	1	0	0	0	0	0	1	0	0	1	0	0	0	1	1	
1	1	1	1	1	1	1	1	1	1	0	1	1	0	0	0	1	0	1	1	
1	0	0	1	0	0	0	1	1	0	0	0	1	0	0	0	0	1	0	0	
1	1	1	1	1	0	0	1	1	1	0	1	1	0	0	1	0	1	0	0	
1	1	0	0	0	1	1	1	0	0	1	0	1	1	1	1	1	1	1	0	
0	1	1	1	1	0	1	1	1	1	0	0	1	0	1	0	0	1	1	0	
0	0	0	1	0	1	0	1	0	0	0	0	1	0	1	0	0	1	1	0	
0	1	0	1	1	1	0	0	0	0	0	1	0	0	0	1	0	1	1	0	
0	1	0	1	0	0	0	0	0	1	0	0	0	1	0	1	0	0	1	1	
1	1	1	0	0	0	0	0	1	1	1	0	1	1	1	0	1	1	0	1	
1	1	1	0	0	0	1	1	1	0	0	1	0	1	0	0	0	0	1	1	
1	0	1	0	0	1	1	0	1	1	0	0	1	1	1	0	0	1	0	1	
1	0	0	0	0	0	1	1	1	1	1	0	0	1	0	1	1	0	1	1	
1	0	0	1	1	1	0	1	0	0	1	0	0	1	1	1	0	1	0	0	
0	1	0	1	0	1	1	0	1	0	1	1	0	1	1	0	1	1	0	0	
1	1	0	1	0	1	0	0	0	0	1	1	1	1	0	0	0	1	0	0	
0	0	0	1	1	1	1	1	1	1	0	0	1	1	0	1	1	0	1	0	
0	0	0	1	0	0	1	0	1	1	0	1	1	1	1	0	0	0	0	0	
1	0	1	0	0	0	0	0	0	1	1	0	1	0	0	0	1	1	0	0	
0	1	1	1	1	1	1	0	1	1	1	0	0	1	1	1	1	0	0	0	
1	0	1	1	0	0	0	1	0	0	1	1	0	1	0	1	0	1	1	0	
0	0	1	1	1	1	1	0	0	0	0	1	1	1	0	0	1	1	0	1	
1	0	1	0	1	0	0	1	0	0	0	0	1	1	0	1	0	0	0	0	
1	0	0	0	1	1	0	1	1	0	1	1	1	0	0	0	1	1	0	1	
0	1	1	0	0	0	0	1	0	1	0	1	0	0	1	1	0	1	0	1	
1	1	1	1	1	0	1	0	0	1	0	1	1	1	1	0	0	1	0	1	
0	1	0	0	0	1	0	1	1	1	0	1	1	1	0	1	1	1	0	1	
1	0	1	1	1	1	1	1	0	0	0	0	0	1	0	1	1	0	1	1	
0	0	1	0	0	1	1	1	0	0	1	0	0	1	1	1	0	0	0	1	
0	0	1	1	0	0	0	0	1	1	1	0	0	1	0	0	0	1	1	1	
1	0	1	0	0	0	0	0	1	0	1	1	1	0	1	1	1	0	1	1	
1	1	1	1	1	0	1	0	0	0	1	0	0	0	0	1	0	1	1	0	
0	1	1	1	1	1	0	1	0	1	0	0	0	0	0	0	0	1	0	0	
1	0	0	0	0	1	0	0	1	0	0	0	1	1	1	1	1	0	0	0	
1	0	1	0	1	1	0	1	1	1	1	1	1	1	0	1	1	0	0	0	
0	1	0	0	0	0	0	1	0	1	1	1	1	1	0	0	1	0	0	0	
0	0	1	0	0	0	1	1	1	0	0	0	1	0	1	1	1	0	0	0	
0	0	1	0	1	0	1	1	1	0	0	1	1	0	1	0	1	0	0	1	
1	1	1	1	1	1	1	1	0	1	1	1	1	1	1	1	0	1	0	0	
1	0	0	0	1	1	0	1	0	1	1	1	1	0	1	0	0	1	1	1	
0	0	1	1	0	0	0	1	0	0	1	0	1	1	0	0	1	0	0	1	
0	1	1	1	0	1	1	1	1	0	0	1	1	1	1	1	0	1	0	0	
1	1	1	0	1	0	0	0	1	1	1	0	1	0	0	0	0	0	1	1	
1	0	1	1	0	0	1	1	1	1	1	1	1	1	1	1	1	0	0	0	
0	1	1	0	0	0	1	0	1	0	1	1	1	1	0	1	1	1	0	1	
1	0	1	0	1	0	0	0	1	1	0	1	0	0	0	1	1	1	0	1	
0	0	1	1	0	1	1	1	0	1	1	0	1	0	1	0	1	1	1	1	
0	0	0	1	1	0	1	1	1	0	1	1	0	1	0	1	1	1	0	0	
1	1	1	1	0	1	0	1	0	0	0	1	0	0	1	0	1	1	1	1	
0	1	0	0	1	1	1	0	0	0	0	1	0	1	1	0	1	0	0	1	
1	1	0	0	1	0	1	1	0	0	1	1	0	0	0	1	1	1	0	1	
1	0	1	1	1	1	1	0	1	0	1	0	1	1	0	0	1	1	1	0	
0	0	0	1	1	1	1	1	0	0	1	1	1	0	1	1	0	0	0	0	
1	0	0	1	1	1	0	1	0	1	0	1	0	0	0	1	1	1	0	0	
1	0	1	1	0	0	1	0	1	0	1	0	0	1	1	0	1	1	0	1	
0	0	0	0	0	0	0	1	1	0	1	1	0	0	0	1	0	0	0	1	
1	1	1	1	1	1	1	0	1	1	0	1	0	1	1	1	1	1	1	0	
0	0	1	1	0	0	0	0	0	0	0	1	0	1	0	0	0	0	0	0	
1	1	0	0	0	1	1	1	0	0	0	1	0	0	1	1	0	0	0	0	
0	0	0	1	0	1	0	0	0	1	1	1	0	1	1	0	0	1	0	1	
1	0	0	0	1	0	1	0	0	1	1	0	1	0	1	0	1	0	0	0	
0	1	1	0	1	0	0	1	0	0	1	0	0	1	1	0	0	0	1	1	
0	0	1	0	1	0	0	0	1	0	0	1	0	1	1	1	0	1	0	0	
1	1	0	0	0	0	0	1	0	1	0	1	1	1	0	1	1	1	1	0	
1	0	1	0	1	1	1	1	1	1	1	0	1	0	0	1	1	1	0	1	
0	0	0	0	1	0	1	1	0	0	1	1	0	1	1	0	0	0	1	0	
1	1	1	0	0	0	0	0	0	0	0	0	1	1	1	0	0	1	1	0	
0	0	0	0	0	1	0	1	1	1	1	0	1	0	0	1	1	1	1	0	
1	0	0	0	1	0	0	0	0	0	0	1	0	1	0	1	1	0	1	1	
1	1	1	1	0	1	0	0	1	1	0	0	0	1	0	0	0	0	0	1	
0	1	1	1	0	1	0	0	0	0	1	0	1	0	1	1	1	0	0	0	
0	0	1	0	0	0	1	1	0	0	0	0	1	0	0	1	0	1	1	1	
1	1	0	0	0	1	0	1	1	0	1	0	0	1	0	1	0	0	0	0	
0	0	1	0	1	1	0	1	0	1	0	1	1	1	1	0	1	1	1	0	
0	0	0	0	1	0	0	1	0	1	0	0	1	1	0	0	0	1	1	1	
0	1	0	1	0	1	1	1	1	0	1	0	1	1	0	1	1	0	1	1	
0	1	0	0	1	1	1	1	1	1	1	0	1	1	1	0	0	1	0	1	
1	1	1	1	0	0	1	1	1	0	1	0	1	0	0	0	1	0	0	0	
0	0	1	0	0	1	1	0	1	1	0	1	0	0	1	0	0	0	1	1	
0	0	0	0	1	0	0	0	0	1	1	0	0	1	0	0	1	0	0	0	
0	0	0	1	1	0	0	0	1	0	1	0	1	0	0	0	0	0	1	0	
0	0	0	0	1	0	1	1	0	0	1	0	0	0	1	1	1	1	0	1	
0	0	1	1	0	1	0	1	1	1	1	0	1	1	1	1	1	1	0	1	
0	0	1	1	0	0	1	0	0	1	0	0	0	0	1	1	0	1	0	0	
1	1	0	1	0	0	1	1	0	1	1	1	0	1	1	0	1	0	0	1	
1	0	1	1	1	1	1	1	0	1	0	1	0	1	0	1	0	1	0	1	
1	0	1	1	1	1	0	1	0	0	1	0	1	0	0	0	0	0	0	1	
0	1	0	1	0	0	0	0	0	0	1	1	1	1	1	1	0	1	1	1	
0	1	1	0	1	1	1	0	0	1	1	1	1	0	0	0	0	1	0	0	
0	0	0	1	1	0	1	0	0	0	0	0	0	0	1	0	1	1	1	0	
1	0	0	1	0	1	0	1	1	1	0	1	0	0	0	0	0	0	0	0	
0	0	0	1	0	0	1	1	0	1	0	0	1	0	1	0	1	0	1	0	
0	1	0	1	1	1	1	0	0	0	1	0	0	0	1	1	0	0	0	1	
0	1	0	1	1	1	1	0	1	0	1	1	0	1	0	1	0	0	1	0	
0	1	0	1	0	0	0	0	0	1	1	1	0	0	0	0	1	1	1	1	

invalid rows (last execution): 
5	8	9	10	15	18	24	31	34	37	39	41	50	51	53	55	61	64	70	75	80	82	84	89	90	91	96	98	102	107	108	120	126	127	129	136	140	142	147	170	172	176	182	185	187	188	189	190	191	195	197	199	205	208	209	215	220	228	229	230	236	237	238	239	250	251	253	255	260	263	265	268	275	277	285	289	290	296	
