forbidden tuples: 
(P_3.1, P_5.0, P_9.0, P_4.1, P_10.1, P_8.0, P_12.1, P_7.0, P_19.0, P_17.0, P_11.0, P_14.0, P_1.0)
(P_11.0, P_16.1, P_5.1, P_14.1)
(P_6.0, P_17.1, P_1.1, P_12.0, P_19.1, P_2.0)
(P_13.1, P_2.1, P_7.1, P_6.1, P_15.0, P_12.0, P_8.0, P_9.0)

 ----------original covering array: 
1	0	0	0	1	1	0	1	1	1	1	0	0	1	1	1	1	0	1	1	
1	0	1	1	1	0	1	1	1	0	1	0	1	1	1	1	1	0	0	1	
0	0	0	0	0	1	1	0	1	1	0	0	0	0	0	1	0	1	0	0	
0	0	1	0	0	0	0	0	1	1	0	1	1	0	1	1	0	0	1	1	
0	0	1	1	1	1	0	1	0	0	1	0	0	1	0	1	0	0	0	1	
0	1	1	1	1	1	1	1	1	1	0	1	1	0	0	1	0	1	0	0	
0	0	0	1	1	1	0	1	1	1	0	0	0	0	1	1	1	0	0	1	
0	1	1	0	1	0	1	0	0	0	0	0	1	0	1	1	0	1	0	0	
0	1	0	0	1	1	1	1	0	1	1	0	1	1	1	0	0	1	0	0	
1	0	1	1	0	0	1	0	1	1	0	1	0	1	0	1	0	1	1	1	
1	1	1	1	1	1	1	1	1	1	1	0	0	0	1	0	1	1	0	1	
1	1	0	0	1	0	1	1	0	1	1	1	1	0	1	0	0	0	1	1	
0	1	1	1	1	1	1	0	1	0	1	0	1	1	0	0	1	0	0	0	
0	1	1	0	0	1	1	1	1	1	1	0	1	1	1	1	0	0	1	1	
0	0	1	1	0	0	1	0	0	1	0	0	1	1	0	0	0	0	0	1	
1	0	1	0	0	1	0	0	0	0	0	0	1	1	1	1	1	0	1	0	
1	0	1	1	1	1	0	1	1	1	0	0	1	1	0	0	1	0	1	1	
0	1	0	0	0	1	1	0	1	0	0	1	1	1	0	1	1	0	0	0	
1	0	0	0	1	0	1	0	1	0	0	1	0	1	1	1	1	1	0	0	
1	0	0	0	1	1	1	0	1	0	1	0	1	0	1	0	0	0	1	1	
0	0	0	1	1	1	0	0	1	0	1	0	1	0	1	1	1	1	0	0	
0	0	1	0	1	0	1	1	1	1	1	0	1	0	0	0	0	1	1	0	
1	0	1	0	1	1	1	1	1	0	1	1	1	0	0	1	1	0	0	1	
0	1	1	1	0	0	0	1	0	0	0	0	1	1	0	0	0	0	0	1	
0	0	0	1	1	0	0	0	0	1	1	1	0	0	1	0	0	1	0	1	
1	0	1	1	0	0	1	1	1	0	1	1	0	0	1	0	0	0	0	1	
0	1	0	1	0	1	0	0	1	0	0	0	1	0	0	1	0	0	1	1	
0	1	1	0	0	1	0	0	1	1	1	1	0	1	1	1	1	1	0	0	
1	0	0	0	0	0	1	1	1	0	0	1	1	0	0	1	0	1	1	0	
1	0	1	1	1	0	1	0	0	1	0	1	1	0	1	0	1	1	1	0	
1	1	1	0	1	0	1	0	0	0	1	1	0	0	0	0	1	1	0	0	
0	0	1	1	1	0	0	1	1	0	0	0	0	0	0	1	0	0	1	0	
1	1	1	0	1	1	1	1	1	0	0	1	1	1	1	0	0	1	0	1	
0	0	1	1	0	1	1	0	1	1	1	1	0	0	0	0	0	0	0	1	
0	1	1	1	0	1	0	1	1	0	0	0	0	0	0	0	0	1	0	0	
0	0	0	0	0	1	1	1	0	0	0	1	0	1	1	1	0	0	1	1	
1	1	0	1	0	0	1	0	0	1	0	1	0	0	0	1	1	0	0	0	
0	0	1	0	1	0	0	1	0	1	0	1	1	1	1	1	0	1	1	0	
1	0	1	0	1	1	1	0	1	1	0	0	0	1	1	0	0	0	0	0	
0	1	0	0	1	0	1	0	1	1	0	0	1	0	1	1	0	1	1	1	
0	0	0	1	1	1	1	1	0	0	1	0	0	0	0	0	1	0	1	1	
0	1	0	0	1	0	1	1	1	0	1	0	0	1	1	0	1	0	0	1	
1	1	1	1	0	0	1	0	1	0	0	0	0	1	1	0	1	0	0	1	
1	1	0	1	0	1	0	1	1	0	1	0	1	1	1	0	1	1	0	0	
0	1	0	1	0	0	1	0	1	1	1	0	1	0	1	0	0	0	0	0	
1	1	0	1	1	0	0	1	1	1	1	0	1	1	0	1	1	1	1	1	
1	1	0	1	1	0	1	1	0	0	0	0	1	0	0	0	1	1	0	1	
1	0	1	1	1	0	0	0	1	0	0	1	0	1	1	0	0	0	1	0	
1	1	1	0	1	1	0	0	1	1	0	1	0	0	1	0	1	1	1	1	
0	1	1	1	1	0	1	1	0	1	0	0	0	0	1	0	0	0	1	1	
0	0	0	1	1	1	1	0	0	0	0	0	1	1	0	1	1	1	1	0	
0	1	0	0	0	1	0	1	1	1	0	1	1	1	0	1	1	1	1	1	
0	1	0	1	1	1	0	1	0	1	0	0	1	0	1	0	1	1	1	0	
0	0	0	0	0	0	0	1	1	0	1	0	1	0	1	1	0	1	0	1	
1	1	1	1	1	1	1	1	1	1	1	0	0	0	0	0	0	0	1	0	
0	1	1	1	1	0	0	1	0	0	1	1	1	0	1	0	1	0	0	0	
1	0	0	0	0	1	0	1	1	1	0	0	1	1	0	1	1	0	0	0	
1	1	0	0	0	1	1	1	1	0	0	0	0	0	1	1	1	1	1	1	
1	1	0	0	0	0	0	1	0	1	1	0	0	0	0	0	1	1	0	0	
0	0	0	0	0	1	1	1	1	1	1	0	1	0	1	1	1	0	1	0	
0	0	0	1	1	0	0	0	0	0	0	0	1	1	1	0	1	0	0	0	
1	0	1	1	1	0	0	1	1	1	1	1	0	0	0	1	1	1	0	0	
1	0	0	1	1	1	0	0	1	0	0	0	1	1	1	1	0	1	1	1	
0	1	0	1	1	0	1	0	1	1	0	1	0	0	0	0	0	1	1	1	
1	0	0	0	0	0	1	1	0	1	0	0	1	1	1	0	0	1	0	1	
1	1	1	1	1	0	1	0	1	0	0	1	1	0	1	1	0	0	0	1	
0	1	1	1	0	1	0	0	1	1	0	1	1	1	1	0	1	0	1	0	
1	0	1	1	0	1	1	1	1	1	0	1	0	1	1	0	1	1	0	0	
0	1	1	1	1	1	0	1	1	0	0	0	0	1	1	1	1	1	1	0	
0	1	0	0	0	0	0	0	0	1	0	0	0	1	1	1	1	0	1	0	
1	0	0	0	1	0	0	0	0	1	1	1	0	1	0	1	0	0	0	0	
0	1	0	1	0	0	0	0	0	0	0	1	1	1	1	1	1	1	1	0	
0	1	1	0	1	1	0	1	1	0	0	0	1	0	0	0	1	0	0	1	
0	0	1	0	1	0	0	0	1	0	1	0	0	1	0	1	0	1	0	1	
0	1	1	1	1	0	0	1	0	1	0	0	0	0	0	0	1	0	1	0	
1	1	1	1	0	1	0	0	1	1	1	0	0	1	0	1	1	0	1	1	
0	0	1	0	1	1	1	1	1	0	1	1	0	0	1	1	0	1	1	1	
1	1	0	0	0	1	1	1	1	1	0	0	0	1	0	0	1	1	1	0	
1	1	1	0	1	0	0	0	1	1	1	0	1	1	1	0	1	1	1	0	
0	1	1	0	0	1	0	0	0	0	1	0	0	0	1	0	1	0	1	1	
1	1	0	0	0	1	1	0	1	1	1	1	0	1	1	0	0	0	0	1	
0	0	0	0	1	0	0	1	0	0	1	0	0	1	0	1	1	0	1	1	
1	0	1	1	0	0	0	0	0	0	1	0	1	0	0	0	0	1	1	0	
1	0	1	1	1	1	0	0	0	0	1	1	0	1	1	0	1	1	0	1	
1	0	0	1	0	1	1	1	1	1	1	0	1	0	0	1	0	1	0	1	
1	0	0	0	1	0	0	0	0	1	0	0	1	0	0	1	1	1	0	1	
1	1	0	1	0	0	0	0	0	1	1	1	1	1	1	1	0	1	1	1	
0	1	0	0	1	1	1	0	0	0	0	1	0	0	1	1	1	0	1	1	
0	0	0	1	1	0	1	1	0	1	0	0	0	0	1	1	1	1	0	0	
0	0	1	1	1	0	1	0	0	0	1	0	0	1	1	1	1	0	1	0	
1	0	1	1	1	1	0	1	0	1	0	0	0	1	0	0	0	1	1	1	
1	1	0	1	0	1	0	0	0	1	0	0	0	1	1	1	0	1	0	1	
1	0	0	0	0	0	1	0	1	1	0	0	1	0	0	0	1	0	1	1	
0	0	0	1	0	0	1	1	1	0	0	1	0	1	0	1	1	0	1	1	
0	1	1	0	0	0	0	0	1	0	1	0	1	0	0	0	1	0	1	0	
1	1	1	1	1	0	1	0	1	0	1	1	1	0	0	0	1	1	1	1	
0	1	1	1	1	0	0	1	1	1	1	1	1	1	0	0	1	1	0	1	
0	1	1	1	0	0	0	0	0	1	1	1	0	0	0	1	0	1	1	0	
0	1	0	1	0	0	1	1	1	0	0	1	1	1	1	1	0	1	0	1	
0	1	1	0	0	0	1	1	0	1	0	1	0	0	1	0	1	1	0	1	
0	0	0	1	0	1	1	0	1	0	1	0	0	1	1	1	1	0	0	1	
1	1	1	0	0	1	0	1	0	1	0	1	0	1	1	0	0	1	1	0	
1	1	0	0	0	1	1	0	0	0	1	0	1	1	0	1	1	1	0	1	
1	0	1	0	1	0	0	1	0	0	0	0	0	0	1	0	0	0	0	1	
0	0	0	1	0	0	0	0	1	0	1	0	0	1	0	0	0	0	1	1	
1	1	0	0	1	1	0	0	0	0	0	0	0	1	0	0	1	0	0	1	
1	1	0	1	1	1	0	0	1	1	1	1	1	0	0	0	0	1	1	0	
0	1	1	0	0	1	1	1	0	1	0	0	0	0	1	1	0	0	0	0	
0	0	0	1	0	1	1	1	1	1	1	1	1	1	1	0	0	1	1	1	
1	1	0	1	1	0	0	1	0	1	0	1	0	1	1	0	1	0	0	1	
1	0	0	1	0	1	1	1	0	0	0	0	1	0	0	1	0	0	0	0	
1	0	1	1	1	0	0	0	1	1	0	0	1	0	1	0	0	1	0	1	
1	1	0	0	0	0	0	1	1	1	1	0	0	0	0	0	0	0	1	1	
0	1	0	1	1	1	0	1	0	1	1	1	0	1	0	1	1	1	0	0	
0	0	0	0	0	1	0	1	0	0	0	1	1	1	1	0	1	1	0	1	
0	1	1	0	1	0	1	1	1	1	1	1	0	0	1	1	0	0	1	0	
1	0	0	0	1	0	0	1	1	0	0	1	0	1	1	0	1	1	1	1	
0	0	0	0	1	0	1	1	1	1	0	0	1	1	0	1	0	0	0	1	
0	1	1	0	1	0	1	0	0	1	1	1	1	1	1	1	1	0	0	1	
0	1	0	1	0	0	0	1	0	0	1	0	1	0	1	1	0	0	1	0	
0	0	0	0	0	0	1	0	1	0	1	1	1	1	1	0	1	1	1	0	
1	0	0	0	1	1	0	1	0	1	1	0	1	0	1	0	1	0	0	1	
1	1	1	1	1	0	0	0	0	0	0	1	1	1	0	1	1	1	0	0	
0	1	1	1	0	1	1	0	0	1	0	1	1	0	1	0	1	0	0	1	
1	1	0	0	1	0	0	0	1	1	0	1	0	0	0	1	1	0	1	0	
0	0	1	1	1	1	1	0	0	0	1	0	1	0	1	0	0	1	0	1	
0	0	1	0	1	1	1	0	0	1	0	0	0	1	1	0	1	1	1	1	
1	1	1	1	0	0	0	0	1	0	0	0	0	1	0	1	0	0	0	0	
0	0	1	1	0	0	1	0	1	1	1	1	1	0	0	1	1	0	1	0	
1	1	0	1	1	0	0	1	1	0	0	0	1	1	0	0	0	0	1	0	
1	1	1	0	0	1	0	0	0	1	0	0	1	0	0	0	0	1	0	1	
1	1	1	0	0	0	0	0	1	0	0	0	0	1	1	1	0	1	1	1	
0	0	1	1	0	0	0	1	1	1	1	0	0	1	1	0	0	1	0	0	
0	0	1	0	0	1	0	1	1	1	0	0	0	0	0	1	1	1	1	1	
1	1	0	0	1	0	1	1	1	1	1	1	1	0	1	1	1	1	0	0	
0	0	0	0	0	1	0	0	0	1	1	0	1	1	0	0	0	0	1	0	
0	0	0	0	0	0	1	1	0	1	1	1	0	1	0	1	0	1	0	1	
0	0	0	1	0	0	0	1	1	1	0	1	1	0	0	0	1	1	1	0	
0	0	0	0	0	1	1	0	0	1	0	1	1	0	1	1	0	1	0	0	
0	0	0	0	0	0	1	0	0	0	0	0	0	0	0	0	0	1	1	1	
0	1	1	0	1	0	0	0	1	1	1	0	0	0	1	1	1	0	0	1	
1	1	1	1	0	1	0	1	0	0	0	1	0	0	0	0	1	0	1	1	
1	0	1	0	0	1	1	1	0	0	1	0	0	1	0	0	0	0	1	0	
1	0	0	0	1	0	0	1	1	0	1	1	1	1	0	0	0	0	0	0	
1	1	0	1	1	0	1	1	0	0	1	0	0	1	0	1	0	1	0	0	
1	0	1	0	0	0	1	1	0	0	0	1	1	0	1	1	1	0	1	1	
1	1	1	0	0	0	1	1	1	1	0	1	1	1	0	0	0	0	0	0	
1	1	0	1	1	0	0	0	0	0	0	1	1	1	0	1	0	0	1	1	
0	0	0	1	1	1	1	0	0	1	0	1	1	1	1	0	0	0	1	1	
1	1	0	1	1	1	1	1	1	0	1	1	0	1	0	1	1	0	1	0	
1	0	1	0	0	0	0	0	0	1	0	1	0	1	0	0	1	0	1	0	
0	1	0	0	1	1	1	0	1	1	1	0	0	0	0	1	1	1	1	0	
0	1	0	1	0	0	0	1	0	0	1	1	0	1	1	0	0	1	0	1	
0	1	1	0	1	0	1	1	1	0	0	1	0	1	0	0	0	0	1	1	
0	0	1	1	0	1	1	1	1	0	0	0	1	0	1	0	0	0	1	0	
1	0	1	0	0	0	0	0	1	1	1	0	0	1	1	1	1	1	1	1	
0	0	1	0	1	1	0	0	0	0	0	1	1	0	0	0	0	0	1	0	
1	0	0	0	0	1	0	0	0	0	1	1	1	0	0	1	1	0	1	1	
1	1	1	0	0	0	0	1	1	0	1	1	0	1	1	1	1	0	1	0	
0	1	0	0	1	1	0	0	1	0	1	1	1	1	1	1	0	0	0	1	
1	1	0	1	1	1	0	0	1	1	0	1	1	0	0	1	1	1	0	1	
0	0	1	0	0	0	1	0	0	0	1	1	1	1	1	0	0	0	0	0	
0	0	0	1	1	1	0	1	1	0	0	1	0	1	1	1	0	1	0	1	
1	0	0	1	0	1	0	1	1	0	0	1	0	0	0	0	0	1	0	1	
1	1	0	0	0	0	0	0	0	0	0	1	1	0	1	0	0	0	0	0	
1	0	0	0	0	1	0	0	0	0	1	1	0	0	0	1	0	1	0	0	
0	1	0	1	1	1	1	0	1	0	0	1	0	0	1	0	1	0	0	0	
0	0	0	0	0	1	0	0	1	0	0	0	0	0	1	0	0	0	0	0	
1	1	1	0	1	1	0	1	0	0	1	0	0	0	1	1	1	1	0	0	
0	1	1	1	1	1	0	0	0	1	0	0	0	0	0	1	0	1	0	1	
0	1	1	0	0	0	0	0	1	0	1	1	1	0	0	0	0	1	0	1	
1	1	0	0	1	0	1	0	0	1	1	1	0	1	0	0	1	1	1	1	
0	0	1	1	0	1	0	1	1	0	1	1	1	1	0	1	0	1	1	0	
1	1	0	0	0	0	1	0	1	0	1	0	1	1	0	1	0	0	1	0	
0	1	0	1	0	0	0	0	1	1	0	0	0	0	1	0	1	1	1	1	
0	0	0	1	1	0	1	0	0	0	1	1	1	0	0	1	0	0	0	0	
1	0	1	1	0	0	1	0	0	1	1	0	1	1	0	1	1	1	0	0	
1	1	0	0	1	1	1	1	0	0	0	1	0	0	1	1	0	1	0	1	
1	0	0	1	0	0	1	1	1	1	0	0	0	1	1	1	0	0	1	0	
1	1	1	1	0	0	0	1	1	1	0	0	1	0	1	1	1	0	0	0	
1	1	0	1	0	0	1	1	0	1	1	1	1	1	0	0	1	0	1	0	
1	1	1	0	0	1	1	0	0	1	0	1	0	0	0	1	0	0	1	1	
0	1	0	0	1	0	0	1	0	0	0	1	0	0	0	1	0	1	1	0	
0	0	0	1	1	0	1	0	1	1	1	0	0	1	0	0	1	1	0	0	
0	0	1	1	0	0	0	0	0	0	0	1	0	0	1	1	1	1	0	1	
1	1	0	0	1	1	0	1	0	1	0	0	1	0	0	1	0	0	1	0	
0	0	1	1	0	1	1	0	0	1	1	0	0	1	1	1	0	1	1	0	
0	1	1	0	0	1	1	0	0	0	1	1	1	1	0	1	0	0	1	1	
1	0	0	1	0	1	1	0	1	0	0	1	1	1	0	0	0	1	0	1	
0	1	1	1	0	1	1	0	0	0	1	0	0	1	0	0	1	1	1	1	
1	0	1	0	1	1	1	0	1	1	1	1	1	1	0	0	0	1	1	1	
0	0	0	1	1	1	0	0	1	1	0	1	0	1	0	1	0	0	1	0	
1	0	0	1	1	0	1	1	1	0	1	1	0	0	1	0	0	1	1	0	
0	0	1	1	0	1	1	1	1	0	1	0	1	0	0	1	1	1	0	1	
0	1	0	1	0	1	1	0	1	0	1	1	0	0	0	1	1	1	1	1	
0	1	1	1	1	0	0	1	1	0	0	1	1	0	1	0	0	1	1	1	
1	0	1	1	1	0	0	1	0	1	1	1	0	0	0	1	0	0	1	1	
0	0	0	0	1	1	0	0	1	1	0	1	0	0	0	0	1	1	0	1	
0	0	1	1	1	1	0	0	0	1	1	0	1	0	1	1	1	1	1	1	
0	1	1	0	1	0	0	1	0	1	1	1	1	0	0	1	0	0	0	1	
0	1	1	1	1	0	1	0	1	0	1	1	0	1	1	1	0	1	1	0	
1	0	0	1	0	0	0	0	1	1	1	1	1	1	1	1	1	0	0	1	
1	1	0	1	1	0	0	0	0	0	1	0	0	0	1	1	1	0	1	1	
0	0	0	0	0	0	0	1	0	1	1	1	0	0	1	0	1	0	1	0	
0	1	0	1	1	0	0	0	0	1	1	0	1	1	0	0	0	0	1	1	
0	1	0	0	1	0	0	0	1	1	0	0	1	1	0	0	0	1	0	0	
1	1	0	1	1	1	1	0	1	1	0	0	1	1	1	1	1	0	1	1	
1	0	1	1	0	1	0	0	0	1	0	0	0	0	0	0	1	0	0	0	
1	0	1	1	1	1	1	0	0	1	0	1	0	1	0	1	1	0	0	1	
1	0	1	0	0	1	0	1	1	1	1	1	1	0	1	0	0	1	1	1	
1	0	1	1	1	1	1	0	1	0	0	0	0	0	0	1	1	1	1	1	
1	0	1	0	0	1	0	0	1	0	0	0	1	0	0	0	1	1	0	0	
0	0	1	0	1	0	0	0	1	0	0	1	1	1	0	0	1	0	0	1	
0	1	0	0	0	0	0	1	1	0	0	1	0	0	0	1	1	0	0	1	
1	1	1	1	0	0	1	1	0	1	1	0	0	0	1	1	0	1	0	1	
0	1	0	1	0	1	1	1	1	1	0	0	0	1	0	0	0	0	1	1	
1	1	1	1	0	0	1	1	0	1	0	0	1	0	0	1	0	1	1	0	
0	1	0	1	0	1	0	1	1	1	1	1	0	0	1	1	0	0	1	0	
0	0	1	0	1	1	0	1	0	1	1	1	1	0	0	0	1	1	0	0	
0	0	1	1	0	0	0	1	0	0	1	0	1	1	1	0	1	1	1	1	
1	0	1	0	0	0	0	1	0	1	1	0	1	1	0	0	1	0	0	1	
1	0	0	1	1	1	0	1	1	0	0	1	1	0	1	1	1	0	1	0	
1	0	0	1	0	0	0	1	0	0	0	0	0	1	0	1	1	1	1	0	
1	0	1	0	0	0	1	0	0	1	1	0	0	0	1	1	0	0	0	0	
0	0	0	1	1	0	1	1	0	0	1	1	1	0	1	1	1	1	1	1	
0	0	1	0	0	1	1	1	1	1	1	1	0	1	0	0	1	0	0	0	
1	1	1	0	1	0	1	1	0	0	0	0	1	1	1	0	1	0	1	0	
1	0	0	0	1	1	1	1	0	1	0	1	0	0	0	0	0	0	0	0	
1	1	1	1	1	1	0	0	0	1	1	0	1	1	1	0	0	0	0	0	
0	1	1	0	0	1	1	0	0	0	0	1	0	1	0	1	0	1	0	1	
1	1	1	0	1	0	1	1	0	1	0	0	0	1	0	1	1	1	1	1	
1	1	1	1	0	1	0	1	0	0	0	1	1	1	1	1	0	0	0	1	
0	1	0	0	1	1	1	1	1	1	0	1	1	0	1	0	1	0	1	0	
0	1	0	0	0	1	1	1	0	0	1	1	1	0	0	0	0	1	1	0	
0	1	1	1	0	0	1	1	1	0	1	0	0	0	0	1	1	0	0	0	
1	1	0	1	0	0	1	0	1	1	1	1	0	1	1	0	0	1	0	0	
0	0	1	0	1	0	1	0	1	1	1	1	0	0	0	0	1	0	1	1	
0	0	1	0	1	1	1	0	0	0	0	0	1	0	0	1	1	0	0	1	
1	0	0	1	0	0	0	1	0	1	0	1	1	0	1	0	0	1	0	0	
1	0	0	1	1	1	1	1	0	1	1	1	1	1	1	1	0	0	0	0	
1	0	0	0	0	1	0	1	0	0	1	0	0	1	1	1	0	0	0	1	
1	0	0	1	0	1	1	0	0	0	0	1	0	0	1	0	0	1	1	0	
1	1	0	1	1	1	1	0	0	0	0	0	0	1	1	0	0	1	1	0	
1	0	1	0	1	1	1	1	0	1	1	1	1	1	0	1	1	1	1	1	
1	1	1	0	1	1	0	0	1	1	1	0	1	1	0	1	0	1	0	0	
1	1	0	0	0	1	1	1	0	0	1	0	0	0	1	0	1	0	0	0	
1	0	1	1	0	1	1	1	0	0	0	1	1	1	0	0	1	1	1	1	
1	1	0	1	1	0	1	0	1	1	1	0	0	0	0	1	0	0	0	1	
1	0	0	1	0	1	1	1	0	1	1	1	0	1	1	1	1	1	1	0	
1	1	1	1	0	0	1	1	0	0	1	1	0	1	1	0	0	0	1	1	
0	1	1	1	1	0	1	0	0	1	0	1	0	1	1	1	0	0	0	0	
1	1	1	0	0	1	1	0	1	0	1	0	1	0	1	1	1	1	1	0	
0	0	1	1	1	1	0	1	0	0	1	1	0	1	1	0	1	0	1	0	
0	1	1	0	0	1	1	0	1	1	0	0	1	1	1	0	1	1	0	1	
0	1	0	0	1	0	0	1	0	0	0	0	1	1	1	0	0	1	1	1	
0	1	1	0	1	1	0	0	0	1	1	1	0	1	1	0	0	0	1	1	
1	0	1	1	1	0	1	1	1	1	1	0	1	0	1	0	1	0	1	0	
1	0	0	0	1	1	0	0	0	0	1	1	1	1	0	0	1	1	1	0	
0	0	1	0	1	1	0	0	0	1	0	1	1	1	1	1	1	0	0	0	
0	1	1	1	0	0	1	1	0	1	1	0	0	0	1	0	1	1	1	0	
0	1	0	1	0	1	0	0	0	0	1	1	0	1	0	0	0	0	0	0	
0	0	1	1	1	0	1	1	1	1	0	1	1	1	1	1	1	1	1	1	
0	0	0	0	0	0	1	1	0	0	0	0	0	1	0	0	1	0	0	0	
0	0	0	0	0	1	0	0	0	1	0	1	1	1	0	0	0	1	1	1	
0	1	1	0	0	0	0	1	0	0	1	0	1	1	0	1	1	1	0	0	
1	0	0	0	1	0	0	0	0	1	1	0	0	0	1	1	0	1	1	0	
0	1	0	0	1	1	1	1	1	0	1	0	0	0	0	0	0	1	0	1	
0	0	1	1	1	0	1	1	0	0	0	1	0	1	0	0	0	1	0	0	
1	0	1	0	0	1	0	1	1	1	0	1	0	1	1	1	0	0	0	1	
1	1	1	1	1	1	1	0	0	1	1	1	1	0	1	1	0	0	1	0	
0	0	0	0	1	1	0	1	1	0	1	0	0	1	0	0	0	1	1	0	
1	0	1	0	0	0	1	1	1	1	0	0	0	0	0	0	0	1	0	1	
1	0	1	1	0	1	0	0	1	0	1	1	1	0	1	1	0	0	0	0	
0	1	0	0	1	0	0	1	1	1	0	1	0	1	1	0	0	0	0	0	
0	1	0	1	0	0	1	1	0	1	0	0	1	0	0	1	1	0	0	1	
1	0	0	0	0	0	1	0	0	0	1	1	1	0	1	0	1	1	0	1	
1	1	1	0	0	1	1	0	1	0	0	1	0	0	0	0	0	0	1	0	
0	0	0	1	0	1	0	1	0	1	1	1	1	0	0	0	0	0	0	1	
1	0	1	0	1	1	1	1	1	0	0	0	1	1	1	1	0	1	0	0	
1	1	1	0	1	1	0	1	1	0	0	0	0	0	0	1	0	0	0	0	
1	1	0	1	0	1	0	1	1	0	1	1	1	0	1	0	1	0	1	1	
1	1	1	1	1	1	0	1	0	0	1	0	1	0	0	1	0	1	1	1	
1	0	0	1	0	1	1	0	0	1	1	0	0	0	1	0	1	0	1	1	
0	1	0	1	0	0	1	0	1	0	0	0	1	1	0	1	0	1	1	0	
0	0	0	0	1	0	0	1	0	0	1	0	0	0	1	1	0	0	0	0	
1	0	0	1	1	0	0	0	1	0	1	0	0	0	0	0	1	0	0	0	
0	1	1	0	1	1	0	0	0	0	1	1	0	0	1	0	0	1	1	0	
1	1	1	1	0	1	1	1	0	0	1	1	1	0	1	1	1	1	0	0	
0	0	1	0	0	0	1	0	0	0	0	1	0	0	0	1	1	1	1	0	
0	1	0	0	0	1	0	1	0	1	1	0	0	1	1	1	1	1	1	1	
0	1	1	0	1	1	1	1	0	1	0	1	1	1	0	1	1	0	1	0	
1	1	0	0	1	1	1	0	0	1	1	0	1	0	0	0	1	0	0	0	
1	1	1	0	0	0	0	1	1	0	1	1	0	1	0	0	1	1	0	1	
1	0	1	0	1	0	1	0	0	0	1	0	1	1	0	1	0	0	1	1	
0	0	1	0	1	0	0	0	1	0	0	0	0	0	1	0	1	1	1	0	
0	0	0	1	0	1	0	0	0	1	0	0	1	1	0	1	1	0	0	0	
1	0	0	0	0	1	0	0	1	0	0	0	0	0	1	1	1	1	1	0	
0	1	0	0	1	0	0	0	0	0	1	1	1	0	0	0	1	1	1	1	
0	0	0	1	1	0	0	1	1	0	1	1	1	1	0	0	1	0	1	1	
0	1	1	0	0	0	0	0	1	0	1	0	0	1	1	1	1	0	0	1	

invalid rows: 
19	38	51	63	69	93	103	118	123	148	156	163	192	207	209	223	231	251	257	259	262	279	291	292	

 ----------pgm covering array: 
1	1	0	0	1	1	0	1	0	0	1	1	1	0	1	1	1	0	1	1	
0	0	1	1	1	1	1	1	0	1	1	1	1	0	1	0	1	0	1	1	
1	1	0	0	0	0	0	0	0	1	0	0	1	0	0	0	0	1	1	0	
1	0	1	0	1	0	1	0	0	0	0	0	1	1	0	1	0	0	1	1	
0	1	1	1	0	1	0	0	0	0	1	0	1	0	1	0	1	0	0	1	
1	1	1	1	0	1	1	0	1	1	1	0	1	1	0	0	0	1	1	0	
1	1	0	1	1	1	0	1	0	0	1	0	1	0	0	0	0	0	1	1	
0	0	1	0	1	1	1	0	1	1	0	0	1	0	0	0	0	1	0	0	
1	1	0	0	1	1	1	0	1	1	1	0	0	0	1	0	1	1	0	0	
1	0	1	1	0	0	0	0	0	1	0	1	1	1	0	1	1	1	1	1	
1	1	1	1	1	1	0	1	1	1	1	1	0	0	1	0	0	1	1	1	
1	0	0	0	1	1	1	0	1	1	1	1	0	1	1	1	0	0	0	1	
0	1	1	1	0	1	1	1	1	1	0	0	0	0	1	0	1	0	1	0	
1	1	1	0	1	0	1	0	1	1	1	0	1	0	1	1	1	0	1	1	
1	0	1	1	0	0	1	0	0	1	0	0	0	0	0	0	1	0	0	1	
0	1	1	0	1	0	1	1	0	0	0	1	1	0	0	1	1	0	0	0	
1	1	1	1	0	1	1	1	0	0	1	1	0	0	0	1	1	0	1	1	
0	1	0	0	0	0	1	1	1	1	0	0	1	1	0	0	1	0	1	0	
0	0	0	0	1	1	0	1	0	1	0	1	1	1	0	0	1	1	1	0	
0	1	0	0	1	1	1	0	0	1	0	1	0	0	1	1	0	0	1	1	
0	1	0	1	1	1	1	1	0	0	0	0	1	0	1	0	0	1	1	0	
1	0	1	0	0	1	1	0	0	1	1	0	0	0	1	1	0	1	1	0	
0	1	1	0	0	1	1	1	0	1	1	1	1	1	1	0	0	0	1	1	
0	0	1	1	0	0	1	0	1	0	1	0	0	0	0	0	1	0	0	1	
1	0	0	1	1	1	0	0	0	0	0	0	0	1	1	0	0	1	0	1	
0	0	1	1	1	0	0	0	0	1	1	1	0	1	1	0	0	0	1	1	
0	1	0	1	0	0	1	0	1	0	0	0	1	0	0	1	0	0	1	1	
1	1	1	0	1	0	0	1	1	0	0	0	1	1	1	0	1	1	1	0	
0	0	0	0	0	0	1	0	0	1	1	1	1	1	0	1	0	1	1	0	
1	0	1	1	1	1	1	1	0	1	0	1	0	1	0	1	0	1	0	0	
0	0	1	0	0	1	0	1	1	1	0	1	0	1	1	0	0	1	0	0	
0	0	1	1	0	1	0	0	0	0	1	0	1	0	0	1	0	0	1	0	
0	1	1	0	1	1	1	0	1	1	1	1	0	1	0	0	1	1	1	1	
1	1	1	1	0	0	0	0	0	1	0	0	0	1	1	0	0	0	1	1	
0	1	1	1	0	0	0	0	1	0	1	0	0	0	0	0	0	1	1	0	
0	1	0	0	1	0	0	0	0	1	1	0	1	1	0	1	1	0	0	1	
1	0	0	1	0	0	0	1	1	1	0	1	1	1	0	0	0	0	0	0	
1	0	1	0	1	1	1	0	0	0	1	0	1	1	0	1	1	1	0	0	
1	1	1	0	1	1	0	0	0	1	0	1	0	0	0	0	1	0	1	0	
1	0	0	0	1	1	1	0	1	1	0	0	1	0	0	1	0	1	1	1	
0	1	0	1	0	1	0	1	0	1	1	0	0	0	1	1	0	0	0	1	
0	0	0	0	1	1	0	1	1	1	1	0	0	0	1	0	1	0	1	1	
0	0	1	1	1	0	0	1	1	1	0	1	0	0	0	0	1	0	1	1	
0	1	0	1	1	0	1	1	1	0	1	1	0	0	1	0	1	1	1	0	
1	0	0	1	1	0	1	0	1	1	0	0	0	0	1	0	0	0	1	0	
1	0	0	1	0	1	1	1	1	0	1	1	1	0	1	1	1	1	1	1	
0	0	0	1	0	1	1	1	1	1	1	1	0	0	0	0	0	1	0	1	
0	0	1	1	1	1	0	0	0	0	0	1	0	1	0	1	1	0	1	0	
1	1	1	0	1	1	0	1	1	0	0	1	0	1	0	1	0	1	1	1	
1	0	1	1	1	1	0	0	1	1	1	0	0	0	0	1	0	0	0	1	
0	1	0	1	0	1	1	1	0	1	0	0	1	0	0	1	1	1	0	0	
1	1	0	0	0	0	1	1	1	0	1	0	1	1	0	1	1	1	1	1	
1	1	0	1	1	1	1	1	1	0	1	0	0	0	0	1	0	1	0	0	
0	0	0	0	1	0	1	0	0	0	1	0	1	0	1	0	0	1	1	1	
1	1	1	1	0	1	0	0	1	1	1	1	0	0	1	1	0	0	1	0	
0	0	1	1	1	1	1	1	1	0	1	0	0	1	1	0	0	0	0	0	
1	1	0	0	0	0	1	1	0	0	1	1	1	0	0	0	1	0	1	0	
0	1	0	0	1	0	0	1	1	1	1	1	1	0	0	1	0	1	1	1	
1	0	0	0	0	0	0	1	1	0	1	1	0	0	1	0	0	1	0	0	
1	1	0	0	1	0	1	1	0	1	1	0	1	0	1	1	0	0	1	0	
0	0	0	1	1	1	1	1	0	0	0	0	0	0	0	0	1	0	0	0	
1	0	1	1	0	1	0	1	0	0	1	1	1	1	1	0	0	1	1	0	
0	1	0	1	1	1	1	0	0	0	0	1	1	0	0	1	1	1	1	1	
1	0	0	1	0	1	0	0	1	1	0	0	0	1	0	1	0	1	1	1	
1	0	0	0	1	0	1	0	0	1	1	1	0	0	0	0	1	1	0	1	
0	0	1	1	1	1	1	0	1	1	0	1	1	1	0	0	0	0	1	1	
1	1	1	1	1	0	1	1	1	0	0	0	0	1	0	1	1	0	1	0	
1	1	1	1	1	0	0	1	0	1	1	1	0	1	0	0	1	1	1	0	
0	1	1	1	1	1	0	1	1	0	1	0	1	0	0	1	1	1	1	0	
1	0	0	0	1	0	0	1	1	0	0	0	1	0	0	1	1	0	0	0	
1	0	0	0	0	1	0	0	0	0	0	1	1	1	1	0	1	0	0	0	
0	0	0	1	1	0	1	1	1	0	0	0	1	1	0	1	1	1	0	0	
0	1	1	0	0	1	1	1	1	0	1	0	0	0	0	0	0	0	1	1	
0	0	1	0	0	1	0	0	0	0	0	0	1	0	1	0	1	1	1	1	
1	0	1	1	0	1	0	1	1	0	1	0	0	0	0	1	0	0	0	0	
1	1	1	1	0	0	0	1	1	0	0	1	1	0	1	1	1	0	1	1	
0	1	1	0	1	1	0	0	0	1	1	0	1	1	1	1	0	1	1	1	
1	1	0	0	0	0	0	1	1	1	1	1	0	0	0	1	1	1	1	0	
1	0	1	0	1	1	1	1	1	0	0	1	0	0	1	1	1	1	1	0	
0	1	1	0	1	0	0	1	1	0	0	0	0	0	1	1	0	0	0	1	
1	1	0	0	1	0	0	0	1	1	0	1	0	1	1	0	1	0	1	1	
0	0	0	0	0	1	0	1	0	0	1	0	1	0	1	1	1	0	0	1	
0	0	1	1	0	0	1	0	0	0	0	1	0	0	1	1	0	1	0	0	
0	1	1	1	1	1	0	1	0	0	0	1	0	1	1	0	1	1	0	1	
1	1	0	1	0	0	1	0	0	1	1	1	1	0	1	0	0	1	1	1	
1	0	0	0	0	1	1	1	0	0	0	1	1	0	0	0	0	1	0	1	
1	0	0	1	1	0	1	0	1	0	0	1	1	1	1	1	1	1	0	1	
0	1	0	0	1	1	0	1	1	1	0	0	1	1	0	1	0	0	0	1	
1	0	0	1	1	1	0	1	0	1	1	0	1	0	0	0	0	1	0	0	
0	0	1	1	1	1	0	1	0	1	0	0	1	0	1	1	1	0	0	0	
1	1	1	1	0	1	0	0	0	0	1	1	0	0	0	1	1	1	0	1	
1	1	0	1	1	0	0	0	1	0	0	1	1	0	0	0	1	1	0	1	
1	0	0	0	0	0	1	1	0	1	0	1	0	0	0	1	0	0	1	1	
0	0	0	1	0	0	0	1	0	1	1	0	1	1	0	1	1	0	1	1	
0	0	1	0	0	0	1	1	1	0	0	0	0	0	1	1	0	0	1	0	
0	0	1	1	0	1	1	1	1	1	0	1	0	1	1	1	0	1	1	1	
1	0	1	1	0	1	1	1	1	0	1	0	0	1	1	0	1	1	1	1	
1	0	1	1	0	0	0	0	1	0	0	0	1	1	1	1	0	1	0	0	
0	0	0	1	1	0	1	0	1	1	1	0	1	1	0	0	1	1	1	1	
1	0	1	0	1	0	0	1	1	1	1	0	0	1	0	0	0	1	0	1	
0	1	0	1	1	0	0	1	0	1	0	0	1	0	1	0	1	0	1	1	
1	1	1	0	1	0	0	0	1	0	1	1	0	1	0	1	1	1	0	0	
0	1	0	0	0	0	1	1	1	1	0	1	1	0	1	0	1	1	0	1	
0	0	1	0	1	1	0	0	0	0	1	1	0	0	0	0	0	0	0	1	
0	0	0	1	0	0	0	0	0	0	0	0	0	0	1	1	1	0	1	1	
0	1	0	0	0	1	0	1	1	0	0	1	0	0	0	0	1	0	0	1	
1	1	0	1	0	1	1	0	1	0	0	1	0	1	1	1	0	1	1	0	
1	1	1	0	1	0	0	0	1	1	1	0	1	0	0	0	0	0	0	0	
1	1	0	1	1	0	1	0	0	1	1	0	0	1	1	1	1	1	1	1	
1	0	0	1	1	1	0	1	1	0	1	1	0	1	0	0	1	0	0	1	
0	1	0	1	0	0	1	0	0	1	1	1	1	0	0	0	0	0	0	0	
1	0	1	1	1	1	1	0	0	0	0	1	0	0	0	0	0	1	1	1	
1	0	0	0	0	0	0	0	1	0	1	1	0	0	1	1	0	0	1	1	
1	1	0	1	0	1	0	1	1	0	1	0	1	1	1	0	1	1	0	0	
0	1	0	0	1	0	1	1	0	0	1	0	0	1	0	0	1	1	0	1	
1	0	1	0	1	1	0	0	1	1	1	0	1	1	1	1	0	0	1	0	
0	0	0	0	1	1	0	1	0	0	1	1	0	1	0	1	1	1	1	1	
1	0	0	0	0	1	1	0	0	1	1	0	1	0	0	0	1	0	1	1	
1	0	1	0	1	1	1	1	1	1	0	0	1	1	1	0	1	0	0	1	
0	0	0	1	1	0	1	0	1	0	1	0	1	0	1	1	0	0	0	0	
0	0	0	0	1	0	1	1	0	1	0	0	0	1	1	1	1	1	1	0	
1	1	0	0	1	1	1	1	0	0	1	1	0	0	1	0	0	0	0	1	
0	0	1	1	0	1	1	1	1	0	0	1	1	1	0	0	1	1	0	0	
1	1	1	1	1	0	1	1	1	1	0	0	0	1	0	0	0	0	0	1	
1	0	0	0	0	1	0	1	1	0	0	1	1	1	0	1	0	0	1	0	
0	1	1	1	1	1	1	0	0	1	0	0	0	0	1	0	0	1	0	1	
1	1	1	0	1	1	0	1	0	1	0	0	0	0	0	1	1	1	0	1	
0	0	1	1	0	0	0	0	1	0	0	1	1	0	0	0	1	0	1	0	
1	0	1	1	0	0	1	1	0	1	0	0	1	1	1	1	0	0	1	0	
0	0	0	1	0	1	1	0	1	0	1	1	0	0	0	1	1	0	1	0	
1	1	1	0	0	0	1	0	1	0	0	1	0	0	0	0	0	1	0	1	
0	0	1	0	1	0	0	0	1	0	0	1	1	0	0	1	1	1	1	1	
1	0	1	1	1	0	0	0	0	0	1	0	0	0	1	0	1	1	1	0	
1	1	1	0	0	0	0	1	0	0	1	0	1	0	0	1	0	1	1	1	
1	0	0	0	1	1	1	1	1	1	1	1	1	1	1	0	0	1	1	0	
1	1	0	0	0	0	1	0	0	0	0	0	0	0	1	1	1	0	0	0	
1	0	0	0	0	0	0	0	0	1	1	0	1	1	1	0	1	1	0	1	
1	0	0	1	0	0	1	1	0	0	1	0	0	1	0	1	0	1	1	0	
1	1	0	0	1	0	1	0	0	1	0	0	1	1	0	0	0	1	0	0	
0	0	0	0	0	0	0	0	0	1	0	0	0	0	0	1	0	1	0	1	
1	0	1	0	1	1	0	1	1	0	0	0	1	0	1	0	0	0	1	1	
0	1	1	1	0	0	0	1	1	0	1	1	0	1	0	1	0	0	0	1	
0	1	1	0	0	0	0	0	0	1	1	1	0	0	1	1	1	0	0	0	
0	0	0	0	0	1	1	0	0	0	1	1	0	1	1	0	1	0	1	0	
0	0	0	1	0	1	0	0	1	1	1	1	1	0	1	0	1	1	0	0	
0	0	1	0	1	0	1	1	0	1	1	1	1	1	0	1	0	0	0	1	
1	0	1	0	0	0	1	0	1	1	1	1	0	1	0	0	1	0	1	0	
0	0	0	1	0	1	1	0	1	0	0	1	1	1	0	1	1	0	0	1	
1	1	0	1	1	1	1	0	0	1	0	0	0	1	0	1	1	0	0	1	
0	1	0	1	0	1	0	1	1	1	1	1	1	1	1	1	1	0	1	0	
1	0	1	0	0	0	0	1	0	0	0	1	0	1	0	1	1	0	0	0	
1	1	0	0	0	1	0	1	1	1	0	0	1	0	1	1	0	1	1	0	
0	0	0	1	1	0	0	0	1	0	1	0	0	1	1	0	1	1	0	1	
0	0	1	0	0	1	0	0	1	1	1	0	0	1	0	1	1	0	1	1	
0	1	1	1	1	0	1	0	0	1	1	0	0	0	0	1	0	0	1	0	
1	0	1	0	1	0	0	1	0	0	0	1	1	0	1	1	1	1	1	1	
0	1	1	0	0	1	1	0	0	0	0	0	0	1	0	1	0	0	0	0	
0	1	0	0	0	0	1	1	0	0	0	1	1	1	1	1	0	0	0	1	
0	0	1	0	1	0	0	1	1	0	1	1	1	1	1	1	1	0	1	0	
0	1	0	0	1	1	1	0	1	0	0	0	1	1	1	0	1	0	1	1	
1	1	0	1	0	1	1	1	1	0	0	1	1	1	0	0	0	1	1	1	
0	0	1	0	1	0	1	0	0	1	0	0	0	1	1	0	1	0	0	0	
0	1	0	1	1	1	0	0	0	0	1	0	1	1	0	0	1	1	1	1	
0	1	0	1	0	0	0	0	0	0	1	1	0	1	0	0	0	1	1	1	
0	0	0	0	1	0	1	0	1	0	0	1	0	1	0	0	0	0	0	0	
0	1	0	0	0	0	0	0	0	0	0	1	1	1	1	0	0	1	0	0	
0	1	0	1	1	1	0	1	1	1	0	0	0	1	0	0	0	0	1	0	
0	1	0	0	1	0	0	0	0	0	0	0	0	0	0	0	0	0	1	0	
0	1	1	0	1	1	0	1	1	0	1	1	1	0	1	0	0	1	0	0	
1	1	1	1	0	1	0	0	1	0	0	0	1	0	0	0	0	1	0	1	
0	0	1	0	0	0	1	0	1	0	0	0	0	1	1	0	0	1	1	1	
1	0	0	0	0	1	0	1	1	1	0	1	0	1	1	1	1	1	0	1	
0	1	1	1	0	0	1	0	0	0	1	0	1	1	1	1	1	1	1	0	
0	0	0	0	0	0	1	0	1	1	0	1	1	0	1	1	1	0	1	0	
1	0	0	1	1	0	0	1	1	0	0	0	0	0	0	1	0	1	1	1	
0	0	0	1	0	1	1	0	0	1	0	0	1	1	1	0	0	0	0	0	
1	0	1	1	0	0	1	1	0	1	0	1	1	0	1	0	1	1	0	0	
0	1	0	0	1	1	0	0	1	1	1	1	1	1	0	0	0	1	0	1	
1	0	0	1	1	0	0	0	0	1	1	1	1	0	0	1	1	0	1	0	
1	0	1	1	1	0	1	1	1	0	1	1	1	0	0	0	0	0	1	0	
1	0	0	1	0	0	1	1	1	1	1	1	0	1	1	1	1	0	0	0	
1	1	1	0	0	0	0	0	1	1	0	1	1	1	0	1	0	0	0	1	
0	0	0	0	0	1	0	0	1	0	1	0	1	1	0	1	0	1	0	0	
1	0	0	1	0	1	0	1	0	1	0	0	0	0	1	0	1	1	1	0	
0	0	1	1	1	0	0	1	0	0	0	0	1	1	0	0	0	1	0	1	
1	1	0	0	0	1	1	0	1	0	1	1	1	0	0	1	0	0	0	0	
1	1	1	1	1	0	0	0	0	1	0	0	1	0	1	1	1	1	0	0	
0	1	1	0	0	0	1	0	1	1	0	0	1	1	1	1	1	0	0	1	
0	1	0	1	0	0	1	0	0	1	0	1	0	1	0	0	1	1	1	1	
0	1	1	1	0	0	0	1	1	1	0	0	0	0	1	1	1	1	0	1	
1	1	1	0	0	1	1	0	0	1	0	1	0	1	1	1	1	1	1	1	
1	1	0	1	0	1	0	0	0	0	0	0	1	1	0	1	1	0	1	0	
0	0	0	1	1	1	0	0	0	1	1	1	0	1	1	1	0	1	1	0	
0	1	1	1	0	0	1	1	0	1	1	0	1	0	1	0	0	1	1	1	
0	1	0	1	0	0	0	1	1	1	0	0	1	1	1	1	0	1	1	1	
0	0	1	1	1	1	1	0	1	0	1	0	0	1	0	1	0	1	1	1	
1	0	1	1	0	1	0	0	0	0	1	1	1	1	1	1	0	0	0	1	
1	1	0	0	0	1	0	1	0	0	0	0	0	1	0	0	0	1	1	1	
1	1	1	1	1	1	1	1	0	0	0	0	1	0	1	1	0	1	0	1	
1	0	1	0	0	1	1	0	1	0	1	0	1	1	1	0	0	0	0	1	
0	0	1	1	1	1	0	0	1	1	0	0	1	1	1	1	1	1	1	0	
1	0	0	1	1	0	1	1	0	0	0	1	1	1	1	0	1	0	1	1	
0	0	0	1	1	1	0	1	1	0	0	1	1	0	1	1	0	0	0	1	
1	0	0	0	1	0	0	1	0	0	1	0	0	1	1	1	0	0	0	0	
1	0	0	1	0	1	1	0	1	0	0	0	0	0	1	1	1	0	0	1	
1	0	0	0	0	1	1	0	1	0	0	0	0	0	0	0	1	1	1	0	
1	1	0	1	1	1	1	1	1	1	0	1	1	0	0	1	1	0	1	1	
1	1	1	1	0	0	0	1	0	0	0	1	0	0	0	0	0	0	0	0	
1	1	1	1	0	1	0	1	0	1	0	1	1	1	0	0	1	0	0	1	
1	1	1	0	1	0	1	0	0	0	1	1	0	1	1	1	0	1	1	1	
0	1	1	1	0	1	0	1	0	1	0	1	1	0	0	1	0	1	1	1	
0	1	1	0	0	0	1	1	0	0	0	1	0	0	0	0	0	1	1	0	
0	0	1	0	0	1	1	1	0	0	0	0	0	1	0	0	1	0	1	1	
0	0	0	0	0	0	0	1	1	0	1	0	1	1	0	0	0	0	1	1	
1	0	1	1	1	0	0	0	1	1	1	1	1	0	1	0	0	1	0	1	
1	1	0	1	0	0	0	0	1	1	1	0	0	0	0	1	1	0	1	1	
1	0	1	1	0	0	1	0	1	1	1	1	1	0	0	1	0	1	0	0	
1	1	0	1	1	0	0	0	1	0	1	0	1	1	1	1	0	0	1	0	
1	1	1	0	0	1	1	1	0	0	1	0	0	1	1	0	0	1	0	0	
0	0	1	1	1	0	1	1	0	0	1	0	0	0	1	1	1	1	0	1	
1	0	1	0	0	0	1	1	0	0	1	1	0	0	1	0	1	0	0	1	
0	1	0	1	1	1	1	1	0	0	1	1	1	1	0	1	0	0	1	0	
0	0	0	1	0	0	0	1	0	0	1	1	1	0	0	1	1	1	0	0	
1	0	1	0	1	0	0	0	0	1	0	1	1	0	1	0	0	0	0	0	
0	0	0	1	1	1	1	1	0	1	1	0	1	1	1	1	0	1	0	1	
1	1	1	0	0	0	0	1	0	1	1	0	0	1	1	0	1	0	1	0	
0	0	1	0	1	1	1	1	1	1	1	1	0	0	0	1	1	0	0	0	
1	1	0	0	0	1	0	0	0	1	1	1	0	1	0	0	0	0	0	0	
1	1	1	1	1	1	1	0	1	0	0	1	0	0	1	0	1	0	0	0	
0	1	1	0	0	0	0	0	1	1	0	0	1	1	0	0	1	1	0	1	
1	0	1	0	0	1	0	1	1	1	1	1	1	0	0	1	1	1	0	1	
0	1	1	1	1	0	1	0	1	0	1	1	1	1	0	0	1	0	0	1	
1	1	0	0	1	1	1	1	1	1	1	0	0	1	0	1	0	0	1	0	
0	1	0	0	0	0	1	0	1	1	1	0	0	1	1	1	0	1	0	0	
0	0	1	1	0	0	0	1	1	1	1	0	1	0	1	0	0	0	1	0	
1	0	0	1	1	0	0	0	1	1	0	1	0	1	1	0	1	1	1	0	
1	0	1	0	0	1	0	1	0	1	0	0	0	1	1	1	0	0	1	1	
0	1	1	0	0	1	1	1	0	1	0	0	1	0	0	0	0	0	0	1	
1	0	0	1	1	0	1	0	0	0	1	1	0	1	0	0	0	1	0	0	
1	1	0	1	1	1	1	0	0	1	1	1	1	1	1	0	1	0	0	0	
0	1	0	0	1	0	0	0	0	0	1	1	1	0	1	0	1	0	0	1	
0	1	0	1	1	0	0	0	0	1	0	1	0	1	0	1	0	1	0	0	
0	1	0	1	1	1	0	0	1	1	0	1	0	0	0	1	1	1	0	0	
1	1	1	0	0	1	1	1	0	1	1	1	1	1	1	1	1	1	0	1	
1	1	1	0	0	1	1	0	1	0	0	1	1	0	1	0	1	1	1	0	
0	1	0	0	1	0	0	1	1	1	1	1	0	0	1	0	0	0	0	0	
0	1	1	1	0	0	1	1	0	1	1	1	0	1	0	1	1	1	0	1	
1	0	0	1	0	1	0	0	1	1	0	1	1	0	1	0	0	0	1	1	
1	1	0	1	1	0	0	1	0	1	1	1	1	1	1	1	1	1	0	0	
0	0	1	1	1	0	0	0	1	1	1	1	0	1	1	1	1	0	0	1	
1	0	1	1	1	1	0	0	1	1	0	0	1	1	0	0	1	0	0	0	
0	1	1	0	1	0	1	1	1	1	0	1	1	0	1	1	0	1	1	0	
0	1	1	1	1	1	0	1	0	0	1	0	0	1	1	1	1	0	0	0	
1	1	1	0	1	0	1	1	1	1	0	0	0	0	0	0	1	1	1	1	
0	0	0	0	1	1	1	0	1	0	1	0	0	0	0	1	1	1	0	1	
1	1	1	0	1	1	0	0	1	0	0	0	0	1	1	1	1	0	0	1	
1	0	1	1	1	1	1	1	0	1	1	1	0	0	1	1	0	0	1	0	
0	1	0	0	0	1	1	1	0	0	0	1	0	1	1	1	1	1	0	0	
1	1	1	0	1	1	1	1	0	0	0	0	1	1	0	0	1	0	0	0	
1	0	1	1	1	0	0	1	1	1	1	0	0	0	1	1	0	1	0	0	
0	1	0	1	0	0	0	0	1	0	0	0	0	1	1	0	1	0	0	0	
1	0	1	1	1	1	1	1	0	1	1	0	1	1	0	1	1	1	1	1	
0	0	0	0	0	0	0	1	0	1	1	0	0	0	0	0	1	0	0	0	
1	1	0	0	0	0	1	0	0	0	0	0	0	1	0	1	1	1	0	1	
0	0	1	0	0	0	1	1	1	0	1	0	1	0	1	0	1	1	0	0	
1	0	0	0	1	1	0	0	0	0	0	1	1	0	1	1	0	1	0	0	
0	1	0	0	0	1	0	0	1	1	1	0	0	0	1	0	0	1	1	1	
0	0	1	1	0	1	0	0	0	1	1	0	0	1	0	0	1	1	0	0	
1	1	1	0	1	0	0	0	0	0	1	1	1	1	0	0	1	0	1	1	
1	1	1	1	1	1	1	0	1	1	0	1	1	1	1	1	0	0	0	0	
0	1	0	0	0	1	0	0	0	0	1	0	0	0	1	1	1	1	1	0	
1	0	1	0	0	0	0	0	0	1	1	1	0	0	0	0	0	1	1	1	
0	1	1	1	1	0	1	0	0	0	0	1	1	1	1	0	0	0	1	0	
1	0	0	0	1	1	0	0	1	0	1	0	0	1	0	0	1	0	1	0	
1	0	0	1	0	0	1	1	1	1	1	0	1	0	0	0	0	0	0	1	
0	0	0	0	1	0	1	1	0	1	0	1	0	1	1	0	0	1	0	1	
0	1	1	0	0	0	0	0	1	1	0	1	0	1	0	1	0	0	1	0	
1	1	0	1	0	0	1	0	0	0	1	0	0	1	1	0	0	0	0	1	
0	1	1	0	1	1	1	0	0	1	1	1	1	0	0	0	1	1	1	0	
0	1	1	0	0	1	0	0	1	0	1	1	1	0	0	0	0	0	1	0	
0	1	0	1	1	0	1	1	1	0	1	1	0	1	1	1	0	0	1	1	
0	1	1	1	0	1	1	0	1	0	1	1	1	0	1	1	0	1	0	1	
1	1	0	1	1	0	0	1	0	1	0	1	0	0	1	1	0	0	0	1	
0	0	0	1	0	0	1	0	1	1	0	0	1	0	0	1	1	1	1	0	
0	0	0	0	1	1	0	0	0	0	1	0	1	0	1	0	0	0	0	0	
0	0	0	1	0	1	0	1	0	0	0	1	0	0	1	0	0	0	1	0	
0	1	1	0	1	1	0	0	1	0	0	0	0	1	1	1	0	1	0	0	
0	1	1	1	1	0	1	1	1	1	1	1	1	1	1	0	0	1	0	0	
0	0	1	0	0	0	0	1	0	1	0	0	1	1	0	1	0	1	0	0	
1	1	0	0	1	0	0	1	1	0	1	0	1	0	1	1	1	1	0	1	
1	1	1	0	0	1	1	1	1	1	1	0	1	1	0	1	1	0	0	0	
1	1	0	0	0	1	1	1	1	1	0	1	0	0	1	0	0	0	0	0	
0	0	1	0	0	0	0	1	1	0	1	1	0	1	1	0	1	1	1	1	
0	0	1	0	0	1	1	0	0	1	0	1	1	0	1	1	1	0	0	1	
0	0	1	0	1	1	0	1	0	0	0	0	0	0	0	1	0	1	1	0	
1	1	0	1	0	0	1	1	0	0	0	0	1	0	0	0	1	0	0	0	
0	1	0	0	1	0	0	1	0	0	0	1	1	0	0	1	0	1	1	0	
0	0	0	0	0	1	1	1	1	0	0	0	0	1	1	1	0	1	0	1	
0	0	0	1	0	1	1	1	0	0	1	0	0	1	1	1	1	0	1	1	
0	0	1	0	1	0	0	1	1	0	0	0	1	0	1	0	1	0	1	1	

invalid rows: 
133	4	30	48	49	67	72	87	88	121	149	201	242	256	270	287	

 ----------random covering array (last execution): 
1	1	1	1	1	0	0	0	0	1	1	0	0	1	1	1	1	1	1	0	
1	0	0	1	1	1	0	0	0	1	1	1	1	1	1	1	1	0	1	1	
0	0	1	0	0	1	0	0	1	1	0	0	0	0	0	0	1	1	0	0	
0	1	0	1	0	0	0	1	0	1	0	1	1	0	0	1	1	1	0	0	
0	0	1	1	1	0	0	0	0	0	0	1	0	1	1	0	1	0	1	1	
0	0	1	0	1	1	1	1	1	1	0	1	1	0	0	0	1	1	1	1	
0	0	1	1	1	0	0	0	0	1	1	0	0	0	0	1	1	1	1	1	
0	0	0	0	0	1	1	0	1	0	0	1	1	0	0	1	1	0	1	0	
0	0	1	0	1	1	1	0	1	0	0	0	1	1	1	1	0	1	1	0	
1	1	0	1	0	1	0	1	1	1	0	1	0	1	0	0	1	1	0	1	
1	0	1	1	1	1	1	0	1	1	1	1	0	0	1	1	0	1	1	1	
1	1	0	1	1	1	1	1	0	0	0	0	1	0	1	1	0	1	1	0	
0	0	1	0	0	1	1	0	0	1	1	1	1	1	1	0	0	0	1	1	
0	1	1	1	1	1	1	0	0	1	0	1	1	1	1	1	1	1	0	0	
0	0	0	1	0	1	0	0	0	0	0	1	1	1	0	0	0	1	0	1	
1	1	1	0	0	0	0	0	0	0	1	1	1	1	0	1	1	0	0	0	
1	1	1	1	1	0	0	0	0	1	1	1	1	1	0	0	0	1	1	1	
0	0	1	0	0	1	1	1	0	1	1	0	1	1	0	0	1	0	0	0	
1	0	0	0	0	1	0	1	1	1	1	0	0	1	0	1	1	0	1	0	
1	1	1	1	0	1	0	0	0	1	0	0	1	0	1	1	0	0	1	0	
0	0	1	0	0	0	0	0	1	1	1	0	1	0	1	1	1	0	1	1	
0	1	0	0	1	1	0	0	1	1	0	1	1	0	1	0	0	1	1	0	
1	0	1	1	1	1	0	1	0	1	1	1	1	0	1	0	1	0	1	0	
0	0	0	1	1	0	1	0	0	0	0	1	1	1	0	0	0	0	0	1	
0	0	0	1	0	0	0	1	1	0	0	0	0	0	1	1	0	1	1	1	
1	0	0	1	1	1	0	1	0	1	0	1	0	0	1	1	0	0	0	1	
0	1	1	1	0	0	1	0	0	1	0	0	1	0	0	0	1	0	0	1	
0	0	1	0	0	0	1	1	1	1	1	1	0	1	1	1	1	1	0	0	
1	1	0	0	1	1	0	1	1	1	0	0	1	0	0	0	1	0	0	0	
1	1	0	0	0	1	0	1	1	0	1	1	1	0	0	1	0	1	1	1	
1	0	0	0	0	1	1	1	1	0	1	1	0	0	1	0	0	0	1	0	
0	1	0	0	1	0	0	0	0	1	0	1	0	0	0	0	1	0	1	1	
1	0	1	1	1	1	1	1	1	1	0	1	1	1	0	1	0	0	1	0	
0	0	1	1	0	1	0	1	0	1	0	1	0	0	1	0	0	1	0	1	
0	0	1	0	1	0	1	0	1	1	0	1	0	0	0	0	0	0	0	1	
0	1	1	1	1	1	0	1	0	0	0	0	0	1	0	1	1	0	0	0	
1	0	0	0	0	1	1	1	0	0	1	0	0	0	0	0	1	1	0	1	
0	1	0	0	1	0	0	1	1	0	0	1	1	1	0	1	1	1	1	0	
1	0	1	0	0	1	0	0	0	1	0	1	0	1	0	1	0	1	1	0	
0	1	0	1	0	1	1	0	1	1	0	0	1	0	0	1	1	1	1	0	
0	1	1	1	1	1	0	0	0	0	1	0	0	0	1	0	0	0	1	1	
0	0	0	1	1	1	1	0	0	1	1	0	0	1	1	1	0	0	1	0	
1	0	0	1	0	1	1	0	0	1	1	1	0	1	0	1	0	0	0	1	
1	0	1	0	1	0	1	0	1	1	1	0	1	1	1	1	0	0	0	1	
0	0	0	0	0	1	1	0	0	1	0	0	1	0	1	1	0	1	0	1	
1	1	0	1	1	0	1	0	1	1	1	0	1	1	1	0	1	1	1	1	
1	0	0	1	1	1	1	0	1	0	1	0	1	0	0	0	0	0	1	1	
1	1	0	0	0	0	0	1	0	1	0	1	0	1	0	1	0	0	1	1	
1	1	1	1	0	0	1	1	1	1	1	1	0	0	0	1	0	1	1	0	
0	1	0	1	1	1	1	0	0	0	0	1	0	0	0	1	0	1	1	1	
0	1	1	0	0	1	0	0	1	0	1	0	1	1	0	0	1	0	1	1	
0	1	1	1	1	0	1	1	1	1	1	0	1	1	0	0	1	1	0	0	
0	1	1	0	1	0	1	0	1	0	1	0	1	0	0	1	0	1	1	1	
0	0	0	1	1	0	0	0	1	1	0	0	1	0	1	1	1	0	0	0	
1	1	1	0	1	1	1	0	0	1	0	1	0	0	1	0	0	1	1	1	
0	0	0	0	1	0	1	1	0	0	1	1	1	0	1	1	0	0	1	1	
1	0	1	0	1	0	0	0	0	1	1	0	1	1	0	0	1	1	0	0	
1	1	1	1	1	1	1	0	1	1	1	0	0	0	0	1	1	0	0	0	
1	0	0	0	1	0	1	0	1	0	1	0	0	0	1	0	0	1	0	0	
0	1	1	0	1	1	0	0	0	1	1	0	1	0	1	1	1	1	0	0	
0	0	0	0	0	0	0	0	0	0	1	0	1	1	0	1	0	0	1	1	
1	0	0	0	1	0	0	1	1	1	1	1	0	0	1	0	1	1	1	1	
1	1	1	1	0	0	0	0	1	1	0	0	1	1	0	1	1	0	1	1	
0	1	0	1	0	1	1	1	1	1	0	0	0	0	0	0	0	1	1	1	
1	0	0	1	1	1	0	0	1	0	0	0	1	1	0	1	0	1	0	0	
1	0	0	1	0	1	1	1	0	1	0	1	1	0	0	1	1	0	1	1	
0	1	1	0	0	0	1	1	0	1	1	1	1	1	0	1	0	1	0	1	
1	0	1	0	1	1	0	1	1	1	1	1	0	1	0	1	0	1	0	1	
0	1	1	0	1	0	1	0	1	1	1	1	0	1	0	1	1	0	1	1	
0	1	0	0	0	0	1	0	0	0	1	0	0	1	0	1	1	1	0	0	
1	0	0	0	0	0	0	1	0	0	0	0	0	1	1	0	1	1	1	0	
0	1	0	0	0	0	1	1	1	0	1	0	1	1	0	1	1	0	0	1	
0	0	1	1	1	0	1	0	0	1	1	1	1	0	0	0	0	0	1	0	
0	0	0	1	0	0	0	0	1	1	0	1	0	1	1	0	1	0	1	0	
0	1	0	0	1	0	1	0	0	0	1	1	0	0	0	0	0	1	1	1	
1	1	1	1	0	0	1	0	0	1	1	1	0	1	1	0	1	1	0	1	
0	1	1	1	1	1	0	1	1	1	0	1	0	0	1	1	1	0	1	0	
1	1	1	0	1	1	1	0	1	1	1	0	0	1	0	0	0	1	0	0	
1	1	0	0	0	0	1	0	1	1	1	1	1	1	1	1	0	1	1	0	
0	1	1	1	0	0	1	0	0	0	1	1	0	0	1	1	0	0	0	0	
1	0	1	1	0	1	1	1	0	1	0	0	0	1	1	1	0	1	0	0	
0	1	0	1	1	0	0	0	0	0	1	0	0	1	1	0	1	0	1	0	
1	1	0	0	0	0	0	0	1	0	0	1	1	0	1	0	0	0	0	1	
1	0	1	1	0	0	0	1	1	0	1	1	0	1	1	1	0	0	1	1	
1	0	1	1	1	1	0	0	1	1	0	0	1	0	1	0	1	1	0	1	
1	0	0	1	0	0	0	0	1	0	1	0	1	0	0	0	1	1	1	0	
1	1	0	1	0	0	1	1	1	0	0	0	1	1	1	1	1	1	0	1	
0	1	1	1	0	1	1	1	0	0	1	0	0	0	0	1	1	0	1	0	
0	0	0	0	1	1	0	0	1	0	1	0	0	0	0	1	1	1	1	1	
0	1	0	0	0	1	0	0	0	0	1	1	0	1	1	1	1	0	1	1	
1	1	1	1	1	0	0	0	1	0	0	1	0	1	0	0	0	1	1	1	
1	0	1	1	0	0	1	0	1	0	0	0	0	1	0	1	1	1	0	1	
1	1	0	1	0	1	0	0	0	1	1	0	1	0	0	0	0	1	0	0	
0	1	0	1	1	1	0	1	0	1	1	0	0	1	0	0	1	0	0	1	
0	1	0	0	0	0	1	0	0	1	1	1	1	0	1	0	0	0	0	0	
1	1	0	1	0	1	1	1	1	1	1	1	1	0	1	0	0	0	1	1	
0	0	0	1	1	0	1	1	1	1	1	1	1	1	1	0	0	1	1	1	
0	1	0	0	0	0	1	1	1	0	0	1	0	0	1	0	1	1	0	1	
0	0	0	1	1	1	1	1	1	1	0	0	1	1	0	1	1	0	0	1	
0	0	0	1	1	1	1	1	1	0	1	1	0	0	0	1	0	1	0	0	
0	0	1	1	0	1	0	0	0	1	1	0	0	1	1	1	1	0	0	1	
1	1	1	0	1	0	1	1	1	0	0	1	0	1	0	1	0	1	0	0	
1	0	1	1	0	1	1	0	1	0	1	0	1	1	1	0	1	0	0	0	
1	0	0	1	1	0	0	0	0	0	0	1	0	0	0	1	0	0	1	0	
0	1	0	1	0	0	0	0	0	1	0	0	0	1	1	0	0	0	0	1	
1	0	1	1	0	0	1	0	0	0	1	0	0	1	0	0	0	0	1	0	
1	1	1	0	0	0	1	1	1	1	0	0	1	0	1	0	0	1	1	1	
0	0	1	0	1	1	1	0	0	0	0	1	0	0	0	1	1	1	0	0	
0	1	1	1	1	1	0	1	1	1	0	0	1	1	1	1	0	1	0	1	
1	0	0	1	1	0	1	1	0	0	1	0	0	1	0	1	0	1	1	1	
1	0	1	0	1	1	0	0	0	0	0	0	1	0	0	0	1	0	0	1	
1	0	0	1	0	0	0	0	1	1	0	1	1	0	0	1	0	1	1	1	
1	1	0	1	1	0	1	0	0	1	0	0	0	0	1	0	0	1	0	0	
0	0	1	0	1	0	1	1	1	0	1	0	0	1	1	0	1	1	1	1	
0	0	1	1	1	0	0	1	1	0	1	0	1	1	0	1	0	0	0	0	
0	1	0	0	1	1	1	1	0	1	0	1	0	0	1	1	1	1	1	0	
1	1	0	1	1	0	0	1	1	1	1	0	0	1	0	1	0	0	1	0	
0	0	0	1	1	1	0	0	0	1	0	0	1	1	0	0	1	1	1	0	
0	0	0	1	0	1	1	1	0	0	1	1	1	1	1	1	1	1	1	0	
0	1	0	0	1	0	1	0	0	0	0	0	1	0	1	1	1	0	0	1	
0	1	0	0	0	1	0	1	1	1	1	0	1	1	1	1	0	0	0	0	
1	0	1	1	1	0	0	0	0	0	1	0	1	0	1	1	0	1	1	0	
1	0	0	0	0	0	1	1	1	0	1	1	1	1	0	0	1	0	1	1	
0	0	1	1	0	1	1	1	0	0	1	1	1	0	0	1	0	1	0	1	
1	1	0	0	0	0	1	1	0	1	1	0	0	0	0	0	1	1	1	0	
0	0	1	1	0	1	0	0	1	0	0	1	1	0	1	1	0	0	1	1	
0	1	1	1	0	1	0	0	1	0	1	1	0	1	0	1	0	1	1	0	
1	0	0	0	0	0	1	0	0	1	0	1	0	1	0	0	1	0	0	1	
0	1	0	0	0	1	0	1	0	1	1	1	1	0	1	0	1	1	0	1	
1	1	0	0	1	0	1	0	0	1	0	0	1	1	0	0	0	0	1	1	
1	0	1	1	0	0	1	0	1	0	0	1	1	0	0	0	0	1	0	0	
1	1	0	1	0	0	1	0	1	1	0	1	0	1	0	1	1	0	0	0	
0	0	0	0	1	0	0	0	1	1	0	1	0	1	1	1	0	1	0	1	
0	1	1	1	1	0	0	0	1	1	1	1	0	0	0	0	1	1	0	0	
1	0	0	0	1	1	1	1	1	1	1	0	1	0	1	1	1	1	1	0	
0	1	1	0	0	0	0	0	0	0	0	0	1	1	1	0	0	1	0	0	
0	0	0	1	1	1	0	1	1	0	0	0	0	1	1	0	1	1	0	0	
0	1	0	0	1	0	0	1	1	1	1	0	1	0	0	0	0	1	0	1	
0	0	1	0	0	1	0	1	1	0	0	0	1	0	0	1	1	1	0	0	
0	1	0	1	0	1	0	0	1	0	0	0	0	0	0	0	0	0	0	0	
0	0	0	1	0	0	1	0	0	1	1	1	0	0	1	1	1	1	1	0	
1	1	1	1	1	0	1	1	0	0	1	1	0	0	0	0	0	0	0	1	
1	1	1	0	1	1	0	0	0	0	0	1	0	1	1	0	0	0	0	0	
1	0	0	0	1	0	0	1	0	1	0	0	1	1	1	0	0	0	1	0	
1	0	0	0	1	1	1	0	1	0	0	0	0	1	1	0	1	0	1	1	
1	1	0	1	1	1	0	1	0	0	1	1	1	0	0	1	1	0	0	0	
1	0	0	0	1	1	1	1	0	1	0	1	1	1	0	0	0	1	0	0	
1	1	0	1	0	0	1	1	0	0	0	0	1	1	0	0	1	0	1	1	
0	1	1	1	0	1	0	1	0	0	0	0	1	1	0	1	0	1	1	1	
1	1	1	0	1	1	1	1	0	1	1	0	0	1	1	0	1	0	1	1	
1	1	0	0	0	0	0	1	0	0	1	1	0	1	0	0	0	1	0	0	
0	1	1	0	0	1	1	0	1	1	1	0	0	0	1	0	1	1	1	0	
0	0	0	1	1	0	1	1	1	0	0	0	0	1	1	1	0	0	0	1	
0	1	0	1	1	1	1	1	0	1	0	1	0	1	0	0	0	0	1	0	
0	1	1	0	1	1	0	0	0	1	0	1	1	0	0	1	0	0	0	1	
1	1	0	1	0	0	0	0	1	1	1	1	0	1	1	1	1	1	0	0	
0	1	1	0	0	0	0	1	0	0	0	1	1	0	0	0	0	0	1	0	
1	1	1	1	0	0	0	1	0	0	1	0	1	0	1	0	1	0	0	0	
1	1	0	0	1	0	1	1	0	1	1	1	0	1	1	1	1	0	0	0	
0	0	1	1	0	0	1	1	0	1	0	0	1	1	1	1	1	0	1	0	
1	0	1	1	0	0	1	1	1	1	1	0	1	0	0	0	1	1	1	1	
0	0	0	0	0	1	0	1	0	0	0	1	1	1	1	1	0	0	0	0	
0	0	1	1	1	0	0	1	1	1	0	0	0	1	0	1	1	0	1	1	
1	0	1	1	1	0	0	1	1	1	0	0	0	0	0	0	0	0	0	1	
1	0	0	0	0	0	1	1	0	0	0	0	1	0	0	1	0	0	0	0	
1	0	1	0	0	0	0	1	1	0	0	0	0	0	1	0	1	0	0	0	
0	0	1	0	0	1	1	1	0	1	1	0	0	0	0	1	0	0	1	1	
0	0	1	0	0	0	0	0	0	1	0	0	0	0	0	1	0	0	0	0	
1	0	1	0	1	0	1	0	1	0	1	1	0	0	1	1	1	0	1	0	
0	0	1	1	0	0	1	0	1	0	0	1	0	0	0	0	1	1	1	1	
0	0	0	1	0	0	1	1	1	1	0	1	1	0	1	0	0	0	0	0	
1	1	0	1	0	1	1	1	1	0	1	0	0	1	1	0	0	1	1	0	
0	1	1	0	1	0	0	1	1	1	0	1	1	1	1	0	1	0	0	1	
1	1	0	0	0	1	1	0	0	1	0	0	1	1	1	0	1	0	0	0	
0	1	0	1	0	0	1	0	1	1	1	0	0	0	0	1	0	1	0	1	
0	0	0	0	0	1	0	1	0	0	0	0	1	0	1	0	1	0	1	1	
1	0	0	0	0	1	0	0	1	0	1	1	1	1	1	0	1	1	0	1	
1	0	1	1	1	1	1	1	1	0	0	0	0	0	0	1	1	0	1	0	
1	1	0	0	1	1	0	0	0	1	0	0	0	1	0	1	1	1	0	1	
1	0	0	0	1	0	1	0	0	1	1	1	1	0	0	1	1	1	0	1	
1	1	0	0	1	1	1	1	0	0	1	0	1	1	1	0	0	1	0	1	
1	1	1	1	0	1	1	1	0	0	0	1	0	0	0	0	1	1	0	0	
0	1	0	0	1	0	1	1	1	0	0	0	0	0	0	0	1	0	1	0	
0	0	0	0	0	1	0	0	1	1	1	0	0	1	1	0	0	1	1	1	
0	0	0	1	0	0	0	1	1	0	1	1	0	0	0	1	1	0	0	1	
1	1	1	0	1	0	1	0	0	0	0	0	1	0	0	0	1	1	1	0	
0	1	1	0	0	1	0	0	1	0	0	1	0	1	1	1	1	1	0	1	
0	1	1	1	0	1	1	1	0	0	0	1	1	1	1	0	1	0	0	0	
1	0	1	1	0	1	0	1	1	1	0	0	1	1	0	0	0	0	0	1	
0	1	1	1	0	1	1	0	1	0	1	1	0	1	1	0	0	0	0	1	
1	1	1	1	0	1	0	1	1	1	0	1	1	1	1	0	0	1	1	0	
0	1	1	0	0	0	0	1	0	1	0	0	0	1	0	0	1	1	1	1	
1	1	0	0	1	1	0	1	1	1	0	0	0	0	1	1	0	0	1	1	
0	0	1	1	1	1	0	0	1	1	1	1	1	0	1	0	1	0	0	1	
0	1	1	1	0	1	1	1	1	1	1	0	0	0	1	0	1	0	0	1	
0	1	0	1	1	0	1	1	1	1	0	1	1	0	0	1	0	0	1	1	
1	1	0	1	1	0	0	1	0	0	0	1	0	0	1	0	1	1	1	1	
0	0	1	1	0	0	0	1	1	1	1	0	0	0	0	0	0	1	1	0	
0	1	1	1	0	0	0	0	1	0	1	1	1	0	1	1	1	1	1	1	
0	0	0	1	1	0	1	1	0	0	0	1	1	0	1	0	1	1	1	0	
0	1	0	0	0	1	1	1	1	1	0	1	0	1	1	1	1	0	1	1	
1	0	0	1	0	0	0	1	0	1	1	0	1	1	1	1	1	1	0	1	
1	1	0	1	0	0	1	0	0	0	1	0	0	0	1	1	1	0	1	1	
0	1	0	0	1	0	0	1	0	0	1	0	0	0	1	1	0	1	0	0	
0	1	0	1	0	0	1	0	0	0	0	0	1	1	1	0	0	1	1	1	
0	0	0	0	0	0	1	0	1	1	0	0	1	1	0	0	0	1	1	0	
1	1	1	1	0	1	1	0	0	1	1	0	1	1	0	1	1	1	1	1	
1	0	1	0	0	0	0	0	0	0	1	1	0	0	0	0	0	1	0	1	
1	0	1	1	0	1	0	1	0	0	1	1	0	1	0	0	1	1	1	1	
1	1	1	1	1	0	0	1	1	1	0	1	1	0	1	1	0	1	0	0	
1	1	1	1	0	1	0	0	1	1	1	1	0	0	0	0	1	0	1	1	
1	0	1	0	0	0	0	0	1	1	1	1	1	0	0	0	0	0	0	0	
0	0	0	1	0	0	0	1	0	1	1	1	1	1	0	0	0	0	1	0	
0	0	0	1	1	0	1	1	0	1	1	0	0	0	0	0	1	0	0	0	
1	0	0	1	1	1	1	0	1	0	0	1	0	0	1	1	1	1	0	1	
0	1	1	1	1	1	1	0	0	1	0	0	0	1	0	0	0	1	0	1	
1	1	0	0	1	1	1	0	1	0	0	1	1	0	0	0	1	1	0	1	
0	1	1	0	1	0	1	1	0	1	0	0	0	0	1	1	1	1	0	1	
0	0	1	0	1	0	0	1	1	0	1	1	1	0	1	0	0	1	1	0	
0	1	0	1	1	0	0	0	1	0	1	1	1	1	1	1	0	0	0	1	
1	0	0	1	1	0	0	0	0	0	1	1	1	1	1	0	0	1	0	0	
1	1	1	0	1	0	0	1	0	1	1	0	1	0	0	1	1	0	1	1	
1	1	0	0	1	0	0	0	1	0	1	0	0	1	0	0	1	0	0	1	
1	0	0	0	0	1	0	0	0	0	0	1	0	0	1	1	1	1	0	0	
0	1	0	1	1	1	0	1	1	0	1	0	1	0	1	1	1	0	1	1	
0	0	1	0	1	1	0	1	0	1	1	1	0	1	1	0	0	1	0	0	
1	1	0	0	1	1	1	0	0	0	1	1	1	1	0	1	0	0	1	0	
1	0	1	0	1	1	0	1	0	0	0	0	0	0	0	0	0	1	1	0	
1	0	1	0	0	0	1	0	0	0	0	1	1	1	1	1	0	1	1	1	
0	0	1	1	0	1	1	1	1	0	0	1	0	1	0	0	1	0	0	0	
1	1	0	1	1	1	1	0	1	0	1	1	0	1	0	0	1	1	1	0	
1	0	1	1	1	0	1	1	0	0	0	1	1	1	0	1	1	0	0	1	
0	1	1	0	1	1	1	1	0	1	1	0	1	0	0	1	0	1	1	0	
0	1	1	0	1	1	1	1	1	0	0	0	1	0	1	0	0	0	0	0	
0	0	0	0	1	1	1	0	0	1	1	1	0	0	1	0	1	0	0	1	
1	0	0	0	0	1	1	1	1	1	0	0	0	1	1	1	0	1	0	1	
0	1	0	1	0	1	0	1	0	1	1	1	0	0	1	0	0	1	1	0	
0	0	1	1	0	1	0	0	0	0	1	1	1	0	0	0	1	0	1	0	
1	0	0	0	1	0	0	1	1	0	0	0	1	0	0	1	0	1	0	1	
1	0	1	0	1	1	0	1	0	0	0	0	1	1	1	1	1	1	1	1	
1	0	1	1	1	0	0	0	0	0	0	0	0	1	1	1	1	0	0	0	
1	1	1	0	0	1	0	1	1	0	0	0	0	0	0	1	0	0	0	1	
1	1	1	0	0	1	1	0	1	0	0	0	0	1	0	1	0	0	1	1	
1	1	1	1	1	1	0	1	1	0	1	1	1	1	1	0	1	1	1	0	
1	0	1	0	0	0	1	0	1	1	0	1	1	1	1	0	1	1	1	0	
1	0	1	0	1	1	1	0	0	0	1	0	0	0	1	1	0	0	0	0	
1	1	1	1	1	1	0	1	1	0	1	1	1	1	0	0	0	0	0	1	
1	0	0	1	0	1	1	0	0	1	0	0	0	0	1	0	1	1	1	1	
1	1	1	0	1	1	0	1	1	0	1	0	0	1	1	1	1	1	0	1	
1	1	0	1	1	1	1	1	0	0	0	1	0	1	1	1	0	0	0	1	
0	0	0	0	0	1	1	1	0	0	0	1	0	1	0	1	1	1	1	1	
1	1	1	0	0	1	1	0	1	1	1	1	1	0	1	1	1	0	0	0	
0	1	1	0	1	0	0	1	0	0	1	1	0	1	1	1	0	0	1	1	
0	0	1	1	0	1	1	0	1	1	1	1	1	1	0	1	0	1	0	0	
0	1	0	1	1	0	1	0	1	0	0	0	1	1	0	1	0	0	1	0	
0	1	1	1	0	0	1	1	0	0	0	1	0	1	1	1	0	1	1	0	
1	1	0	0	1	1	0	0	0	1	1	1	1	0	1	1	0	1	1	1	
1	1	1	0	0	0	0	1	1	0	1	0	1	1	1	0	0	0	1	0	
0	0	1	0	0	0	0	1	0	0	1	1	1	1	0	1	1	1	1	0	
0	1	0	0	1	1	1	0	1	0	1	1	0	0	1	1	0	1	0	1	
0	0	1	0	0	0	1	1	0	0	0	0	0	1	1	0	0	0	0	1	
0	1	0	1	1	1	0	1	1	1	1	1	1	1	0	1	1	1	1	1	
0	0	0	0	1	1	0	0	0	0	1	0	0	1	0	0	0	0	0	0	
0	1	1	1	0	0	0	1	1	0	0	0	1	1	0	0	0	1	0	0	
0	0	0	0	1	0	1	0	1	0	1	1	1	1	1	0	1	0	0	0	
1	1	0	0	0	0	0	0	1	0	0	0	0	0	1	1	1	1	1	0	
0	0	1	1	1	1	1	0	1	1	0	0	0	0	1	0	0	0	1	0	
0	0	0	0	1	1	0	1	1	0	0	1	0	1	0	0	0	0	1	1	
1	0	1	1	1	0	0	1	0	1	0	1	0	1	0	1	1	1	0	0	
1	1	1	0	0	1	1	1	0	0	0	1	1	0	1	1	1	1	1	1	
0	1	1	0	1	0	0	0	1	1	0	0	0	1	1	0	0	0	1	0	
1	0	0	1	1	1	0	0	1	1	0	1	0	0	0	0	0	1	0	0	
1	0	1	0	0	0	0	1	0	1	0	1	1	0	1	1	1	0	0	1	
0	0	0	0	1	0	1	1	0	1	0	0	0	1	0	1	0	1	1	0	
0	0	0	1	1	1	1	0	0	0	1	0	1	0	0	0	1	1	0	1	
1	0	0	1	0	1	0	1	1	0	1	0	1	0	1	1	0	0	0	0	
1	1	1	0	0	1	1	1	0	1	0	1	0	0	0	0	0	0	0	0	
0	0	1	1	1	0	0	1	0	0	0	0	1	0	1	0	0	1	0	1	
1	0	1	0	1	1	0	0	1	1	0	1	1	1	0	1	1	0	1	0	
1	0	1	0	1	0	1	0	0	1	0	1	0	0	0	0	1	0	1	0	
1	1	1	1	1	0	1	1	0	1	1	0	1	0	1	1	0	0	0	1	
1	1	1	1	1	0	1	0	1	0	0	1	1	0	1	0	1	0	1	1	
1	1	1	1	0	1	0	0	0	0	1	0	0	0	1	1	0	1	0	1	
0	1	0	0	0	1	1	0	1	1	0	0	1	1	0	0	1	0	0	1	
0	0	0	0	1	0	0	0	0	0	0	0	0	0	1	1	1	0	1	0	
1	0	0	0	0	0	0	0	0	1	1	0	0	0	1	0	0	0	1	1	
0	1	1	0	0	0	1	1	1	0	0	1	0	0	1	1	0	0	1	0	
1	0	1	0	1	1	1	1	1	0	1	1	1	0	1	1	1	0	0	1	
0	1	0	0	0	1	0	1	1	0	1	1	0	0	0	0	1	0	0	0	
0	1	1	1	1	0	1	0	1	0	1	0	0	1	1	1	1	1	0	0	
0	1	1	0	1	1	1	1	0	0	1	1	1	1	0	0	1	1	1	0	
1	0	1	0	0	1	1	0	0	0	1	0	1	0	1	0	0	1	1	0	
1	0	0	1	1	0	1	1	1	1	1	1	0	1	1	0	0	0	0	0	
1	1	0	1	0	1	0	0	0	0	0	1	1	1	1	0	1	0	1	0	
0	1	0	0	0	0	0	0	1	1	1	1	0	0	0	1	0	0	1	0	
0	0	1	0	0	0	0	0	0	0	1	0	1	1	0	0	1	1	0	1	
1	1	1	0	0	0	0	0	1	1	1	0	0	0	0	1	1	0	0	0	
0	1	0	1	0	0	1	1	1	0	1	0	1	0	1	0	0	0	1	0	
0	1	0	1	1	0	0	1	0	1	1	0	1	1	1	0	0	0	1	1	
0	0	0	1	0	0	1	0	0	1	1	1	0	1	1	1	1	0	0	0	

invalid rows (last execution): 
9	14	33	36	38	65	71	86	99	102	109	133	153	161	163	179	207	232	240	241	250	255	269	274	279	
