forbidden tuples: 
(P_13.0, P_20.0, P_3.0, P_6.1, P_19.1)
(P_5.1, P_15.1, P_8.1, P_12.0, P_17.1, P_11.1, P_16.0, P_3.0, P_18.0, P_6.0, P_10.1, P_4.0, P_7.1, P_13.0, P_20.0)
(P_13.0, P_18.1, P_5.1, P_4.0, P_16.1, P_2.0, P_3.1, P_19.0, P_14.0, P_10.1, P_7.0, P_11.0, P_6.1, P_8.1, P_1.1)
(P_17.1, P_19.0, P_9.1, P_12.0, P_13.1, P_4.0)
(P_17.1, P_10.0, P_6.0, P_7.0)
(P_12.1, P_16.0, P_19.1, P_14.0, P_11.0, P_5.0, P_4.0, P_7.1, P_1.0, P_18.1, P_15.1, P_17.1, P_8.0, P_3.1)

 ----------original covering array: 
1	0	0	0	1	1	0	1	1	1	1	0	0	1	1	1	1	0	1	1	
1	0	1	1	1	0	1	1	1	0	1	0	1	1	1	1	1	0	0	1	
0	0	0	0	0	1	1	0	1	1	0	0	0	0	0	1	0	1	0	0	
0	0	1	0	0	0	0	0	1	1	0	1	1	0	1	1	0	0	1	1	
0	0	1	1	1	1	0	1	0	0	1	0	0	1	0	1	0	0	0	1	
0	1	1	1	1	1	1	1	1	1	0	1	1	0	0	1	0	1	0	0	
0	0	0	1	1	1	0	1	1	1	0	0	0	0	1	1	1	0	0	1	
0	1	1	0	1	0	1	0	0	0	0	0	1	0	1	1	0	1	0	0	
0	1	0	0	1	1	1	1	0	1	1	0	1	1	1	0	0	1	0	0	
1	0	1	1	0	0	1	0	1	1	0	1	0	1	0	1	0	1	1	1	
1	1	1	1	1	1	1	1	1	1	1	0	0	0	1	0	1	1	0	1	
1	1	0	0	1	0	1	1	0	1	1	1	1	0	1	0	0	0	1	1	
0	1	1	1	1	1	1	0	1	0	1	0	1	1	0	0	1	0	0	0	
0	1	1	0	0	1	1	1	1	1	1	0	1	1	1	1	0	0	1	1	
0	0	1	1	0	0	1	0	0	1	0	0	1	1	0	0	0	0	0	1	
1	0	1	0	0	1	0	0	0	0	0	0	1	1	1	1	1	0	1	0	
1	0	1	1	1	1	0	1	1	1	0	0	1	1	0	0	1	0	1	1	
0	1	0	0	0	1	1	0	1	0	0	1	1	1	0	1	1	0	0	0	
1	0	0	0	1	0	1	0	1	0	0	1	0	1	1	1	1	1	0	0	
1	0	0	0	1	1	1	0	1	0	1	0	1	0	1	0	0	0	1	1	
0	0	0	1	1	1	0	0	1	0	1	0	1	0	1	1	1	1	0	0	
0	0	1	0	1	0	1	1	1	1	1	0	1	0	0	0	0	1	1	0	
1	0	1	0	1	1	1	1	1	0	1	1	1	0	0	1	1	0	0	1	
0	1	1	1	0	0	0	1	0	0	0	0	1	1	0	0	0	0	0	1	
0	0	0	1	1	0	0	0	0	1	1	1	0	0	1	0	0	1	0	1	
1	0	1	1	0	0	1	1	1	0	1	1	0	0	1	0	0	0	0	1	
0	1	0	1	0	1	0	0	1	0	0	0	1	0	0	1	0	0	1	1	
0	1	1	0	0	1	0	0	1	1	1	1	0	1	1	1	1	1	0	0	
1	0	0	0	0	0	1	1	1	0	0	1	1	0	0	1	0	1	1	0	
1	0	1	1	1	0	1	0	0	1	0	1	1	0	1	0	1	1	1	0	
1	1	1	0	1	0	1	0	0	0	1	1	0	0	0	0	1	1	0	0	
0	0	1	1	1	0	0	1	1	0	0	0	0	0	0	1	0	0	1	0	
1	1	1	0	1	1	1	1	1	0	0	1	1	1	1	0	0	1	0	1	
0	0	1	1	0	1	1	0	1	1	1	1	0	0	0	0	0	0	0	1	
0	1	1	1	0	1	0	1	1	0	0	0	0	0	0	0	0	1	0	0	
0	0	0	0	0	1	1	1	0	0	0	1	0	1	1	1	0	0	1	1	
1	1	0	1	0	0	1	0	0	1	0	1	0	0	0	1	1	0	0	0	
0	0	1	0	1	0	0	1	0	1	0	1	1	1	1	1	0	1	1	0	
1	0	1	0	1	1	1	0	1	1	0	0	0	1	1	0	0	0	0	0	
0	1	0	0	1	0	1	0	1	1	0	0	1	0	1	1	0	1	1	1	
0	0	0	1	1	1	1	1	0	0	1	0	0	0	0	0	1	0	1	1	
0	1	0	0	1	0	1	1	1	0	1	0	0	1	1	0	1	0	0	1	
1	1	1	1	0	0	1	0	1	0	0	0	0	1	1	0	1	0	0	1	
1	1	0	1	0	1	0	1	1	0	1	0	1	1	1	0	1	1	0	0	
0	1	0	1	0	0	1	0	1	1	1	0	1	0	1	0	0	0	0	0	
1	1	0	1	1	0	0	1	1	1	1	0	1	1	0	1	1	1	1	1	
1	1	0	1	1	0	1	1	0	0	0	0	1	0	0	0	1	1	0	1	
1	0	1	1	1	0	0	0	1	0	0	1	0	1	1	0	0	0	1	0	
1	1	1	0	1	1	0	0	1	1	0	1	0	0	1	0	1	1	1	1	
0	1	1	1	1	0	1	1	0	1	0	0	0	0	1	0	0	0	1	1	
0	0	0	1	1	1	1	0	0	0	0	0	1	1	0	1	1	1	1	0	
0	1	0	0	0	1	0	1	1	1	0	1	1	1	0	1	1	1	1	1	
0	1	0	1	1	1	0	1	0	1	0	0	1	0	1	0	1	1	1	0	
0	0	0	0	0	0	0	1	1	0	1	0	1	0	1	1	0	1	0	1	
1	1	1	1	1	1	1	1	1	1	1	0	0	0	0	0	0	0	1	0	
0	1	1	1	1	0	0	1	0	0	1	1	1	0	1	0	1	0	0	0	
1	0	0	0	0	1	0	1	1	1	0	0	1	1	0	1	1	0	0	0	
1	1	0	0	0	1	1	1	1	0	0	0	0	0	1	1	1	1	1	1	
1	1	0	0	0	0	0	1	0	1	1	0	0	0	0	0	1	1	0	0	
0	0	0	0	0	1	1	1	1	1	1	0	1	0	1	1	1	0	1	0	
0	0	0	1	1	0	0	0	0	0	0	0	1	1	1	0	1	0	0	0	
1	0	1	1	1	0	0	1	1	1	1	1	0	0	0	1	1	1	0	0	
1	0	0	1	1	1	0	0	1	0	0	0	1	1	1	1	0	1	1	1	
0	1	0	1	1	0	1	0	1	1	0	1	0	0	0	0	0	1	1	1	
1	0	0	0	0	0	1	1	0	1	0	0	1	1	1	0	0	1	0	1	
1	1	1	1	1	0	1	0	1	0	0	1	1	0	1	1	0	0	0	1	
0	1	1	1	0	1	0	0	1	1	0	1	1	1	1	0	1	0	1	0	
1	0	1	1	0	1	1	1	1	1	0	1	0	1	1	0	1	1	0	0	
0	1	1	1	1	1	0	1	1	0	0	0	0	1	1	1	1	1	1	0	
0	1	0	0	0	0	0	0	0	1	0	0	0	1	1	1	1	0	1	0	
1	0	0	0	1	0	0	0	0	1	1	1	0	1	0	1	0	0	0	0	
0	1	0	1	0	0	0	0	0	0	0	1	1	1	1	1	1	1	1	0	
0	1	1	0	1	1	0	1	1	0	0	0	1	0	0	0	1	0	0	1	
0	0	1	0	1	0	0	0	1	0	1	0	0	1	0	1	0	1	0	1	
0	1	1	1	1	0	0	1	0	1	0	0	0	0	0	0	1	0	1	0	
1	1	1	1	0	1	0	0	1	1	1	0	0	1	0	1	1	0	1	1	
0	0	1	0	1	1	1	1	1	0	1	1	0	0	1	1	0	1	1	1	
1	1	0	0	0	1	1	1	1	1	0	0	0	1	0	0	1	1	1	0	
1	1	1	0	1	0	0	0	1	1	1	0	1	1	1	0	1	1	1	0	
0	1	1	0	0	1	0	0	0	0	1	0	0	0	1	0	1	0	1	1	
1	1	0	0	0	1	1	0	1	1	1	1	0	1	1	0	0	0	0	1	
0	0	0	0	1	0	0	1	0	0	1	0	0	1	0	1	1	0	1	1	
1	0	1	1	0	0	0	0	0	0	1	0	1	0	0	0	0	1	1	0	
1	0	1	1	1	1	0	0	0	0	1	1	0	1	1	0	1	1	0	1	
1	0	0	1	0	1	1	1	1	1	1	0	1	0	0	1	0	1	0	1	
1	0	0	0	1	0	0	0	0	1	0	0	1	0	0	1	1	1	0	1	
1	1	0	1	0	0	0	0	0	1	1	1	1	1	1	1	0	1	1	1	
0	1	0	0	1	1	1	0	0	0	0	1	0	0	1	1	1	0	1	1	
0	0	0	1	1	0	1	1	0	1	0	0	0	0	1	1	1	1	0	0	
0	0	1	1	1	0	1	0	0	0	1	0	0	1	1	1	1	0	1	0	
1	0	1	1	1	1	0	1	0	1	0	0	0	1	0	0	0	1	1	1	
1	1	0	1	0	1	0	0	0	1	0	0	0	1	1	1	0	1	0	1	
1	0	0	0	0	0	1	0	1	1	0	0	1	0	0	0	1	0	1	1	
0	0	0	1	0	0	1	1	1	0	0	1	0	1	0	1	1	0	1	1	
0	1	1	0	0	0	0	0	1	0	1	0	1	0	0	0	1	0	1	0	
1	1	1	1	1	0	1	0	1	0	1	1	1	0	0	0	1	1	1	1	
0	1	1	1	1	0	0	1	1	1	1	1	1	1	0	0	1	1	0	1	
0	1	1	1	0	0	0	0	0	1	1	1	0	0	0	1	0	1	1	0	
0	1	0	1	0	0	1	1	1	0	0	1	1	1	1	1	0	1	0	1	
0	1	1	0	0	0	1	1	0	1	0	1	0	0	1	0	1	1	0	1	
0	0	0	1	0	1	1	0	1	0	1	0	0	1	1	1	1	0	0	1	
1	1	1	0	0	1	0	1	0	1	0	1	0	1	1	0	0	1	1	0	
1	1	0	0	0	1	1	0	0	0	1	0	1	1	0	1	1	1	0	1	
1	0	1	0	1	0	0	1	0	0	0	0	0	0	1	0	0	0	0	1	
0	0	0	1	0	0	0	0	1	0	1	0	0	1	0	0	0	0	1	1	
1	1	0	0	1	1	0	0	0	0	0	0	0	1	0	0	1	0	0	1	
1	1	0	1	1	1	0	0	1	1	1	1	1	0	0	0	0	1	1	0	
0	1	1	0	0	1	1	1	0	1	0	0	0	0	1	1	0	0	0	0	
0	0	0	1	0	1	1	1	1	1	1	1	1	1	1	0	0	1	1	1	
1	1	0	1	1	0	0	1	0	1	0	1	0	1	1	0	1	0	0	1	
1	0	0	1	0	1	1	1	0	0	0	0	1	0	0	1	0	0	0	0	
1	0	1	1	1	0	0	0	1	1	0	0	1	0	1	0	0	1	0	1	
1	1	0	0	0	0	0	1	1	1	1	0	0	0	0	0	0	0	1	1	
0	1	0	1	1	1	0	1	0	1	1	1	0	1	0	1	1	1	0	0	
0	0	0	0	0	1	0	1	0	0	0	1	1	1	1	0	1	1	0	1	
0	1	1	0	1	0	1	1	1	1	1	1	0	0	1	1	0	0	1	0	
1	0	0	0	1	0	0	1	1	0	0	1	0	1	1	0	1	1	1	1	
0	0	0	0	1	0	1	1	1	1	0	0	1	1	0	1	0	0	0	1	
0	1	1	0	1	0	1	0	0	1	1	1	1	1	1	1	1	0	0	1	
0	1	0	1	0	0	0	1	0	0	1	0	1	0	1	1	0	0	1	0	
0	0	0	0	0	0	1	0	1	0	1	1	1	1	1	0	1	1	1	0	
1	0	0	0	1	1	0	1	0	1	1	0	1	0	1	0	1	0	0	1	
1	1	1	1	1	0	0	0	0	0	0	1	1	1	0	1	1	1	0	0	
0	1	1	1	0	1	1	0	0	1	0	1	1	0	1	0	1	0	0	1	
1	1	0	0	1	0	0	0	1	1	0	1	0	0	0	1	1	0	1	0	
0	0	1	1	1	1	1	0	0	0	1	0	1	0	1	0	0	1	0	1	
0	0	1	0	1	1	1	0	0	1	0	0	0	1	1	0	1	1	1	1	
1	1	1	1	0	0	0	0	1	0	0	0	0	1	0	1	0	0	0	0	
0	0	1	1	0	0	1	0	1	1	1	1	1	0	0	1	1	0	1	0	
1	1	0	1	1	0	0	1	1	0	0	0	1	1	0	0	0	0	1	0	
1	1	1	0	0	1	0	0	0	1	0	0	1	0	0	0	0	1	0	1	
1	1	1	0	0	0	0	0	1	0	0	0	0	1	1	1	0	1	1	1	
0	0	1	1	0	0	0	1	1	1	1	0	0	1	1	0	0	1	0	0	
0	0	1	0	0	1	0	1	1	1	0	0	0	0	0	1	1	1	1	1	
1	1	0	0	1	0	1	1	1	1	1	1	1	0	1	1	1	1	0	0	
0	0	0	0	0	1	0	0	0	1	1	0	1	1	0	0	0	0	1	0	
0	0	0	0	0	0	1	1	0	1	1	1	0	1	0	1	0	1	0	1	
0	0	0	1	0	0	0	1	1	1	0	1	1	0	0	0	1	1	1	0	
0	0	0	0	0	1	1	0	0	1	0	1	1	0	1	1	0	1	0	0	
0	0	0	0	0	0	1	0	0	0	0	0	0	0	0	0	0	1	1	1	
0	1	1	0	1	0	0	0	1	1	1	0	0	0	1	1	1	0	0	1	
1	1	1	1	0	1	0	1	0	0	0	1	0	0	0	0	1	0	1	1	
1	0	1	0	0	1	1	1	0	0	1	0	0	1	0	0	0	0	1	0	
1	0	0	0	1	0	0	1	1	0	1	1	1	1	0	0	0	0	0	0	
1	1	0	1	1	0	1	1	0	0	1	0	0	1	0	1	0	1	0	0	
1	0	1	0	0	0	1	1	0	0	0	1	1	0	1	1	1	0	1	1	
1	1	1	0	0	0	1	1	1	1	0	1	1	1	0	0	0	0	0	0	
1	1	0	1	1	0	0	0	0	0	0	1	1	1	0	1	0	0	1	1	
0	0	0	1	1	1	1	0	0	1	0	1	1	1	1	0	0	0	1	1	
1	1	0	1	1	1	1	1	1	0	1	1	0	1	0	1	1	0	1	0	
1	0	1	0	0	0	0	0	0	1	0	1	0	1	0	0	1	0	1	0	
0	1	0	0	1	1	1	0	1	1	1	0	0	0	0	1	1	1	1	0	
0	1	0	1	0	0	0	1	0	0	1	1	0	1	1	0	0	1	0	1	
0	1	1	0	1	0	1	1	1	0	0	1	0	1	0	0	0	0	1	1	
0	0	1	1	0	1	1	1	1	0	0	0	1	0	1	0	0	0	1	0	
1	0	1	0	0	0	0	0	1	1	1	0	0	1	1	1	1	1	1	1	
0	0	1	0	1	1	0	0	0	0	0	1	1	0	0	0	0	0	1	0	
1	0	0	0	0	1	0	0	0	0	1	1	1	0	0	1	1	0	1	1	
1	1	1	0	0	0	0	1	1	0	1	1	0	1	1	1	1	0	1	0	
0	1	0	0	1	1	0	0	1	0	1	1	1	1	1	1	0	0	0	1	
1	1	0	1	1	1	0	0	1	1	0	1	1	0	0	1	1	1	0	1	
0	0	1	0	0	0	1	0	0	0	1	1	1	1	1	0	0	0	0	0	
0	0	0	1	1	1	0	1	1	0	0	1	0	1	1	1	0	1	0	1	
1	0	0	1	0	1	0	1	1	0	0	1	0	0	0	0	0	1	0	1	
1	1	0	0	0	0	0	0	0	0	0	1	1	0	1	0	0	0	0	0	
1	0	0	0	0	1	0	0	0	0	1	1	0	0	0	1	0	1	0	0	
0	1	0	1	1	1	1	0	1	0	0	1	0	0	1	0	1	0	0	0	
0	0	0	0	0	1	0	0	1	0	0	0	0	0	1	0	0	0	0	0	
1	1	1	0	1	1	0	1	0	0	1	0	0	0	1	1	1	1	0	0	
0	1	1	1	1	1	0	0	0	1	0	0	0	0	0	1	0	1	0	1	
0	1	1	0	0	0	0	0	1	0	1	1	1	0	0	0	0	1	0	1	
1	1	0	0	1	0	1	0	0	1	1	1	0	1	0	0	1	1	1	1	
0	0	1	1	0	1	0	1	1	0	1	1	1	1	0	1	0	1	1	0	
1	1	0	0	0	0	1	0	1	0	1	0	1	1	0	1	0	0	1	0	
0	1	0	1	0	0	0	0	1	1	0	0	0	0	1	0	1	1	1	1	
0	0	0	1	1	0	1	0	0	0	1	1	1	0	0	1	0	0	0	0	
1	0	1	1	0	0	1	0	0	1	1	0	1	1	0	1	1	1	0	0	
1	1	0	0	1	1	1	1	0	0	0	1	0	0	1	1	0	1	0	1	
1	0	0	1	0	0	1	1	1	1	0	0	0	1	1	1	0	0	1	0	
1	1	1	1	0	0	0	1	1	1	0	0	1	0	1	1	1	0	0	0	
1	1	0	1	0	0	1	1	0	1	1	1	1	1	0	0	1	0	1	0	
1	1	1	0	0	1	1	0	0	1	0	1	0	0	0	1	0	0	1	1	
0	1	0	0	1	0	0	1	0	0	0	1	0	0	0	1	0	1	1	0	
0	0	0	1	1	0	1	0	1	1	1	0	0	1	0	0	1	1	0	0	
0	0	1	1	0	0	0	0	0	0	0	1	0	0	1	1	1	1	0	1	
1	1	0	0	1	1	0	1	0	1	0	0	1	0	0	1	0	0	1	0	
0	0	1	1	0	1	1	0	0	1	1	0	0	1	1	1	0	1	1	0	
0	1	1	0	0	1	1	0	0	0	1	1	1	1	0	1	0	0	1	1	
1	0	0	1	0	1	1	0	1	0	0	1	1	1	0	0	0	1	0	1	
0	1	1	1	0	1	1	0	0	0	1	0	0	1	0	0	1	1	1	1	
1	0	1	0	1	1	1	0	1	1	1	1	1	1	0	0	0	1	1	1	
0	0	0	1	1	1	0	0	1	1	0	1	0	1	0	1	0	0	1	0	
1	0	0	1	1	0	1	1	1	0	1	1	0	0	1	0	0	1	1	0	
0	0	1	1	0	1	1	1	1	0	1	0	1	0	0	1	1	1	0	1	
0	1	0	1	0	1	1	0	1	0	1	1	0	0	0	1	1	1	1	1	
0	1	1	1	1	0	0	1	1	0	0	1	1	0	1	0	0	1	1	1	
1	0	1	1	1	0	0	1	0	1	1	1	0	0	0	1	0	0	1	1	
0	0	0	0	1	1	0	0	1	1	0	1	0	0	0	0	1	1	0	1	
0	0	1	1	1	1	0	0	0	1	1	0	1	0	1	1	1	1	1	1	
0	1	1	0	1	0	0	1	0	1	1	1	1	0	0	1	0	0	0	1	
0	1	1	1	1	0	1	0	1	0	1	1	0	1	1	1	0	1	1	0	
1	0	0	1	0	0	0	0	1	1	1	1	1	1	1	1	1	0	0	1	
1	1	0	1	1	0	0	0	0	0	1	0	0	0	1	1	1	0	1	1	
0	0	0	0	0	0	0	1	0	1	1	1	0	0	1	0	1	0	1	0	
0	1	0	1	1	0	0	0	0	1	1	0	1	1	0	0	0	0	1	1	
0	1	0	0	1	0	0	0	1	1	0	0	1	1	0	0	0	1	0	0	
1	1	0	1	1	1	1	0	1	1	0	0	1	1	1	1	1	0	1	1	
1	0	1	1	0	1	0	0	0	1	0	0	0	0	0	0	1	0	0	0	
1	0	1	1	1	1	1	0	0	1	0	1	0	1	0	1	1	0	0	1	
1	0	1	0	0	1	0	1	1	1	1	1	1	0	1	0	0	1	1	1	
1	0	1	1	1	1	1	0	1	0	0	0	0	0	0	1	1	1	1	1	
1	0	1	0	0	1	0	0	1	0	0	0	1	0	0	0	1	1	0	0	
0	0	1	0	1	0	0	0	1	0	0	1	1	1	0	0	1	0	0	1	
0	1	0	0	0	0	0	1	1	0	0	1	0	0	0	1	1	0	0	1	
1	1	1	1	0	0	1	1	0	1	1	0	0	0	1	1	0	1	0	1	
0	1	0	1	0	1	1	1	1	1	0	0	0	1	0	0	0	0	1	1	
1	1	1	1	0	0	1	1	0	1	0	0	1	0	0	1	0	1	1	0	
0	1	0	1	0	1	0	1	1	1	1	1	0	0	1	1	0	0	1	0	
0	0	1	0	1	1	0	1	0	1	1	1	1	0	0	0	1	1	0	0	
0	0	1	1	0	0	0	1	0	0	1	0	1	1	1	0	1	1	1	1	
1	0	1	0	0	0	0	1	0	1	1	0	1	1	0	0	1	0	0	1	
1	0	0	1	1	1	0	1	1	0	0	1	1	0	1	1	1	0	1	0	
1	0	0	1	0	0	0	1	0	0	0	0	0	1	0	1	1	1	1	0	
1	0	1	0	0	0	1	0	0	1	1	0	0	0	1	1	0	0	0	0	
0	0	0	1	1	0	1	1	0	0	1	1	1	0	1	1	1	1	1	1	
0	0	1	0	0	1	1	1	1	1	1	1	0	1	0	0	1	0	0	0	
1	1	1	0	1	0	1	1	0	0	0	0	1	1	1	0	1	0	1	0	
1	0	0	0	1	1	1	1	0	1	0	1	0	0	0	0	0	0	0	0	
1	1	1	1	1	1	0	0	0	1	1	0	1	1	1	0	0	0	0	0	
0	1	1	0	0	1	1	0	0	0	0	1	0	1	0	1	0	1	0	1	
1	1	1	0	1	0	1	1	0	1	0	0	0	1	0	1	1	1	1	1	
1	1	1	1	0	1	0	1	0	0	0	1	1	1	1	1	0	0	0	1	
0	1	0	0	1	1	1	1	1	1	0	1	1	0	1	0	1	0	1	0	
0	1	0	0	0	1	1	1	0	0	1	1	1	0	0	0	0	1	1	0	
0	1	1	1	0	0	1	1	1	0	1	0	0	0	0	1	1	0	0	0	
1	1	0	1	0	0	1	0	1	1	1	1	0	1	1	0	0	1	0	0	
0	0	1	0	1	0	1	0	1	1	1	1	0	0	0	0	1	0	1	1	
0	0	1	0	1	1	1	0	0	0	0	0	1	0	0	1	1	0	0	1	
1	0	0	1	0	0	0	1	0	1	0	1	1	0	1	0	0	1	0	0	
1	0	0	1	1	1	1	1	0	1	1	1	1	1	1	1	0	0	0	0	
1	0	0	0	0	1	0	1	0	0	1	0	0	1	1	1	0	0	0	1	
1	0	0	1	0	1	1	0	0	0	0	1	0	0	1	0	0	1	1	0	
1	1	0	1	1	1	1	0	0	0	0	0	0	1	1	0	0	1	1	0	
1	0	1	0	1	1	1	1	0	1	1	1	1	1	0	1	1	1	1	1	
1	1	1	0	1	1	0	0	1	1	1	0	1	1	0	1	0	1	0	0	
1	1	0	0	0	1	1	1	0	0	1	0	0	0	1	0	1	0	0	0	
1	0	1	1	0	1	1	1	0	0	0	1	1	1	0	0	1	1	1	1	
1	1	0	1	1	0	1	0	1	1	1	0	0	0	0	1	0	0	0	1	
1	0	0	1	0	1	1	1	0	1	1	1	0	1	1	1	1	1	1	0	
1	1	1	1	0	0	1	1	0	0	1	1	0	1	1	0	0	0	1	1	
0	1	1	1	1	0	1	0	0	1	0	1	0	1	1	1	0	0	0	0	
1	1	1	0	0	1	1	0	1	0	1	0	1	0	1	1	1	1	1	0	
0	0	1	1	1	1	0	1	0	0	1	1	0	1	1	0	1	0	1	0	
0	1	1	0	0	1	1	0	1	1	0	0	1	1	1	0	1	1	0	1	
0	1	0	0	1	0	0	1	0	0	0	0	1	1	1	0	0	1	1	1	
0	1	1	0	1	1	0	0	0	1	1	1	0	1	1	0	0	0	1	1	
1	0	1	1	1	0	1	1	1	1	1	0	1	0	1	0	1	0	1	0	
1	0	0	0	1	1	0	0	0	0	1	1	1	1	0	0	1	1	1	0	
0	0	1	0	1	1	0	0	0	1	0	1	1	1	1	1	1	0	0	0	
0	1	1	1	0	0	1	1	0	1	1	0	0	0	1	0	1	1	1	0	
0	1	0	1	0	1	0	0	0	0	1	1	0	1	0	0	0	0	0	0	
0	0	1	1	1	0	1	1	1	1	0	1	1	1	1	1	1	1	1	1	
0	0	0	0	0	0	1	1	0	0	0	0	0	1	0	0	1	0	0	0	
0	0	0	0	0	1	0	0	0	1	0	1	1	1	0	0	0	1	1	1	
0	1	1	0	0	0	0	1	0	0	1	0	1	1	0	1	1	1	0	0	
1	0	0	0	1	0	0	0	0	1	1	0	0	0	1	1	0	1	1	0	
0	1	0	0	1	1	1	1	1	0	1	0	0	0	0	0	0	1	0	1	
0	0	1	1	1	0	1	1	0	0	0	1	0	1	0	0	0	1	0	0	
1	0	1	0	0	1	0	1	1	1	0	1	0	1	1	1	0	0	0	1	
1	1	1	1	1	1	1	0	0	1	1	1	1	0	1	1	0	0	1	0	
0	0	0	0	1	1	0	1	1	0	1	0	0	1	0	0	0	1	1	0	
1	0	1	0	0	0	1	1	1	1	0	0	0	0	0	0	0	1	0	1	
1	0	1	1	0	1	0	0	1	0	1	1	1	0	1	1	0	0	0	0	
0	1	0	0	1	0	0	1	1	1	0	1	0	1	1	0	0	0	0	0	
0	1	0	1	0	0	1	1	0	1	0	0	1	0	0	1	1	0	0	1	
1	0	0	0	0	0	1	0	0	0	1	1	1	0	1	0	1	1	0	1	
1	1	1	0	0	1	1	0	1	0	0	1	0	0	0	0	0	0	1	0	
0	0	0	1	0	1	0	1	0	1	1	1	1	0	0	0	0	0	0	1	
1	0	1	0	1	1	1	1	1	0	0	0	1	1	1	1	0	1	0	0	
1	1	1	0	1	1	0	1	1	0	0	0	0	0	0	1	0	0	0	0	
1	1	0	1	0	1	0	1	1	0	1	1	1	0	1	0	1	0	1	1	
1	1	1	1	1	1	0	1	0	0	1	0	1	0	0	1	0	1	1	1	
1	0	0	1	0	1	1	0	0	1	1	0	0	0	1	0	1	0	1	1	
0	1	0	1	0	0	1	0	1	0	0	0	1	1	0	1	0	1	1	0	
0	0	0	0	1	0	0	1	0	0	1	0	0	0	1	1	0	0	0	0	
1	0	0	1	1	0	0	0	1	0	1	0	0	0	0	0	1	0	0	0	
0	1	1	0	1	1	0	0	0	0	1	1	0	0	1	0	0	1	1	0	
1	1	1	1	0	1	1	1	0	0	1	1	1	0	1	1	1	1	0	0	
0	0	1	0	0	0	1	0	0	0	0	1	0	0	0	1	1	1	1	0	
0	1	0	0	0	1	0	1	0	1	1	0	0	1	1	1	1	1	1	1	
0	1	1	0	1	1	1	1	0	1	0	1	1	1	0	1	1	0	1	0	
1	1	0	0	1	1	1	0	0	1	1	0	1	0	0	0	1	0	0	0	
1	1	1	0	0	0	0	1	1	0	1	1	0	1	0	0	1	1	0	1	
1	0	1	0	1	0	1	0	0	0	1	0	1	1	0	1	0	0	1	1	
0	0	1	0	1	0	0	0	1	0	0	0	0	0	1	0	1	1	1	0	
0	0	0	1	0	1	0	0	0	1	0	0	1	1	0	1	1	0	0	0	
1	0	0	0	0	1	0	0	1	0	0	0	0	0	1	1	1	1	1	0	
0	1	0	0	1	0	0	0	0	0	1	1	1	0	0	0	1	1	1	1	
0	0	0	1	1	0	0	1	1	0	1	1	1	1	0	0	1	0	1	1	
0	1	1	0	0	0	0	0	1	0	1	0	0	1	1	1	1	0	0	1	

invalid rows: 
56	57	61	72	73	78	82	95	117	123	150	152	159	185	192	203	212	213	214	218	220	223	242	243	249	254	265	271	286	293	295	297	298	299	300	

 ----------pgm covering array: 
1	0	1	1	0	1	0	1	1	1	0	0	0	1	1	1	1	0	1	1	
1	0	1	0	1	1	0	1	1	1	1	1	0	0	1	0	1	1	1	1	
1	1	0	0	0	0	0	0	0	0	0	0	0	1	1	1	0	1	0	0	
1	0	0	1	0	0	0	0	1	0	1	1	1	1	1	0	0	0	1	0	
0	0	0	0	1	1	0	1	1	1	1	0	0	0	1	1	1	0	0	0	
1	1	0	0	1	0	1	1	0	0	1	1	1	1	1	1	1	1	0	0	
1	0	0	0	1	0	0	1	1	0	0	0	0	1	1	1	1	0	1	1	
0	1	0	0	0	0	1	0	0	0	1	1	0	0	1	0	1	1	1	0	
0	1	0	0	0	1	1	1	0	1	0	1	0	1	0	1	1	1	1	0	
1	1	1	1	1	1	0	0	1	0	1	0	1	1	1	0	0	1	0	0	
1	1	1	0	1	0	1	1	1	1	1	0	0	1	0	1	1	1	1	1	
0	0	1	1	0	0	1	1	1	1	0	1	1	1	0	0	1	1	1	0	
1	0	0	0	1	1	1	0	0	1	1	1	0	0	0	1	1	1	0	1	
1	0	0	1	0	1	1	1	1	1	1	1	0	1	1	1	0	1	1	0	
0	0	0	0	1	1	0	0	1	0	1	1	0	1	0	0	0	1	0	0	
0	0	1	1	0	1	0	0	0	0	1	1	0	0	1	1	0	0	1	1	
1	0	1	1	1	1	0	1	1	0	1	1	0	1	0	1	1	0	0	1	
1	0	0	0	0	1	1	0	0	0	0	1	1	0	1	1	0	1	0	1	
1	1	1	0	0	1	0	0	0	0	0	0	1	0	1	0	1	1	1	1	
1	0	1	1	0	0	0	0	1	1	0	1	0	0	0	1	1	1	1	0	
1	1	0	0	1	0	0	0	0	1	0	1	0	0	1	1	1	0	1	1	
1	1	0	1	0	0	0	1	0	1	1	1	0	1	0	0	1	1	0	0	
1	0	1	0	0	0	0	1	1	1	1	1	1	0	1	1	1	1	0	1	
0	0	0	0	1	1	1	1	1	0	1	1	0	0	0	0	0	0	0	0	
0	1	0	0	1	0	0	0	1	1	0	0	1	1	0	0	1	0	1	0	
1	0	1	0	1	0	0	1	1	1	1	0	1	0	0	0	0	1	1	0	
1	0	0	1	1	0	1	0	1	0	0	1	0	0	1	1	0	0	0	0	
1	1	0	0	0	1	1	0	0	1	1	0	1	1	1	1	0	0	1	1	
1	1	1	1	0	0	0	1	0	0	0	1	1	0	1	0	0	1	0	0	
0	1	1	1	1	0	0	0	0	0	1	1	1	1	0	0	1	1	1	1	
0	1	1	0	0	0	1	0	0	1	1	0	1	0	0	0	1	1	0	1	
1	0	0	1	1	0	0	1	0	0	1	0	0	0	1	0	1	0	0	0	
1	1	1	0	0	1	1	1	1	0	1	1	1	0	0	1	1	1	1	0	
1	0	0	0	1	0	0	0	1	1	1	0	1	1	0	1	0	1	0	0	
1	1	0	0	1	0	1	1	0	0	1	0	0	0	0	1	0	0	0	0	
0	0	0	1	0	1	0	1	1	0	0	0	1	0	1	1	0	1	1	0	
0	0	1	0	1	0	1	0	0	0	0	0	1	1	1	0	0	1	0	1	
0	1	0	1	0	1	0	1	0	0	1	1	1	1	1	0	1	0	1	0	
1	0	1	0	0	1	0	0	0	0	1	0	0	1	0	1	1	1	1	0	
1	1	0	1	0	0	1	0	1	0	0	1	0	1	1	0	1	1	1	0	
0	0	0	1	1	0	0	1	1	1	0	0	0	0	0	1	1	1	0	1	
1	0	0	0	0	1	1	1	1	1	0	0	0	0	0	0	1	1	1	1	
1	0	1	0	1	1	1	0	1	0	1	0	0	0	0	0	0	1	1	1	
1	1	1	0	1	1	1	1	0	1	0	1	0	0	0	1	0	0	1	1	
1	0	0	0	1	0	1	0	0	1	0	1	0	1	0	0	0	1	1	0	
1	1	1	1	1	1	1	1	1	1	0	1	0	1	1	0	1	0	0	1	
0	1	1	0	1	0	1	1	1	0	0	1	0	0	0	0	1	1	0	1	
1	0	1	1	1	1	0	0	0	0	1	0	1	0	0	0	1	0	1	0	
1	1	1	1	0	0	1	0	1	0	1	0	1	1	0	1	1	0	1	1	
0	0	0	1	1	0	1	1	1	0	1	0	0	1	0	0	1	1	1	0	
0	1	0	1	1	1	0	0	0	0	0	1	0	0	1	1	1	1	0	1	
1	1	0	1	0	1	1	1	1	0	0	1	1	1	1	1	0	0	0	1	
0	1	0	1	1	0	1	1	0	0	0	1	0	1	0	1	1	0	1	1	
1	1	0	0	0	0	0	1	1	1	0	1	0	0	1	0	0	0	1	0	
1	0	1	1	1	0	1	1	0	1	1	0	0	1	0	1	1	1	0	0	
0	0	0	0	1	0	1	1	0	1	1	1	1	0	0	0	1	0	1	1	
1	0	1	0	0	1	0	1	0	0	0	1	0	1	1	1	0	0	0	1	
1	1	1	1	0	0	1	1	1	0	0	0	0	0	1	1	0	1	1	1	
0	1	1	0	0	0	1	1	0	1	0	0	0	1	0	0	0	0	0	1	
1	0	0	1	0	0	0	1	0	1	0	1	0	1	1	1	0	1	1	1	
0	0	0	0	1	1	0	0	0	0	0	1	0	0	0	0	1	0	1	1	
1	1	1	0	1	0	0	1	0	1	1	0	1	1	1	0	1	0	0	1	
1	1	1	1	1	1	0	0	1	0	0	1	0	0	1	1	1	0	1	0	
1	1	0	1	1	0	1	0	1	0	0	0	1	1	0	0	1	1	0	0	
0	1	1	0	0	1	0	1	1	0	0	1	0	1	0	0	0	1	1	0	
1	0	1	0	1	0	1	0	1	0	1	1	1	0	1	0	1	1	1	0	
1	0	0	1	1	1	1	0	0	0	1	1	1	1	0	1	0	0	1	1	
1	1	1	0	1	1	0	1	0	0	1	0	1	1	0	1	0	1	1	1	
1	1	0	1	1	1	1	1	0	0	1	0	0	0	1	1	1	0	1	1	
0	0	0	1	0	1	1	0	0	0	0	0	0	1	1	0	0	0	1	1	
0	0	1	0	0	1	0	0	0	1	0	0	1	1	1	0	1	0	0	0	
0	1	0	1	1	1	1	0	0	0	0	1	1	0	1	0	0	0	1	1	
1	0	0	0	0	0	1	1	1	0	1	1	0	0	0	1	1	0	0	1	
1	1	0	0	0	1	0	0	1	1	1	0	0	0	1	0	1	0	0	0	
0	0	0	1	1	0	1	1	0	0	1	0	0	1	0	0	1	0	0	1	
1	0	1	1	1	1	1	0	1	1	1	0	0	1	1	1	0	0	0	1	
1	1	0	1	0	0	0	1	1	1	1	0	1	0	1	1	1	1	1	0	
1	1	1	1	0	1	1	1	0	0	0	0	0	1	0	1	0	1	0	1	
1	1	1	1	0	1	1	0	0	1	1	1	0	1	0	0	1	0	1	1	
0	0	0	1	0	0	1	0	1	1	1	0	0	0	0	1	0	0	1	1	
1	0	1	0	0	1	1	0	1	1	0	0	1	1	0	1	0	1	1	0	
0	0	0	1	0	1	0	1	1	1	0	0	0	0	1	0	1	0	0	1	
0	1	1	1	1	0	0	0	0	1	1	1	0	0	0	0	0	0	0	0	
0	1	1	0	1	1	0	0	1	1	1	0	1	0	0	1	1	0	1	1	
1	1	1	0	1	0	0	1	1	1	0	1	0	1	1	1	0	1	0	0	
0	1	1	0	0	0	0	0	1	0	0	1	0	1	1	0	1	0	0	1	
0	1	1	1	1	1	1	0	1	1	0	1	1	1	1	0	0	0	1	0	
0	0	0	1	0	0	1	0	1	0	0	0	1	0	1	1	1	1	1	1	
0	1	0	0	1	0	0	1	0	0	0	0	0	1	1	0	1	1	1	1	
0	0	0	1	1	1	0	0	0	1	1	0	0	0	1	0	1	1	1	1	
0	1	1	1	1	1	0	1	1	0	1	0	0	1	0	1	1	0	0	0	
0	1	1	0	1	1	1	0	1	0	0	0	0	1	1	1	0	0	1	0	
1	0	1	1	0	0	0	0	1	0	0	1	0	1	0	0	0	1	0	1	
1	0	0	1	1	1	0	1	1	0	0	0	1	0	1	0	0	1	0	1	
1	0	0	1	0	0	1	0	0	1	1	1	0	0	0	0	0	0	0	1	
1	1	1	1	1	0	1	0	1	1	1	1	1	0	0	0	1	1	0	1	
1	1	0	0	1	1	1	1	1	1	1	1	1	1	0	0	1	0	0	1	
0	1	0	1	1	0	1	0	0	1	1	0	1	1	1	0	0	0	0	0	
1	1	0	0	1	1	1	1	1	0	0	1	1	0	1	0	0	1	1	0	
0	1	0	0	0	0	1	1	1	0	1	0	1	1	0	0	0	1	1	1	
1	0	0	0	1	1	0	0	1	1	0	0	0	0	1	1	0	1	1	1	
0	1	1	1	0	1	1	1	0	0	1	0	1	1	0	1	0	0	1	0	
0	1	1	0	0	1	1	0	1	1	0	1	0	0	1	1	0	1	0	1	
0	0	1	0	0	0	0	1	1	0	1	0	0	0	0	0	1	0	1	0	
1	0	0	1	1	1	0	0	1	1	0	0	0	0	0	0	0	0	0	0	
0	0	1	0	0	1	1	0	1	0	0	0	0	0	0	1	1	0	0	1	
1	1	1	1	1	0	1	0	0	1	0	1	1	1	0	1	1	0	0	0	
0	0	0	0	0	0	1	1	0	0	1	0	0	1	1	1	0	1	1	0	
1	1	0	1	1	1	0	1	1	1	0	1	1	1	0	1	0	1	1	0	
0	0	1	0	1	1	1	1	1	0	0	0	1	1	0	0	1	0	1	1	
0	0	1	0	1	0	0	1	0	0	0	1	0	0	1	1	0	1	0	0	
1	1	1	0	1	0	0	0	1	0	1	1	0	1	0	0	1	0	1	0	
1	0	1	1	0	0	1	1	1	1	0	0	0	1	0	0	0	0	0	0	
0	1	0	0	1	1	1	1	0	1	0	0	1	1	1	1	1	0	0	1	
0	1	0	0	0	1	0	1	1	0	0	1	1	0	0	1	0	0	1	1	
1	0	0	1	0	0	1	1	0	1	1	0	1	1	1	0	1	1	1	0	
1	1	1	1	0	1	0	1	1	0	0	0	1	0	0	0	1	0	1	1	
1	0	0	0	0	1	0	1	1	0	0	1	0	1	1	0	1	1	0	0	
0	0	0	0	0	1	1	0	1	1	1	1	1	1	1	0	1	1	1	1	
0	0	0	1	1	0	1	1	0	1	0	1	0	0	1	0	0	0	1	0	
1	1	0	1	0	1	0	0	0	1	0	1	1	0	0	0	0	1	1	1	
0	0	1	0	0	0	0	1	1	1	0	1	0	1	0	1	1	0	1	1	
0	1	1	0	1	1	1	0	0	0	1	1	1	0	1	0	1	0	0	1	
0	0	0	0	1	0	1	0	1	0	1	1	1	1	0	1	0	1	1	1	
1	0	1	1	0	0	1	0	0	0	0	0	1	1	1	0	1	0	0	1	
0	1	0	0	1	0	0	0	1	1	1	1	0	0	0	1	1	1	1	0	
0	1	0	1	0	1	0	0	1	0	1	0	0	1	0	1	1	1	1	1	
1	0	1	0	1	1	1	0	0	0	1	0	0	0	1	0	0	0	0	0	
1	0	0	1	1	0	0	0	0	1	1	1	1	1	1	0	0	1	0	1	
1	0	1	1	1	1	1	1	0	0	0	1	0	0	0	0	1	0	0	0	
0	1	1	0	0	0	1	0	1	0	1	1	0	1	0	1	0	0	0	0	
1	1	1	1	0	1	1	0	1	0	1	0	0	0	1	0	0	0	1	0	
1	1	0	0	1	1	0	1	0	1	1	0	0	1	0	0	0	0	1	0	
1	1	0	1	0	0	0	1	1	0	1	0	0	1	1	1	0	0	0	1	
1	1	1	0	0	0	1	1	0	1	0	1	1	1	1	0	1	1	1	1	
0	0	0	1	0	1	0	0	0	1	0	1	0	1	0	1	0	0	0	0	
0	1	0	0	0	1	0	1	1	1	0	0	1	1	1	0	0	1	0	0	
1	1	0	1	1	0	0	1	0	0	0	1	1	1	0	0	0	0	0	1	
0	1	0	0	0	0	0	0	0	0	0	1	1	1	1	1	0	1	1	0	
0	1	0	1	0	0	0	0	1	0	0	0	0	0	0	0	0	1	0	0	
1	0	0	0	0	0	1	0	1	1	1	0	0	1	1	0	1	0	1	1	
0	0	1	1	1	0	1	1	1	0	1	0	1	0	0	1	0	0	0	1	
0	0	1	1	0	1	0	1	0	1	1	0	0	0	0	1	0	1	0	0	
1	0	1	0	0	1	0	1	0	1	0	1	1	0	0	0	1	0	0	0	
0	1	1	0	1	1	1	1	0	1	0	0	0	0	1	0	1	1	0	0	
0	0	1	1	0	0	0	1	1	0	1	1	1	0	1	0	0	1	1	1	
1	0	1	0	0	1	1	1	0	0	1	1	1	1	0	0	0	1	0	0	
0	0	1	1	1	1	1	0	1	0	0	1	1	0	1	0	1	0	0	0	
0	0	0	1	1	1	0	0	1	0	0	1	1	1	0	1	1	1	1	0	
1	0	1	1	1	1	1	1	0	1	0	0	1	0	1	1	1	1	0	1	
0	0	1	1	0	1	0	0	0	0	1	0	1	1	0	0	0	0	0	1	
1	1	0	1	0	0	1	0	0	1	0	0	0	1	1	1	1	1	0	1	
0	1	0	0	1	1	1	1	1	1	0	0	1	0	0	0	0	0	1	0	
1	0	0	1	0	1	1	1	1	0	1	0	1	0	0	0	1	1	0	0	
1	0	0	1	1	0	0	1	0	0	1	1	0	0	0	1	0	1	1	0	
1	1	1	1	0	1	0	0	1	1	1	0	0	1	1	0	0	0	1	1	
0	0	0	1	0	0	0	0	0	0	1	1	1	0	0	1	1	0	0	0	
0	0	1	1	0	0	0	0	1	1	0	1	1	0	1	1	0	0	0	1	
1	0	1	1	0	1	1	1	0	1	1	0	1	0	1	0	0	0	1	1	
1	0	0	0	0	1	1	0	1	1	0	1	1	0	1	1	1	0	1	0	
1	1	1	0	1	0	1	0	1	0	0	1	1	1	1	1	1	0	0	1	
0	0	0	0	0	1	0	0	0	1	1	1	1	0	0	0	0	1	1	0	
1	1	0	0	1	1	0	1	1	0	0	0	1	0	1	1	1	0	1	0	
1	1	1	0	1	0	0	1	1	0	0	0	1	0	0	1	0	0	0	0	
0	0	1	0	0	0	1	0	0	0	0	1	1	0	0	0	0	0	1	0	
0	1	1	0	0	0	0	0	0	1	0	0	1	0	1	1	0	0	0	0	
1	0	0	0	1	0	1	0	0	0	0	0	1	0	0	1	1	1	1	1	
1	0	0	0	0	0	0	0	0	0	0	0	0	0	0	1	0	0	1	0	
0	1	1	0	0	0	1	1	0	1	1	0	0	0	1	1	1	0	1	1	
0	1	0	0	1	0	1	0	1	0	1	0	0	1	1	1	1	0	0	0	
1	1	0	0	0	0	1	0	1	1	1	1	1	0	0	0	0	0	0	0	
0	1	1	1	0	1	1	0	1	1	0	0	1	1	0	0	1	1	0	1	
1	1	0	1	1	1	0	1	0	1	1	1	1	0	1	1	0	0	0	0	
1	0	1	1	0	1	1	0	0	1	0	1	0	0	1	0	0	1	0	0	
1	1	0	1	1	0	1	0	1	0	0	0	0	1	0	0	0	0	1	1	
0	0	0	0	1	0	0	0	0	1	0	1	1	0	1	0	1	1	0	0	
0	1	1	0	1	1	0	0	0	1	1	1	0	1	1	0	0	1	0	1	
0	1	1	0	0	0	1	1	1	0	0	0	1	0	1	1	1	1	1	0	
1	0	1	1	1	1	0	1	0	0	0	0	0	1	1	0	0	1	1	0	
1	0	1	0	1	0	1	1	0	0	1	1	0	1	1	0	0	0	1	1	
0	0	1	1	1	1	1	1	0	1	0	1	1	1	0	0	0	1	0	1	
0	0	1	1	0	0	1	0	1	0	1	0	1	1	1	1	0	1	0	0	
0	1	0	1	0	0	1	1	0	0	0	0	1	0	1	0	1	0	0	0	
1	1	0	0	1	1	0	0	0	1	0	0	0	1	0	0	1	1	0	1	
0	1	0	0	1	0	0	0	1	0	1	0	1	0	1	0	0	0	1	1	
0	0	1	1	0	0	1	1	0	0	0	1	0	1	1	1	1	0	0	0	
0	1	0	1	1	1	0	0	0	1	1	0	0	1	1	1	0	1	1	0	
0	0	0	1	0	1	1	0	1	1	1	1	1	0	1	1	0	1	0	0	
1	1	1	0	1	1	0	0	1	0	0	1	1	0	0	1	0	1	0	0	
0	1	0	1	1	1	1	0	1	1	1	0	0	0	0	1	0	1	0	1	
1	1	1	1	0	1	0	0	1	1	1	1	1	1	0	1	1	1	0	0	
1	0	0	1	1	1	0	0	0	0	0	0	1	1	1	1	1	0	0	0	
1	1	1	1	1	0	0	1	0	1	0	0	1	0	0	0	1	1	1	0	
1	1	0	0	1	0	0	1	1	1	1	1	0	0	1	1	0	1	0	1	
1	1	0	1	1	0	1	0	1	1	0	0	1	0	1	1	0	1	0	1	
1	1	0	1	1	0	1	1	1	0	1	1	1	0	0	0	1	0	1	0	
0	0	1	1	1	0	0	1	1	1	1	0	1	1	1	0	1	0	0	0	
1	1	0	0	0	0	0	0	1	0	0	0	1	1	0	1	1	0	0	1	
0	1	0	1	1	0	0	0	1	1	1	1	0	1	1	1	1	0	1	1	
0	0	0	0	0	0	1	1	1	1	1	1	1	1	1	0	1	0	0	0	
1	1	0	1	1	1	1	0	0	1	1	0	1	0	1	0	1	1	1	0	
1	0	1	0	1	1	0	0	1	1	0	1	1	1	1	0	0	0	1	1	
0	0	1	1	1	0	1	0	1	1	0	0	0	0	1	0	1	0	1	1	
0	0	0	1	0	0	0	1	0	1	0	0	1	1	0	0	0	0	1	1	
0	0	0	1	1	1	1	0	1	1	0	1	0	1	0	0	1	0	0	0	
1	1	0	0	0	1	1	0	0	0	0	1	0	1	0	0	1	0	0	0	
1	0	1	1	1	1	1	0	1	0	0	1	0	1	1	1	1	1	1	1	
0	0	1	0	1	0	0	0	0	0	1	0	0	1	0	1	0	0	0	1	
0	0	1	0	1	1	0	0	1	0	1	0	1	1	1	1	1	1	0	1	
1	1	1	1	0	0	0	1	1	1	1	1	1	1	0	1	0	0	1	0	
1	1	1	1	1	0	0	0	1	0	1	0	0	0	1	1	1	1	0	1	
1	1	1	0	0	0	0	0	0	0	1	1	0	0	0	1	0	0	0	1	
1	0	0	0	0	1	0	0	1	0	1	1	1	0	0	0	1	0	0	1	
1	0	0	0	0	0	1	1	1	0	0	0	1	0	1	0	0	0	0	1	
0	1	1	0	1	0	1	1	1	1	1	0	0	1	1	0	0	1	1	0	
1	0	0	1	1	1	1	1	1	0	0	0	0	1	0	1	0	1	0	0	
0	1	1	1	1	0	1	1	0	0	1	1	0	1	1	0	0	1	0	0	
1	0	0	1	1	0	1	1	0	1	0	0	1	1	1	1	0	0	1	0	
0	1	0	0	0	0	0	1	0	1	1	1	1	1	0	1	1	0	0	1	
0	1	0	1	1	1	0	1	1	1	1	1	0	0	0	0	0	0	1	1	
0	0	1	0	0	1	0	1	1	1	1	1	0	1	0	0	0	0	0	1	
1	0	1	1	1	0	0	1	0	0	0	1	1	0	1	1	1	0	1	1	
0	1	1	1	1	1	0	1	0	0	0	0	0	0	1	0	0	0	0	1	
0	0	1	0	0	0	0	0	0	1	1	0	0	1	1	0	0	1	1	0	
0	1	0	1	1	0	0	1	1	1	0	1	1	0	1	0	1	1	1	1	
1	0	0	0	0	1	0	1	0	1	1	0	1	1	0	1	0	1	0	1	
0	0	1	1	0	1	1	1	0	0	1	1	0	0	0	0	1	1	1	1	
0	0	1	0	0	0	0	1	0	0	0	0	1	1	0	1	1	1	0	0	
0	0	1	0	1	1	1	0	0	1	1	1	0	1	0	1	1	0	1	0	
0	1	0	0	0	1	1	0	1	0	1	0	1	0	1	1	0	1	0	0	
0	1	1	1	0	1	1	1	1	0	1	0	0	1	1	0	1	1	0	1	
0	0	1	0	1	1	1	1	1	0	1	1	1	0	1	1	0	0	1	0	
1	0	0	1	0	0	1	1	0	0	0	1	1	1	0	1	1	1	1	1	
0	1	0	1	0	0	1	1	0	1	0	1	1	0	0	1	0	1	0	0	
1	0	0	0	1	0	1	1	0	1	1	0	0	0	1	0	0	1	0	1	
1	1	1	0	1	1	1	0	0	1	0	0	1	1	0	0	0	1	1	0	
1	0	0	1	0	0	0	0	1	1	1	0	1	1	0	0	1	1	0	1	
0	0	0	0	0	0	0	0	1	0	1	1	0	0	1	1	1	1	0	1	
0	1	1	0	1	0	0	1	0	0	0	1	1	1	0	0	0	0	1	0	
0	0	1	0	1	1	0	1	0	1	0	1	1	1	1	1	1	1	1	0	
0	0	1	0	0	1	0	1	1	1	0	0	0	0	1	1	0	0	1	0	
0	1	1	1	1	0	0	0	0	0	0	0	1	0	0	1	0	1	1	0	
0	1	1	1	1	1	1	0	0	0	0	0	0	0	0	1	1	1	1	0	
0	1	1	1	0	1	0	1	1	1	1	1	1	1	1	1	1	1	0	1	
1	1	1	0	0	1	1	0	0	1	1	1	0	1	1	1	1	0	0	0	
0	0	1	0	0	0	1	1	0	1	0	0	0	0	0	1	0	1	1	1	
0	1	1	1	1	1	0	1	1	0	1	1	1	0	0	1	0	1	0	1	
1	0	1	0	1	0	1	0	1	1	0	0	0	1	1	0	1	1	0	0	
0	1	1	1	1	1	0	1	0	1	0	0	1	1	1	1	0	1	1	1	
0	0	1	1	1	1	1	1	1	1	1	0	1	0	0	0	0	1	1	0	
0	0	0	0	1	1	1	0	0	0	1	0	1	1	1	0	1	1	1	0	
1	1	1	1	0	0	1	0	0	1	1	1	0	0	1	1	0	1	1	1	
0	0	0	1	1	1	0	1	0	1	1	0	1	0	0	1	1	0	1	1	
1	1	0	0	0	1	1	0	1	0	1	1	0	1	0	1	0	1	1	1	
0	1	0	1	0	1	1	1	1	0	0	1	0	0	0	0	1	0	1	0	
0	0	0	1	0	1	1	0	1	1	1	0	1	1	0	1	1	0	1	0	
1	0	1	1	1	0	0	1	0	1	1	1	0	1	0	0	1	1	1	1	
0	1	1	1	0	1	0	0	0	1	0	1	1	0	0	1	1	0	0	1	
0	0	0	0	0	1	0	0	0	0	1	1	1	1	1	1	1	0	1	1	
0	1	0	1	1	0	1	1	0	1	1	0	0	1	0	0	0	1	1	1	
0	0	0	0	1	1	1	0	0	1	0	0	1	0	0	1	0	0	0	0	
1	1	0	1	1	1	0	1	1	0	1	1	1	1	1	0	1	1	1	1	
0	0	0	0	0	1	0	1	0	0	0	0	0	0	0	0	0	1	0	1	
0	1	0	1	0	1	0	0	1	0	0	1	1	1	0	1	0	0	0	0	
0	1	0	0	0	1	1	1	0	1	1	1	0	0	1	0	0	0	0	1	
0	1	1	1	0	0	0	0	0	1	0	0	0	1	1	0	1	0	1	0	
1	1	0	0	0	0	1	1	1	1	0	0	0	0	0	1	1	1	0	0	
0	1	0	0	1	1	0	1	0	0	1	0	1	0	0	0	1	1	0	0	
1	0	1	0	0	1	0	1	1	0	1	0	1	1	1	1	0	0	1	0	
0	0	1	1	1	0	1	0	0	1	1	1	1	1	1	1	1	1	1	0	
1	1	0	1	0	1	0	1	0	1	0	0	0	0	0	1	1	0	0	0	
1	1	1	0	0	0	0	1	1	0	1	0	0	1	0	0	0	1	0	0	
1	0	1	0	1	0	0	0	0	1	1	1	1	0	1	1	0	0	1	0	
1	0	0	0	0	1	1	1	0	0	0	0	1	1	0	0	1	0	1	0	
0	0	0	0	1	0	1	1	1	0	0	1	0	1	1	0	0	1	0	1	
0	1	1	0	0	0	0	0	1	1	0	1	1	0	0	0	0	1	1	1	
1	0	1	1	0	0	1	0	0	0	1	0	1	0	0	1	0	1	0	0	
0	0	0	0	1	0	0	1	1	1	0	1	1	1	0	1	0	0	0	0	
1	1	1	0	0	1	0	1	0	0	1	1	0	0	1	1	1	1	1	0	
1	0	1	0	0	0	1	1	0	0	1	0	0	0	1	1	1	0	0	0	
1	0	1	1	1	0	1	1	1	1	0	1	1	0	0	1	0	0	1	1	
0	1	1	1	1	0	1	1	1	1	1	1	0	0	1	1	1	0	0	0	
0	0	1	1	1	0	0	0	1	1	0	0	0	1	0	1	0	1	1	1	
1	1	0	1	1	1	1	0	0	0	0	1	0	0	1	0	0	1	0	0	
0	0	0	0	0	0	0	1	0	1	0	0	0	0	1	0	1	0	1	0	
1	0	1	0	1	0	0	0	0	1	0	0	0	0	0	0	1	0	0	1	
0	1	0	1	0	0	1	0	0	1	1	0	1	0	0	1	1	0	1	0	
0	1	1	0	1	0	1	1	0	1	1	1	1	0	1	1	0	1	1	1	
0	1	0	1	0	0	0	0	0	0	1	0	1	0	1	0	0	1	0	1	
0	1	0	1	0	1	1	1	1	1	0	0	0	1	1	1	0	0	1	1	
0	0	0	1	0	1	1	1	0	0	1	1	1	1	1	1	1	1	0	1	
0	0	1	0	0	0	1	0	0	1	0	1	0	1	0	1	1	1	0	1	
1	1	1	0	0	1	1	1	1	1	1	0	1	0	0	0	0	0	0	1	
0	0	1	1	0	1	0	0	1	1	1	1	0	0	1	0	1	1	0	0	
1	1	0	1	0	0	0	0	0	0	1	0	0	0	0	0	1	0	1	1	
0	0	0	0	1	1	0	0	0	0	0	1	0	1	1	1	0	0	0	1	
1	1	1	1	0	0	0	0	0	0	0	0	0	0	1	1	0	0	1	1	
0	1	0	1	0	0	1	0	1	1	0	1	1	0	0	0	1	0	0	1	
1	0	0	1	1	1	0	1	1	1	0	1	1	0	0	0	1	0	0	1	
1	0	0	0	0	1	1	0	1	1	1	0	0	0	1	0	0	0	1	1	

invalid rows: 
7	30	32	86	89	104	112	157	198	211	222	228	238	295	9	14	133	187	255	209	

 ----------random covering array (last execution): 
1	1	0	0	0	1	1	1	1	1	1	0	0	1	1	0	1	1	0	1	
1	1	1	1	1	1	1	0	1	1	1	1	0	1	1	0	0	1	0	0	
0	0	1	0	0	0	0	1	1	0	1	0	0	0	0	0	0	0	1	1	
0	0	0	1	1	0	0	1	1	0	1	0	0	0	1	1	1	1	0	0	
0	1	0	1	0	1	0	0	0	1	1	1	0	1	0	0	0	1	0	1	
0	1	1	1	1	0	0	1	1	1	1	1	1	0	0	1	0	0	1	1	
1	1	0	0	0	0	0	1	1	1	1	1	0	0	1	0	0	1	0	1	
0	1	1	1	1	0	0	0	0	0	1	0	1	0	1	0	0	0	1	0	
0	1	1	0	1	1	0	1	0	1	0	0	1	1	1	0	0	0	1	1	
0	0	1	1	0	1	1	1	1	0	1	1	0	0	0	1	1	1	1	0	
1	1	1	1	0	0	1	1	1	1	0	1	1	1	1	0	0	1	1	1	
0	1	1	0	1	0	1	1	0	1	0	0	1	1	1	1	1	1	0	0	
1	1	1	1	1	1	0	0	1	0	0	1	1	1	0	0	0	0	0	1	
0	0	1	1	1	1	0	1	1	1	1	0	1	1	1	0	1	1	0	1	
0	0	1	1	1	1	0	1	0	0	0	1	0	0	0	0	0	1	0	0	
1	0	0	1	1	1	1	0	0	0	1	0	0	0	1	0	1	0	0	1	
1	1	0	1	1	1	1	1	1	1	0	1	0	0	0	0	1	1	0	1	
1	0	1	0	1	1	0	0	1	0	1	0	1	0	0	1	0	0	0	1	
1	1	1	0	0	1	1	0	1	0	1	0	0	0	1	1	0	0	1	0	
0	1	1	0	1	0	1	0	1	0	0	0	0	1	1	0	1	1	0	1	
1	1	0	0	1	0	0	0	1	0	1	1	0	1	1	0	0	0	1	1	
0	1	1	1	1	0	0	1	1	1	0	0	0	1	0	0	1	0	1	0	
1	1	1	1	1	0	1	0	1	1	1	0	0	1	0	1	0	1	0	1	
0	0	0	1	1	1	0	0	0	1	0	1	1	0	0	0	0	1	0	0	
0	1	0	0	0	0	0	1	0	0	0	1	0	1	1	1	0	1	1	0	
0	0	1	1	0	0	1	0	1	1	0	1	0	1	1	1	0	1	0	0	
0	0	0	0	1	0	0	0	1	0	1	1	1	0	0	0	1	1	0	1	
1	0	0	1	0	1	0	1	1	0	1	0	1	1	1	1	0	0	1	1	
0	0	1	0	1	0	1	0	1	1	1	0	0	0	0	1	1	0	1	0	
1	1	1	1	1	0	1	1	0	0	0	1	0	0	1	1	1	0	1	0	
1	1	1	1	0	0	1	0	0	0	0	0	1	1	0	1	0	0	1	0	
0	1	0	1	0	0	0	0	1	1	1	1	0	0	0	0	1	0	0	0	
0	1	1	1	1	1	1	0	1	1	0	0	1	0	1	1	0	1	1	1	
0	0	1	1	0	0	0	1	1	0	0	1	0	1	0	1	0	1	0	1	
0	0	0	1	0	0	0	0	1	1	0	1	1	0	0	0	0	0	1	1	
0	0	1	0	0	1	0	0	0	1	1	0	0	0	1	1	1	1	0	1	
1	0	1	0	0	0	1	1	0	0	1	1	1	0	0	1	0	0	0	0	
0	1	0	1	1	1	0	1	0	1	1	0	0	0	1	1	1	0	1	0	
0	1	1	1	0	1	1	1	1	0	0	0	0	0	1	0	0	0	0	1	
0	1	1	0	1	0	0	1	1	0	1	0	1	0	1	0	1	1	1	0	
1	1	1	0	0	0	0	0	0	1	0	1	0	1	0	0	1	1	0	1	
1	1	1	0	0	1	0	0	1	1	0	0	1	1	1	0	0	1	0	0	
1	0	1	1	0	1	1	0	1	0	0	1	1	0	1	0	0	1	0	0	
1	0	0	0	1	1	1	0	1	1	0	1	1	1	1	0	0	0	1	1	
0	0	1	0	1	0	0	1	1	0	0	1	1	1	1	0	0	0	0	0	
1	1	0	0	1	1	1	1	1	1	1	1	1	1	0	0	1	1	1	0	
1	1	1	0	1	0	1	0	0	1	0	1	1	0	0	0	0	1	1	0	
0	1	0	1	0	1	1	0	1	0	0	1	0	0	1	1	1	0	0	0	
1	1	0	1	0	0	1	1	1	0	0	0	1	0	1	1	1	1	1	1	
0	1	1	1	0	0	0	1	0	1	0	1	1	0	1	0	1	1	0	0	
1	1	1	0	1	1	0	0	0	0	1	1	0	0	0	0	1	0	1	1	
1	0	0	0	1	1	0	1	1	1	1	0	1	0	0	1	1	1	1	1	
1	1	0	0	1	0	0	1	0	1	0	1	1	0	1	0	1	0	1	1	
0	0	0	0	1	0	0	0	1	1	1	0	0	1	1	0	0	1	1	0	
0	1	1	1	0	0	1	1	1	1	0	1	1	1	0	0	1	0	0	1	
1	1	0	1	1	0	0	0	0	1	0	1	1	1	1	1	0	0	0	0	
1	0	0	0	1	1	1	1	1	1	1	0	0	0	0	0	0	0	0	1	
1	0	1	0	0	0	1	0	1	1	1	0	1	0	1	0	1	1	1	1	
1	0	0	0	0	0	1	1	0	1	0	0	1	1	0	0	0	0	1	0	
1	0	1	0	1	0	0	1	1	1	1	0	0	1	1	0	1	0	0	1	
1	1	0	0	1	1	0	0	0	0	0	1	0	0	1	0	0	0	0	0	
1	1	0	1	0	0	1	1	1	1	1	1	0	1	0	1	0	0	1	0	
0	1	0	0	1	1	1	0	1	0	1	1	0	0	1	0	1	1	1	1	
0	1	1	0	0	0	0	1	1	0	0	1	1	0	0	1	1	1	1	0	
0	0	1	0	1	1	1	1	0	1	0	0	0	0	1	0	0	1	1	0	
0	1	1	1	1	0	1	0	1	0	1	1	1	0	1	1	0	1	0	0	
1	0	0	1	1	1	0	1	1	0	0	1	1	0	1	1	1	0	0	1	
1	0	1	1	0	1	1	1	1	1	0	1	0	0	1	1	0	0	1	1	
1	1	0	1	0	1	0	0	1	1	1	1	1	0	1	0	1	0	1	1	
1	0	0	0	0	1	0	1	0	0	1	0	1	0	1	0	1	0	0	0	
0	1	0	0	0	1	1	1	0	0	1	0	0	1	0	1	0	0	0	0	
1	0	0	0	1	1	0	0	0	0	1	1	1	0	1	1	1	0	1	0	
1	1	0	1	1	0	0	0	1	1	0	0	1	0	0	0	0	1	0	1	
0	1	0	1	0	1	0	0	1	0	1	0	0	1	0	0	0	1	1	0	
1	1	0	1	0	0	0	1	0	1	0	1	1	0	0	0	1	0	0	0	
1	0	0	1	0	1	1	1	1	0	1	1	1	1	0	0	1	1	0	1	
0	1	1	1	0	0	0	0	1	1	1	0	0	1	1	1	1	1	1	1	
1	0	1	0	0	1	1	1	1	1	0	0	1	0	0	0	1	0	1	1	
1	1	0	1	1	1	1	1	1	0	0	0	1	1	1	0	1	0	1	0	
1	0	0	1	0	0	0	0	0	0	0	0	1	1	1	0	1	1	0	1	
0	0	1	0	0	1	1	1	1	0	0	0	1	1	1	1	0	1	0	1	
1	1	0	0	0	1	0	0	0	1	1	0	0	1	0	0	1	1	0	0	
0	0	0	1	1	0	1	0	0	0	0	1	0	1	0	0	1	0	1	0	
1	1	0	1	0	1	1	0	0	0	0	1	0	1	1	1	0	1	1	1	
0	0	1	0	1	0	1	1	1	1	1	1	0	1	0	0	0	1	1	1	
1	1	0	0	1	0	1	1	0	0	1	0	0	0	0	0	0	1	1	0	
0	0	0	0	1	1	1	1	0	0	1	1	1	1	1	1	1	1	1	0	
1	1	1	0	0	0	0	0	0	0	1	0	1	0	1	1	1	1	0	1	
1	1	1	0	0	0	0	1	0	1	1	1	0	0	1	0	0	0	1	0	
1	1	1	1	0	1	0	0	0	0	1	1	0	1	1	0	1	0	0	0	
0	1	0	1	0	1	1	1	0	1	0	1	0	0	0	0	1	1	1	1	
0	0	0	0	0	1	1	1	0	0	1	1	1	0	1	0	0	1	1	1	
1	0	1	0	1	0	1	1	1	0	0	0	0	0	0	0	1	1	0	0	
1	0	1	0	0	1	0	0	1	1	1	1	0	0	0	1	1	1	0	0	
1	0	0	1	1	0	0	0	1	0	0	0	1	1	0	0	1	0	0	0	
1	1	1	1	1	0	1	0	1	0	0	1	1	1	0	1	1	1	1	0	
1	1	0	1	1	1	0	1	1	1	0	1	1	1	0	1	0	1	1	0	
0	0	0	1	0	0	0	1	0	0	1	1	1	1	0	1	1	0	1	0	
0	0	1	0	1	1	0	0	1	1	1	1	1	0	1	1	0	1	1	0	
1	0	1	1	0	0	0	1	0	1	0	0	1	0	1	1	0	1	1	0	
1	0	1	0	0	1	0	0	1	0	1	1	0	1	1	0	0	1	0	1	
0	0	0	1	0	1	1	1	0	1	0	0	1	0	1	1	1	0	1	1	
1	0	1	0	1	1	1	0	0	0	1	0	1	1	0	0	0	1	1	1	
0	1	0	1	0	0	1	0	0	1	0	0	0	0	1	0	0	1	0	0	
0	0	0	0	0	1	0	0	1	0	0	1	0	1	0	0	1	1	0	0	
1	1	0	0	0	1	1	0	0	0	0	0	1	0	0	0	0	1	0	1	
0	1	0	0	1	0	1	1	1	0	0	1	1	1	0	1	1	0	1	1	
0	0	1	1	0	0	0	1	0	1	1	0	1	0	1	0	0	0	0	1	
0	0	1	0	1	1	0	1	1	1	0	1	0	1	1	1	1	1	1	1	
1	1	0	0	0	1	1	1	0	1	0	1	1	0	1	1	0	1	0	0	
0	0	1	0	1	0	1	0	0	1	1	1	0	0	0	0	0	0	0	1	
0	1	0	1	1	0	1	1	1	0	0	1	0	0	1	0	0	1	1	0	
0	0	0	0	0	0	1	1	1	1	0	0	1	1	0	0	1	1	0	0	
1	1	0	0	0	1	0	1	0	1	1	1	1	1	0	1	0	0	1	1	
1	0	0	0	1	1	0	0	0	1	0	0	0	0	1	1	0	1	1	1	
0	1	1	1	0	0	0	1	1	1	1	0	1	1	1	1	1	0	0	0	
1	1	0	0	0	1	1	0	1	1	0	0	0	0	1	1	1	1	1	0	
0	1	1	0	1	1	0	1	1	1	1	0	0	0	0	0	0	1	0	0	
1	1	1	1	1	1	0	1	0	0	1	0	1	1	1	1	0	1	0	0	
0	0	0	0	1	0	0	0	0	1	1	1	1	1	1	0	1	0	0	0	
1	0	1	0	1	1	0	0	1	0	0	0	0	1	1	1	1	0	1	0	
1	1	0	0	1	0	1	1	0	1	0	0	0	1	1	0	0	1	0	1	
1	1	0	1	1	1	1	0	0	0	1	1	1	0	0	1	0	0	1	0	
1	0	1	1	1	0	0	1	0	0	0	1	1	0	1	1	0	1	0	1	
1	1	0	0	0	0	1	1	1	0	1	0	1	0	0	1	1	0	0	0	
0	1	1	1	1	0	0	0	0	0	0	1	0	1	1	0	0	1	1	1	
1	1	1	1	0	1	0	1	0	0	0	0	0	0	1	0	1	1	1	1	
0	0	0	1	0	1	1	0	1	0	1	1	1	0	0	0	0	0	0	0	
1	0	1	1	1	0	0	1	1	0	1	1	0	1	0	1	1	0	0	0	
0	1	0	0	1	1	1	0	1	1	0	1	1	0	0	0	1	0	0	0	
0	0	0	1	1	0	1	1	0	0	0	0	1	0	0	0	0	1	1	1	
0	0	0	1	0	1	1	0	1	0	1	0	1	0	1	0	1	1	1	0	
0	0	0	1	0	1	0	1	1	1	0	1	0	1	1	0	0	0	1	0	
1	0	0	1	0	0	0	1	1	1	1	0	0	0	0	0	1	1	1	1	
1	1	1	0	1	0	1	1	1	1	1	0	1	1	1	1	0	0	1	0	
0	0	0	0	1	1	0	1	0	0	0	0	0	1	0	0	1	0	0	1	
0	0	1	0	0	1	0	1	0	1	1	0	0	1	0	1	0	1	1	0	
1	0	0	0	1	0	0	1	1	1	0	1	0	0	0	1	1	0	1	0	
0	0	1	0	1	0	0	1	0	0	1	0	0	0	1	1	0	0	1	1	
0	0	1	0	0	0	0	0	0	0	0	0	0	0	0	0	1	1	1	0	
1	1	0	1	0	0	0	1	1	0	1	0	1	1	1	0	0	1	0	0	
1	0	0	1	0	0	1	0	0	1	0	1	1	0	0	1	1	1	0	1	
0	0	1	1	0	1	1	0	0	1	0	0	0	1	0	0	1	0	0	1	
0	1	0	0	1	1	1	0	1	1	0	0	0	1	0	1	0	0	0	0	
0	1	1	0	0	1	1	0	0	1	1	1	1	1	0	0	0	0	1	0	
1	0	1	1	1	0	1	0	0	1	1	0	0	0	1	1	1	1	0	0	
0	0	1	1	1	1	1	1	1	1	0	0	1	0	0	1	0	0	0	0	
0	1	0	0	1	1	1	0	0	0	1	1	1	0	0	1	1	1	0	0	
0	1	1	0	1	1	0	1	0	0	0	1	0	0	1	1	1	1	0	1	
1	1	1	0	0	1	1	0	1	1	1	1	1	1	0	1	1	0	0	1	
1	0	0	1	0	1	1	1	0	0	0	0	0	0	0	1	1	0	0	0	
1	1	1	0	0	0	0	1	1	0	1	0	1	1	0	0	1	0	1	1	
0	0	0	0	0	1	0	0	0	1	0	1	1	1	1	1	0	1	1	0	
0	1	1	1	0	1	0	0	1	1	0	0	1	0	0	1	1	1	0	0	
0	0	1	1	1	0	0	0	1	1	0	1	0	0	1	0	1	0	0	1	
1	0	0	1	0	1	1	1	1	0	1	0	0	1	1	0	1	1	1	0	
0	1	0	1	1	0	0	0	0	0	0	0	0	0	0	1	1	0	0	1	
1	0	0	0	1	0	1	0	0	0	1	0	0	1	0	1	1	1	0	1	
1	0	0	1	0	1	1	0	1	1	1	0	1	1	1	1	1	0	0	0	
0	1	0	0	1	1	0	0	1	0	1	0	1	1	1	1	0	1	0	1	
1	1	0	0	1	0	1	1	1	0	1	1	1	0	0	1	0	1	1	1	
0	0	1	1	1	1	0	0	0	0	0	0	0	1	1	1	0	0	0	0	
0	1	0	0	0	1	0	0	1	1	1	1	0	0	1	1	0	1	1	1	
0	0	0	0	0	0	1	0	1	1	0	1	0	0	0	1	0	1	1	1	
0	0	0	0	1	0	1	0	0	0	0	0	1	0	1	1	0	0	0	0	
0	0	0	0	0	0	1	0	0	0	1	0	0	1	0	1	0	0	1	1	
1	1	1	0	0	0	0	0	1	0	0	1	1	0	1	1	0	0	0	1	
0	0	0	0	0	0	0	0	1	0	0	0	0	0	1	0	0	0	0	1	
1	1	0	1	0	0	1	0	0	1	1	0	1	1	1	0	0	0	1	1	
0	1	0	1	0	0	0	1	0	0	1	1	1	0	0	0	0	1	1	1	
0	0	0	1	1	0	0	0	1	0	0	0	1	1	0	1	0	1	1	0	
1	1	1	0	0	1	1	1	0	0	0	0	1	1	0	1	1	1	1	0	
0	0	0	1	1	1	0	0	1	1	1	1	0	1	0	1	1	0	1	1	
0	0	1	0	1	1	1	0	1	0	1	0	1	1	0	0	1	0	0	0	
1	0	0	0	0	0	0	1	1	0	0	1	1	0	1	0	1	1	1	0	
0	1	1	0	1	0	0	0	0	0	1	1	0	1	0	1	0	0	0	0	
1	0	1	1	1	1	1	1	0	0	1	1	0	1	0	0	0	0	1	0	
0	1	1	0	0	0	1	0	0	1	1	0	1	0	1	1	0	1	1	1	
0	0	1	0	0	1	1	1	1	1	1	1	0	0	1	0	1	0	0	0	
1	0	0	1	1	0	1	1	1	1	1	1	1	0	1	0	0	0	0	0	
1	0	1	0	1	1	1	1	0	1	0	1	1	1	0	1	1	0	0	0	
0	0	1	1	0	0	1	1	0	0	1	0	1	0	0	1	1	1	0	1	
0	1	0	0	0	0	0	0	0	1	1	0	1	0	0	1	1	0	1	0	
1	1	1	0	0	1	0	1	1	0	0	1	0	1	0	0	0	0	1	0	
1	0	0	1	0	0	0	0	0	0	1	1	0	0	1	1	0	1	1	0	
0	1	0	0	1	0	1	1	0	1	1	0	1	0	0	0	1	0	0	1	
0	0	1	1	0	1	0	1	0	0	1	1	0	1	1	0	1	0	1	1	
0	0	1	1	1	1	0	0	0	0	1	0	1	1	0	1	1	1	0	1	
0	0	1	0	1	1	1	0	1	0	0	1	0	0	0	1	0	1	1	1	
1	0	1	1	0	1	0	0	0	0	0	1	1	1	0	0	1	1	1	1	
0	1	1	1	1	1	1	1	1	0	0	0	0	1	0	1	1	1	1	1	
0	1	0	0	0	1	0	1	1	0	1	1	0	0	0	1	1	0	0	1	
0	1	1	0	0	0	1	0	1	1	0	1	0	1	1	1	1	0	1	0	
1	0	1	1	1	0	0	0	1	1	1	1	0	1	0	0	0	1	1	1	
1	0	1	0	0	0	0	0	1	0	1	1	1	1	0	1	1	1	1	1	
0	1	0	1	1	0	0	0	1	1	0	1	1	0	1	1	1	1	1	0	
0	1	0	1	0	0	1	1	0	1	1	1	0	1	0	1	1	1	0	0	
1	1	0	0	0	0	0	1	1	0	0	0	0	0	0	1	0	1	1	1	
1	1	0	1	1	0	0	1	0	0	1	1	0	1	1	0	1	1	1	1	
0	1	0	1	1	0	0	1	0	1	1	0	1	1	0	1	0	1	0	0	
0	1	1	1	0	1	0	0	1	0	1	1	1	1	1	1	1	0	1	0	
1	0	0	0	1	1	1	1	1	0	1	1	0	1	1	1	0	1	0	0	
1	1	0	0	0	0	1	0	0	0	1	1	1	1	1	0	1	1	0	0	
1	0	0	0	0	0	0	1	0	1	0	0	0	1	1	1	1	0	0	0	
0	1	0	0	1	1	0	1	0	0	0	1	1	1	0	0	1	1	0	0	
0	1	0	0	1	1	0	1	1	0	0	0	1	0	0	0	0	0	1	0	
1	1	1	0	1	1	1	1	1	0	1	1	1	0	1	0	1	1	0	1	
1	0	0	1	0	0	1	1	0	0	0	1	0	0	0	0	0	0	0	1	
1	1	1	1	0	1	1	1	0	0	1	1	0	0	0	1	0	1	0	1	
0	0	0	1	1	0	1	1	1	1	0	0	0	1	1	1	1	1	1	1	
1	1	1	1	0	0	1	0	1	0	1	1	0	0	0	0	1	1	1	1	
1	0	0	1	1	0	1	0	1	0	0	0	0	0	0	0	0	0	1	1	
1	1	0	1	1	1	0	0	1	0	0	0	0	0	0	1	0	1	0	0	
1	0	0	0	0	0	0	0	1	1	1	0	1	0	0	1	0	1	0	0	
0	0	1	1	0	0	1	1	0	1	1	1	1	1	1	0	0	1	1	0	
0	0	1	0	0	1	0	1	1	1	0	1	1	0	0	0	1	1	0	1	
0	0	1	1	1	0	1	1	0	1	1	1	1	0	0	0	1	0	1	0	
0	0	0	0	0	0	0	1	1	1	1	1	1	1	1	1	1	0	0	1	
1	1	0	1	1	0	0	1	0	1	0	0	0	1	0	1	0	0	1	1	
1	0	0	1	1	1	0	0	0	1	0	1	0	1	1	0	1	1	1	0	
1	0	0	1	1	1	1	1	0	1	0	0	0	1	0	0	0	1	0	0	
1	1	0	0	1	0	1	0	1	1	1	1	0	0	1	1	1	0	0	1	
1	0	0	0	0	1	1	0	0	1	1	1	0	0	0	0	1	0	1	0	
0	0	1	1	0	0	1	1	0	0	1	0	0	1	1	0	0	0	0	0	
1	1	1	0	1	0	0	0	0	1	1	1	0	1	1	1	1	1	1	0	
1	0	1	1	0	1	0	1	1	1	0	0	0	1	0	1	0	0	0	1	
1	1	1	1	1	1	1	0	0	1	0	0	1	0	1	0	1	0	0	0	
0	1	1	0	0	0	1	1	0	1	0	0	0	0	0	1	0	0	0	1	
0	1	0	1	1	1	1	1	0	0	0	1	1	1	1	0	0	0	0	1	
0	0	1	1	0	1	0	0	0	0	1	0	1	0	0	1	0	1	1	1	
1	1	1	1	0	1	1	1	0	1	1	0	1	0	0	0	1	1	1	0	
0	0	0	1	1	1	1	0	0	1	1	1	1	0	1	1	0	1	0	1	
1	1	1	0	1	0	0	1	1	1	0	0	1	0	1	1	1	0	0	1	
0	0	1	0	1	0	0	0	0	1	0	0	1	1	0	1	1	0	1	1	
1	0	1	1	0	0	0	0	1	1	1	1	1	1	0	0	0	0	0	0	
0	0	1	0	0	1	1	1	1	0	0	1	1	1	1	1	0	0	1	0	
1	1	1	1	0	0	0	1	1	0	0	0	0	1	0	1	1	1	0	0	
1	1	1	1	1	0	0	0	0	0	1	0	0	0	0	0	0	1	0	1	
0	0	0	0	1	0	1	1	0	1	0	1	0	0	1	1	0	0	1	0	
0	1	1	0	1	1	1	1	0	1	1	1	0	1	1	1	0	0	0	1	
0	0	0	0	0	1	1	0	0	1	1	0	0	1	1	0	0	1	0	1	
0	0	1	0	0	0	1	0	0	0	0	1	0	0	1	1	1	0	1	1	
0	1	1	0	0	1	1	0	0	0	0	1	1	0	1	0	1	0	1	1	
1	1	1	1	1	1	1	1	0	1	1	0	0	1	0	1	1	1	1	1	
0	1	0	1	1	1	1	1	1	0	1	0	1	1	0	0	0	0	1	1	
1	0	1	0	0	0	1	0	0	1	0	0	1	1	1	0	0	0	0	1	
1	0	1	1	1	1	1	0	0	1	0	1	0	0	0	1	1	1	1	1	
0	1	1	0	0	0	1	1	1	0	1	1	1	1	0	0	0	1	0	0	
1	0	1	0	0	1	1	1	0	1	1	1	0	1	1	1	1	0	1	1	
0	0	1	1	0	1	1	0	0	1	0	1	1	1	1	1	1	1	0	0	
0	1	1	1	0	1	0	1	0	0	1	1	1	0	1	1	0	0	0	0	
1	0	1	1	1	0	1	0	1	0	1	0	1	1	1	0	1	0	1	1	
1	1	0	1	0	1	0	0	0	1	0	1	0	1	1	1	1	0	0	1	
1	0	1	1	1	1	0	1	1	0	0	0	1	0	1	0	0	1	1	1	
0	1	0	0	1	1	0	0	0	1	0	0	1	0	1	0	1	1	1	0	
0	1	0	1	0	1	0	1	0	0	0	0	1	1	1	1	1	1	0	1	
1	1	1	1	1	0	1	1	1	1	0	1	0	1	1	0	1	0	0	0	
1	1	0	0	1	1	1	0	0	0	0	0	0	1	0	1	1	0	1	1	
1	1	0	1	1	1	0	1	0	0	1	0	0	0	1	1	0	0	0	1	
1	0	1	1	0	0	0	1	0	1	0	1	1	1	1	0	1	0	1	0	
0	0	0	0	0	1	0	0	0	0	0	1	1	1	0	1	0	0	0	1	
1	1	1	1	1	1	0	1	1	1	1	1	0	0	1	1	1	1	1	0	
1	0	1	0	0	1	0	0	0	1	0	0	0	0	0	0	0	0	0	0	
0	0	0	0	1	1	0	1	0	0	0	0	0	0	0	1	1	1	1	1	
1	0	0	1	1	1	0	0	0	1	1	0	1	1	0	0	0	0	1	0	
0	1	0	0	0	0	1	1	0	0	1	0	0	1	1	0	1	0	1	0	
0	1	1	0	0	0	0	0	1	1	0	0	1	1	0	0	0	1	1	1	
0	1	1	1	0	1	0	0	0	1	0	1	0	0	0	1	0	0	1	0	
0	0	0	1	0	1	1	1	1	1	1	0	0	0	1	1	0	1	0	1	
0	1	1	1	1	0	1	1	0	0	1	1	1	1	1	1	1	0	0	1	
0	1	0	0	0	1	0	0	1	1	0	0	0	1	0	0	1	0	1	1	
0	0	1	1	0	0	1	1	1	1	0	0	0	0	0	0	0	1	1	0	
0	0	0	1	1	0	1	0	1	0	1	1	0	1	1	1	0	0	0	1	
0	1	0	0	0	1	0	1	1	1	0	0	1	0	1	1	0	0	0	0	
1	0	1	0	1	0	0	1	0	1	1	1	1	0	0	0	0	1	0	0	
1	0	1	0	1	0	1	0	0	0	0	0	0	1	1	1	0	1	1	0	
0	0	1	1	0	0	1	0	1	0	0	0	1	0	0	1	1	0	0	1	
0	0	0	0	1	0	0	1	0	1	0	1	0	1	0	1	0	1	0	1	
0	1	1	1	1	1	1	0	1	1	1	0	0	0	1	0	0	0	1	1	
0	1	0	1	0	0	1	0	1	1	1	0	1	0	0	0	0	0	0	1	
1	0	0	0	1	0	1	0	1	1	0	1	1	1	1	1	1	1	0	1	
0	1	0	1	1	0	1	0	0	1	1	1	1	1	0	0	1	1	1	1	
1	0	1	0	0	0	1	1	0	0	0	1	0	1	1	0	1	1	0	1	
0	0	1	0	1	1	0	0	1	0	1	1	1	0	0	0	1	0	1	0	
0	1	0	0	0	0	0	0	0	1	1	0	0	1	1	0	0	0	0	0	
1	1	0	0	0	0	1	0	1	0	0	1	0	1	0	0	0	0	0	0	
0	1	0	1	0	0	0	0	0	0	0	0	1	1	1	1	1	0	1	1	
1	0	1	1	1	0	1	0	0	1	1	1	1	1	1	1	0	0	1	1	
1	0	1	1	0	0	0	0	0	0	1	0	0	0	0	1	1	0	1	0	
1	0	0	0	0	1	0	1	0	1	1	0	1	1	1	0	1	1	1	1	
1	1	1	1	1	1	0	1	0	1	1	0	1	0	0	1	1	0	0	1	
1	1	1	0	1	0	1	1	0	0	0	0	1	1	0	0	0	0	0	1	
1	0	0	1	0	1	1	0	1	1	0	0	1	1	0	1	0	1	1	0	
0	1	1	1	1	1	1	0	0	0	1	0	0	1	0	0	1	1	0	0	
1	1	0	1	0	0	0	0	1	0	0	0	0	0	1	0	1	0	1	0	
1	0	0	0	1	1	0	1	0	0	1	1	0	0	0	0	0	0	0	1	
1	0	0	0	0	0	1	0	1	0	1	0	0	0	1	0	1	0	1	1	
1	1	0	0	1	0	0	0	0	0	0	0	1	1	0	1	1	1	1	0	
1	1	0	0	1	1	0	0	1	1	0	1	0	1	0	1	1	1	0	0	
1	0	0	1	0	1	0	0	1	0	1	0	1	1	1	0	0	1	0	0	

invalid rows (last execution): 
4	27	38	40	64	74	80	88	95	98	113	117	125	129	133	140	152	156	157	174	175	195	199	220	223	233	237	287	289	295	298	
