forbidden tuples: 
(P_12.0, P_18.1, P_14.1, P_9.1, P_8.0, P_7.1, P_13.0, P_11.1, P_3.0, P_10.1, P_16.0, P_5.0, P_15.1)
(P_18.0, P_9.1, P_19.1, P_12.1, P_16.1)
(P_3.0, P_10.0, P_9.1, P_13.0, P_4.0, P_12.1, P_5.1, P_11.1, P_8.1, P_17.1, P_2.0, P_14.1, P_1.0, P_6.0, P_18.1, P_7.0, P_15.0)
(P_1.0, P_12.1, P_11.0, P_17.0, P_3.0, P_5.1, P_10.1, P_4.0, P_7.0, P_13.0, P_15.1, P_6.1, P_19.1, P_18.1, P_20.1)
(P_13.1, P_3.0)
(P_20.0, P_9.1, P_14.1, P_5.0, P_1.0, P_11.1, P_4.1)
(P_9.1, P_11.1, P_6.0, P_14.1, P_7.0, P_16.0, P_2.1, P_13.1)
(P_2.0, P_4.1, P_15.1, P_17.0, P_16.1, P_12.1, P_20.1, P_11.0, P_19.1, P_18.1, P_1.0, P_8.1, P_7.1, P_3.1, P_14.0, P_10.0, P_6.0, P_13.1, P_9.0, P_5.1)
(P_9.0, P_1.1, P_5.0, P_7.0, P_2.1, P_6.0, P_18.0, P_10.0, P_13.1, P_12.1)

 ----------original covering array: 
1	0	0	0	1	1	0	1	1	1	1	0	0	1	1	1	1	0	1	1	
1	0	1	1	1	0	1	1	1	0	1	0	1	1	1	1	1	0	0	1	
0	0	0	0	0	1	1	0	1	1	0	0	0	0	0	1	0	1	0	0	
0	0	1	0	0	0	0	0	1	1	0	1	1	0	1	1	0	0	1	1	
0	0	1	1	1	1	0	1	0	0	1	0	0	1	0	1	0	0	0	1	
0	1	1	1	1	1	1	1	1	1	0	1	1	0	0	1	0	1	0	0	
0	0	0	1	1	1	0	1	1	1	0	0	0	0	1	1	1	0	0	1	
0	1	1	0	1	0	1	0	0	0	0	0	1	0	1	1	0	1	0	0	
0	1	0	0	1	1	1	1	0	1	1	0	1	1	1	0	0	1	0	0	
1	0	1	1	0	0	1	0	1	1	0	1	0	1	0	1	0	1	1	1	
1	1	1	1	1	1	1	1	1	1	1	0	0	0	1	0	1	1	0	1	
1	1	0	0	1	0	1	1	0	1	1	1	1	0	1	0	0	0	1	1	
0	1	1	1	1	1	1	0	1	0	1	0	1	1	0	0	1	0	0	0	
0	1	1	0	0	1	1	1	1	1	1	0	1	1	1	1	0	0	1	1	
0	0	1	1	0	0	1	0	0	1	0	0	1	1	0	0	0	0	0	1	
1	0	1	0	0	1	0	0	0	0	0	0	1	1	1	1	1	0	1	0	
1	0	1	1	1	1	0	1	1	1	0	0	1	1	0	0	1	0	1	1	
0	1	0	0	0	1	1	0	1	0	0	1	1	1	0	1	1	0	0	0	
1	0	0	0	1	0	1	0	1	0	0	1	0	1	1	1	1	1	0	0	
1	0	0	0	1	1	1	0	1	0	1	0	1	0	1	0	0	0	1	1	
0	0	0	1	1	1	0	0	1	0	1	0	1	0	1	1	1	1	0	0	
0	0	1	0	1	0	1	1	1	1	1	0	1	0	0	0	0	1	1	0	
1	0	1	0	1	1	1	1	1	0	1	1	1	0	0	1	1	0	0	1	
0	1	1	1	0	0	0	1	0	0	0	0	1	1	0	0	0	0	0	1	
0	0	0	1	1	0	0	0	0	1	1	1	0	0	1	0	0	1	0	1	
1	0	1	1	0	0	1	1	1	0	1	1	0	0	1	0	0	0	0	1	
0	1	0	1	0	1	0	0	1	0	0	0	1	0	0	1	0	0	1	1	
0	1	1	0	0	1	0	0	1	1	1	1	0	1	1	1	1	1	0	0	
1	0	0	0	0	0	1	1	1	0	0	1	1	0	0	1	0	1	1	0	
1	0	1	1	1	0	1	0	0	1	0	1	1	0	1	0	1	1	1	0	
1	1	1	0	1	0	1	0	0	0	1	1	0	0	0	0	1	1	0	0	
0	0	1	1	1	0	0	1	1	0	0	0	0	0	0	1	0	0	1	0	
1	1	1	0	1	1	1	1	1	0	0	1	1	1	1	0	0	1	0	1	
0	0	1	1	0	1	1	0	1	1	1	1	0	0	0	0	0	0	0	1	
0	1	1	1	0	1	0	1	1	0	0	0	0	0	0	0	0	1	0	0	
0	0	0	0	0	1	1	1	0	0	0	1	0	1	1	1	0	0	1	1	
1	1	0	1	0	0	1	0	0	1	0	1	0	0	0	1	1	0	0	0	
0	0	1	0	1	0	0	1	0	1	0	1	1	1	1	1	0	1	1	0	
1	0	1	0	1	1	1	0	1	1	0	0	0	1	1	0	0	0	0	0	
0	1	0	0	1	0	1	0	1	1	0	0	1	0	1	1	0	1	1	1	
0	0	0	1	1	1	1	1	0	0	1	0	0	0	0	0	1	0	1	1	
0	1	0	0	1	0	1	1	1	0	1	0	0	1	1	0	1	0	0	1	
1	1	1	1	0	0	1	0	1	0	0	0	0	1	1	0	1	0	0	1	
1	1	0	1	0	1	0	1	1	0	1	0	1	1	1	0	1	1	0	0	
0	1	0	1	0	0	1	0	1	1	1	0	1	0	1	0	0	0	0	0	
1	1	0	1	1	0	0	1	1	1	1	0	1	1	0	1	1	1	1	1	
1	1	0	1	1	0	1	1	0	0	0	0	1	0	0	0	1	1	0	1	
1	0	1	1	1	0	0	0	1	0	0	1	0	1	1	0	0	0	1	0	
1	1	1	0	1	1	0	0	1	1	0	1	0	0	1	0	1	1	1	1	
0	1	1	1	1	0	1	1	0	1	0	0	0	0	1	0	0	0	1	1	
0	0	0	1	1	1	1	0	0	0	0	0	1	1	0	1	1	1	1	0	
0	1	0	0	0	1	0	1	1	1	0	1	1	1	0	1	1	1	1	1	
0	1	0	1	1	1	0	1	0	1	0	0	1	0	1	0	1	1	1	0	
0	0	0	0	0	0	0	1	1	0	1	0	1	0	1	1	0	1	0	1	
1	1	1	1	1	1	1	1	1	1	1	0	0	0	0	0	0	0	1	0	
0	1	1	1	1	0	0	1	0	0	1	1	1	0	1	0	1	0	0	0	
1	0	0	0	0	1	0	1	1	1	0	0	1	1	0	1	1	0	0	0	
1	1	0	0	0	1	1	1	1	0	0	0	0	0	1	1	1	1	1	1	
1	1	0	0	0	0	0	1	0	1	1	0	0	0	0	0	1	1	0	0	
0	0	0	0	0	1	1	1	1	1	1	0	1	0	1	1	1	0	1	0	
0	0	0	1	1	0	0	0	0	0	0	0	1	1	1	0	1	0	0	0	
1	0	1	1	1	0	0	1	1	1	1	1	0	0	0	1	1	1	0	0	
1	0	0	1	1	1	0	0	1	0	0	0	1	1	1	1	0	1	1	1	
0	1	0	1	1	0	1	0	1	1	0	1	0	0	0	0	0	1	1	1	
1	0	0	0	0	0	1	1	0	1	0	0	1	1	1	0	0	1	0	1	
1	1	1	1	1	0	1	0	1	0	0	1	1	0	1	1	0	0	0	1	
0	1	1	1	0	1	0	0	1	1	0	1	1	1	1	0	1	0	1	0	
1	0	1	1	0	1	1	1	1	1	0	1	0	1	1	0	1	1	0	0	
0	1	1	1	1	1	0	1	1	0	0	0	0	1	1	1	1	1	1	0	
0	1	0	0	0	0	0	0	0	1	0	0	0	1	1	1	1	0	1	0	
1	0	0	0	1	0	0	0	0	1	1	1	0	1	0	1	0	0	0	0	
0	1	0	1	0	0	0	0	0	0	0	1	1	1	1	1	1	1	1	0	
0	1	1	0	1	1	0	1	1	0	0	0	1	0	0	0	1	0	0	1	
0	0	1	0	1	0	0	0	1	0	1	0	0	1	0	1	0	1	0	1	
0	1	1	1	1	0	0	1	0	1	0	0	0	0	0	0	1	0	1	0	
1	1	1	1	0	1	0	0	1	1	1	0	0	1	0	1	1	0	1	1	
0	0	1	0	1	1	1	1	1	0	1	1	0	0	1	1	0	1	1	1	
1	1	0	0	0	1	1	1	1	1	0	0	0	1	0	0	1	1	1	0	
1	1	1	0	1	0	0	0	1	1	1	0	1	1	1	0	1	1	1	0	
0	1	1	0	0	1	0	0	0	0	1	0	0	0	1	0	1	0	1	1	
1	1	0	0	0	1	1	0	1	1	1	1	0	1	1	0	0	0	0	1	
0	0	0	0	1	0	0	1	0	0	1	0	0	1	0	1	1	0	1	1	
1	0	1	1	0	0	0	0	0	0	1	0	1	0	0	0	0	1	1	0	
1	0	1	1	1	1	0	0	0	0	1	1	0	1	1	0	1	1	0	1	
1	0	0	1	0	1	1	1	1	1	1	0	1	0	0	1	0	1	0	1	
1	0	0	0	1	0	0	0	0	1	0	0	1	0	0	1	1	1	0	1	
1	1	0	1	0	0	0	0	0	1	1	1	1	1	1	1	0	1	1	1	
0	1	0	0	1	1	1	0	0	0	0	1	0	0	1	1	1	0	1	1	
0	0	0	1	1	0	1	1	0	1	0	0	0	0	1	1	1	1	0	0	
0	0	1	1	1	0	1	0	0	0	1	0	0	1	1	1	1	0	1	0	
1	0	1	1	1	1	0	1	0	1	0	0	0	1	0	0	0	1	1	1	
1	1	0	1	0	1	0	0	0	1	0	0	0	1	1	1	0	1	0	1	
1	0	0	0	0	0	1	0	1	1	0	0	1	0	0	0	1	0	1	1	
0	0	0	1	0	0	1	1	1	0	0	1	0	1	0	1	1	0	1	1	
0	1	1	0	0	0	0	0	1	0	1	0	1	0	0	0	1	0	1	0	
1	1	1	1	1	0	1	0	1	0	1	1	1	0	0	0	1	1	1	1	
0	1	1	1	1	0	0	1	1	1	1	1	1	1	0	0	1	1	0	1	
0	1	1	1	0	0	0	0	0	1	1	1	0	0	0	1	0	1	1	0	
0	1	0	1	0	0	1	1	1	0	0	1	1	1	1	1	0	1	0	1	
0	1	1	0	0	0	1	1	0	1	0	1	0	0	1	0	1	1	0	1	
0	0	0	1	0	1	1	0	1	0	1	0	0	1	1	1	1	0	0	1	
1	1	1	0	0	1	0	1	0	1	0	1	0	1	1	0	0	1	1	0	
1	1	0	0	0	1	1	0	0	0	1	0	1	1	0	1	1	1	0	1	
1	0	1	0	1	0	0	1	0	0	0	0	0	0	1	0	0	0	0	1	
0	0	0	1	0	0	0	0	1	0	1	0	0	1	0	0	0	0	1	1	
1	1	0	0	1	1	0	0	0	0	0	0	0	1	0	0	1	0	0	1	
1	1	0	1	1	1	0	0	1	1	1	1	1	0	0	0	0	1	1	0	
0	1	1	0	0	1	1	1	0	1	0	0	0	0	1	1	0	0	0	0	
0	0	0	1	0	1	1	1	1	1	1	1	1	1	1	0	0	1	1	1	
1	1	0	1	1	0	0	1	0	1	0	1	0	1	1	0	1	0	0	1	
1	0	0	1	0	1	1	1	0	0	0	0	1	0	0	1	0	0	0	0	
1	0	1	1	1	0	0	0	1	1	0	0	1	0	1	0	0	1	0	1	
1	1	0	0	0	0	0	1	1	1	1	0	0	0	0	0	0	0	1	1	
0	1	0	1	1	1	0	1	0	1	1	1	0	1	0	1	1	1	0	0	
0	0	0	0	0	1	0	1	0	0	0	1	1	1	1	0	1	1	0	1	
0	1	1	0	1	0	1	1	1	1	1	1	0	0	1	1	0	0	1	0	
1	0	0	0	1	0	0	1	1	0	0	1	0	1	1	0	1	1	1	1	
0	0	0	0	1	0	1	1	1	1	0	0	1	1	0	1	0	0	0	1	
0	1	1	0	1	0	1	0	0	1	1	1	1	1	1	1	1	0	0	1	
0	1	0	1	0	0	0	1	0	0	1	0	1	0	1	1	0	0	1	0	
0	0	0	0	0	0	1	0	1	0	1	1	1	1	1	0	1	1	1	0	
1	0	0	0	1	1	0	1	0	1	1	0	1	0	1	0	1	0	0	1	
1	1	1	1	1	0	0	0	0	0	0	1	1	1	0	1	1	1	0	0	
0	1	1	1	0	1	1	0	0	1	0	1	1	0	1	0	1	0	0	1	
1	1	0	0	1	0	0	0	1	1	0	1	0	0	0	1	1	0	1	0	
0	0	1	1	1	1	1	0	0	0	1	0	1	0	1	0	0	1	0	1	
0	0	1	0	1	1	1	0	0	1	0	0	0	1	1	0	1	1	1	1	
1	1	1	1	0	0	0	0	1	0	0	0	0	1	0	1	0	0	0	0	
0	0	1	1	0	0	1	0	1	1	1	1	1	0	0	1	1	0	1	0	
1	1	0	1	1	0	0	1	1	0	0	0	1	1	0	0	0	0	1	0	
1	1	1	0	0	1	0	0	0	1	0	0	1	0	0	0	0	1	0	1	
1	1	1	0	0	0	0	0	1	0	0	0	0	1	1	1	0	1	1	1	
0	0	1	1	0	0	0	1	1	1	1	0	0	1	1	0	0	1	0	0	
0	0	1	0	0	1	0	1	1	1	0	0	0	0	0	1	1	1	1	1	
1	1	0	0	1	0	1	1	1	1	1	1	1	0	1	1	1	1	0	0	
0	0	0	0	0	1	0	0	0	1	1	0	1	1	0	0	0	0	1	0	
0	0	0	0	0	0	1	1	0	1	1	1	0	1	0	1	0	1	0	1	
0	0	0	1	0	0	0	1	1	1	0	1	1	0	0	0	1	1	1	0	
0	0	0	0	0	1	1	0	0	1	0	1	1	0	1	1	0	1	0	0	
0	0	0	0	0	0	1	0	0	0	0	0	0	0	0	0	0	1	1	1	
0	1	1	0	1	0	0	0	1	1	1	0	0	0	1	1	1	0	0	1	
1	1	1	1	0	1	0	1	0	0	0	1	0	0	0	0	1	0	1	1	
1	0	1	0	0	1	1	1	0	0	1	0	0	1	0	0	0	0	1	0	
1	0	0	0	1	0	0	1	1	0	1	1	1	1	0	0	0	0	0	0	
1	1	0	1	1	0	1	1	0	0	1	0	0	1	0	1	0	1	0	0	
1	0	1	0	0	0	1	1	0	0	0	1	1	0	1	1	1	0	1	1	
1	1	1	0	0	0	1	1	1	1	0	1	1	1	0	0	0	0	0	0	
1	1	0	1	1	0	0	0	0	0	0	1	1	1	0	1	0	0	1	1	
0	0	0	1	1	1	1	0	0	1	0	1	1	1	1	0	0	0	1	1	
1	1	0	1	1	1	1	1	1	0	1	1	0	1	0	1	1	0	1	0	
1	0	1	0	0	0	0	0	0	1	0	1	0	1	0	0	1	0	1	0	
0	1	0	0	1	1	1	0	1	1	1	0	0	0	0	1	1	1	1	0	
0	1	0	1	0	0	0	1	0	0	1	1	0	1	1	0	0	1	0	1	
0	1	1	0	1	0	1	1	1	0	0	1	0	1	0	0	0	0	1	1	
0	0	1	1	0	1	1	1	1	0	0	0	1	0	1	0	0	0	1	0	
1	0	1	0	0	0	0	0	1	1	1	0	0	1	1	1	1	1	1	1	
0	0	1	0	1	1	0	0	0	0	0	1	1	0	0	0	0	0	1	0	
1	0	0	0	0	1	0	0	0	0	1	1	1	0	0	1	1	0	1	1	
1	1	1	0	0	0	0	1	1	0	1	1	0	1	1	1	1	0	1	0	
0	1	0	0	1	1	0	0	1	0	1	1	1	1	1	1	0	0	0	1	
1	1	0	1	1	1	0	0	1	1	0	1	1	0	0	1	1	1	0	1	
0	0	1	0	0	0	1	0	0	0	1	1	1	1	1	0	0	0	0	0	
0	0	0	1	1	1	0	1	1	0	0	1	0	1	1	1	0	1	0	1	
1	0	0	1	0	1	0	1	1	0	0	1	0	0	0	0	0	1	0	1	
1	1	0	0	0	0	0	0	0	0	0	1	1	0	1	0	0	0	0	0	
1	0	0	0	0	1	0	0	0	0	1	1	0	0	0	1	0	1	0	0	
0	1	0	1	1	1	1	0	1	0	0	1	0	0	1	0	1	0	0	0	
0	0	0	0	0	1	0	0	1	0	0	0	0	0	1	0	0	0	0	0	
1	1	1	0	1	1	0	1	0	0	1	0	0	0	1	1	1	1	0	0	
0	1	1	1	1	1	0	0	0	1	0	0	0	0	0	1	0	1	0	1	
0	1	1	0	0	0	0	0	1	0	1	1	1	0	0	0	0	1	0	1	
1	1	0	0	1	0	1	0	0	1	1	1	0	1	0	0	1	1	1	1	
0	0	1	1	0	1	0	1	1	0	1	1	1	1	0	1	0	1	1	0	
1	1	0	0	0	0	1	0	1	0	1	0	1	1	0	1	0	0	1	0	
0	1	0	1	0	0	0	0	1	1	0	0	0	0	1	0	1	1	1	1	
0	0	0	1	1	0	1	0	0	0	1	1	1	0	0	1	0	0	0	0	
1	0	1	1	0	0	1	0	0	1	1	0	1	1	0	1	1	1	0	0	
1	1	0	0	1	1	1	1	0	0	0	1	0	0	1	1	0	1	0	1	
1	0	0	1	0	0	1	1	1	1	0	0	0	1	1	1	0	0	1	0	
1	1	1	1	0	0	0	1	1	1	0	0	1	0	1	1	1	0	0	0	
1	1	0	1	0	0	1	1	0	1	1	1	1	1	0	0	1	0	1	0	
1	1	1	0	0	1	1	0	0	1	0	1	0	0	0	1	0	0	1	1	
0	1	0	0	1	0	0	1	0	0	0	1	0	0	0	1	0	1	1	0	
0	0	0	1	1	0	1	0	1	1	1	0	0	1	0	0	1	1	0	0	
0	0	1	1	0	0	0	0	0	0	0	1	0	0	1	1	1	1	0	1	
1	1	0	0	1	1	0	1	0	1	0	0	1	0	0	1	0	0	1	0	
0	0	1	1	0	1	1	0	0	1	1	0	0	1	1	1	0	1	1	0	
0	1	1	0	0	1	1	0	0	0	1	1	1	1	0	1	0	0	1	1	
1	0	0	1	0	1	1	0	1	0	0	1	1	1	0	0	0	1	0	1	
0	1	1	1	0	1	1	0	0	0	1	0	0	1	0	0	1	1	1	1	
1	0	1	0	1	1	1	0	1	1	1	1	1	1	0	0	0	1	1	1	
0	0	0	1	1	1	0	0	1	1	0	1	0	1	0	1	0	0	1	0	
1	0	0	1	1	0	1	1	1	0	1	1	0	0	1	0	0	1	1	0	
0	0	1	1	0	1	1	1	1	0	1	0	1	0	0	1	1	1	0	1	
0	1	0	1	0	1	1	0	1	0	1	1	0	0	0	1	1	1	1	1	
0	1	1	1	1	0	0	1	1	0	0	1	1	0	1	0	0	1	1	1	
1	0	1	1	1	0	0	1	0	1	1	1	0	0	0	1	0	0	1	1	
0	0	0	0	1	1	0	0	1	1	0	1	0	0	0	0	1	1	0	1	
0	0	1	1	1	1	0	0	0	1	1	0	1	0	1	1	1	1	1	1	
0	1	1	0	1	0	0	1	0	1	1	1	1	0	0	1	0	0	0	1	
0	1	1	1	1	0	1	0	1	0	1	1	0	1	1	1	0	1	1	0	
1	0	0	1	0	0	0	0	1	1	1	1	1	1	1	1	1	0	0	1	
1	1	0	1	1	0	0	0	0	0	1	0	0	0	1	1	1	0	1	1	
0	0	0	0	0	0	0	1	0	1	1	1	0	0	1	0	1	0	1	0	
0	1	0	1	1	0	0	0	0	1	1	0	1	1	0	0	0	0	1	1	
0	1	0	0	1	0	0	0	1	1	0	0	1	1	0	0	0	1	0	0	
1	1	0	1	1	1	1	0	1	1	0	0	1	1	1	1	1	0	1	1	
1	0	1	1	0	1	0	0	0	1	0	0	0	0	0	0	1	0	0	0	
1	0	1	1	1	1	1	0	0	1	0	1	0	1	0	1	1	0	0	1	
1	0	1	0	0	1	0	1	1	1	1	1	1	0	1	0	0	1	1	1	
1	0	1	1	1	1	1	0	1	0	0	0	0	0	0	1	1	1	1	1	
1	0	1	0	0	1	0	0	1	0	0	0	1	0	0	0	1	1	0	0	
0	0	1	0	1	0	0	0	1	0	0	1	1	1	0	0	1	0	0	1	
0	1	0	0	0	0	0	1	1	0	0	1	0	0	0	1	1	0	0	1	
1	1	1	1	0	0	1	1	0	1	1	0	0	0	1	1	0	1	0	1	
0	1	0	1	0	1	1	1	1	1	0	0	0	1	0	0	0	0	1	1	
1	1	1	1	0	0	1	1	0	1	0	0	1	0	0	1	0	1	1	0	
0	1	0	1	0	1	0	1	1	1	1	1	0	0	1	1	0	0	1	0	
0	0	1	0	1	1	0	1	0	1	1	1	1	0	0	0	1	1	0	0	
0	0	1	1	0	0	0	1	0	0	1	0	1	1	1	0	1	1	1	1	
1	0	1	0	0	0	0	1	0	1	1	0	1	1	0	0	1	0	0	1	
1	0	0	1	1	1	0	1	1	0	0	1	1	0	1	1	1	0	1	0	
1	0	0	1	0	0	0	1	0	0	0	0	0	1	0	1	1	1	1	0	
1	0	1	0	0	0	1	0	0	1	1	0	0	0	1	1	0	0	0	0	
0	0	0	1	1	0	1	1	0	0	1	1	1	0	1	1	1	1	1	1	
0	0	1	0	0	1	1	1	1	1	1	1	0	1	0	0	1	0	0	0	
1	1	1	0	1	0	1	1	0	0	0	0	1	1	1	0	1	0	1	0	
1	0	0	0	1	1	1	1	0	1	0	1	0	0	0	0	0	0	0	0	
1	1	1	1	1	1	0	0	0	1	1	0	1	1	1	0	0	0	0	0	
0	1	1	0	0	1	1	0	0	0	0	1	0	1	0	1	0	1	0	1	
1	1	1	0	1	0	1	1	0	1	0	0	0	1	0	1	1	1	1	1	
1	1	1	1	0	1	0	1	0	0	0	1	1	1	1	1	0	0	0	1	
0	1	0	0	1	1	1	1	1	1	0	1	1	0	1	0	1	0	1	0	
0	1	0	0	0	1	1	1	0	0	1	1	1	0	0	0	0	1	1	0	
0	1	1	1	0	0	1	1	1	0	1	0	0	0	0	1	1	0	0	0	
1	1	0	1	0	0	1	0	1	1	1	1	0	1	1	0	0	1	0	0	
0	0	1	0	1	0	1	0	1	1	1	1	0	0	0	0	1	0	1	1	
0	0	1	0	1	1	1	0	0	0	0	0	1	0	0	1	1	0	0	1	
1	0	0	1	0	0	0	1	0	1	0	1	1	0	1	0	0	1	0	0	
1	0	0	1	1	1	1	1	0	1	1	1	1	1	1	1	0	0	0	0	
1	0	0	0	0	1	0	1	0	0	1	0	0	1	1	1	0	0	0	1	
1	0	0	1	0	1	1	0	0	0	0	1	0	0	1	0	0	1	1	0	
1	1	0	1	1	1	1	0	0	0	0	0	0	1	1	0	0	1	1	0	
1	0	1	0	1	1	1	1	0	1	1	1	1	1	0	1	1	1	1	1	
1	1	1	0	1	1	0	0	1	1	1	0	1	1	0	1	0	1	0	0	
1	1	0	0	0	1	1	1	0	0	1	0	0	0	1	0	1	0	0	0	
1	0	1	1	0	1	1	1	0	0	0	1	1	1	0	0	1	1	1	1	
1	1	0	1	1	0	1	0	1	1	1	0	0	0	0	1	0	0	0	1	
1	0	0	1	0	1	1	1	0	1	1	1	0	1	1	1	1	1	1	0	
1	1	1	1	0	0	1	1	0	0	1	1	0	1	1	0	0	0	1	1	
0	1	1	1	1	0	1	0	0	1	0	1	0	1	1	1	0	0	0	0	
1	1	1	0	0	1	1	0	1	0	1	0	1	0	1	1	1	1	1	0	
0	0	1	1	1	1	0	1	0	0	1	1	0	1	1	0	1	0	1	0	
0	1	1	0	0	1	1	0	1	1	0	0	1	1	1	0	1	1	0	1	
0	1	0	0	1	0	0	1	0	0	0	0	1	1	1	0	0	1	1	1	
0	1	1	0	1	1	0	0	0	1	1	1	0	1	1	0	0	0	1	1	
1	0	1	1	1	0	1	1	1	1	1	0	1	0	1	0	1	0	1	0	
1	0	0	0	1	1	0	0	0	0	1	1	1	1	0	0	1	1	1	0	
0	0	1	0	1	1	0	0	0	1	0	1	1	1	1	1	1	0	0	0	
0	1	1	1	0	0	1	1	0	1	1	0	0	0	1	0	1	1	1	0	
0	1	0	1	0	1	0	0	0	0	1	1	0	1	0	0	0	0	0	0	
0	0	1	1	1	0	1	1	1	1	0	1	1	1	1	1	1	1	1	1	
0	0	0	0	0	0	1	1	0	0	0	0	0	1	0	0	1	0	0	0	
0	0	0	0	0	1	0	0	0	1	0	1	1	1	0	0	0	1	1	1	
0	1	1	0	0	0	0	1	0	0	1	0	1	1	0	1	1	1	0	0	
1	0	0	0	1	0	0	0	0	1	1	0	0	0	1	1	0	1	1	0	
0	1	0	0	1	1	1	1	1	0	1	0	0	0	0	0	0	1	0	1	
0	0	1	1	1	0	1	1	0	0	0	1	0	1	0	0	0	1	0	0	
1	0	1	0	0	1	0	1	1	1	0	1	0	1	1	1	0	0	0	1	
1	1	1	1	1	1	1	0	0	1	1	1	1	0	1	1	0	0	1	0	
0	0	0	0	1	1	0	1	1	0	1	0	0	1	0	0	0	1	1	0	
1	0	1	0	0	0	1	1	1	1	0	0	0	0	0	0	0	1	0	1	
1	0	1	1	0	1	0	0	1	0	1	1	1	0	1	1	0	0	0	0	
0	1	0	0	1	0	0	1	1	1	0	1	0	1	1	0	0	0	0	0	
0	1	0	1	0	0	1	1	0	1	0	0	1	0	0	1	1	0	0	1	
1	0	0	0	0	0	1	0	0	0	1	1	1	0	1	0	1	1	0	1	
1	1	1	0	0	1	1	0	1	0	0	1	0	0	0	0	0	0	1	0	
0	0	0	1	0	1	0	1	0	1	1	1	1	0	0	0	0	0	0	1	
1	0	1	0	1	1	1	1	1	0	0	0	1	1	1	1	0	1	0	0	
1	1	1	0	1	1	0	1	1	0	0	0	0	0	0	1	0	0	0	0	
1	1	0	1	0	1	0	1	1	0	1	1	1	0	1	0	1	0	1	1	
1	1	1	1	1	1	0	1	0	0	1	0	1	0	0	1	0	1	1	1	
1	0	0	1	0	1	1	0	0	1	1	0	0	0	1	0	1	0	1	1	
0	1	0	1	0	0	1	0	1	0	0	0	1	1	0	1	0	1	1	0	
0	0	0	0	1	0	0	1	0	0	1	0	0	0	1	1	0	0	0	0	
1	0	0	1	1	0	0	0	1	0	1	0	0	0	0	0	1	0	0	0	
0	1	1	0	1	1	0	0	0	0	1	1	0	0	1	0	0	1	1	0	
1	1	1	1	0	1	1	1	0	0	1	1	1	0	1	1	1	1	0	0	
0	0	1	0	0	0	1	0	0	0	0	1	0	0	0	1	1	1	1	0	
0	1	0	0	0	1	0	1	0	1	1	0	0	1	1	1	1	1	1	1	
0	1	1	0	1	1	1	1	0	1	0	1	1	1	0	1	1	0	1	0	
1	1	0	0	1	1	1	0	0	1	1	0	1	0	0	0	1	0	0	0	
1	1	1	0	0	0	0	1	1	0	1	1	0	1	0	0	1	1	0	1	
1	0	1	0	1	0	1	0	0	0	1	0	1	1	0	1	0	0	1	1	
0	0	1	0	1	0	0	0	1	0	0	0	0	0	1	0	1	1	1	0	
0	0	0	1	0	1	0	0	0	1	0	0	1	1	0	1	1	0	0	0	
1	0	0	0	0	1	0	0	1	0	0	0	0	0	1	1	1	1	1	0	
0	1	0	0	1	0	0	0	0	0	1	1	1	0	0	0	1	1	1	1	
0	0	0	1	1	0	0	1	1	0	1	1	1	1	0	0	1	0	1	1	
0	1	1	0	0	0	0	0	1	0	1	0	0	1	1	1	1	0	0	1	

invalid rows: 
4	9	12	18	20	21	27	29	40	44	45	46	47	51	52	53	54	57	60	61	63	65	72	79	85	86	87	93	94	97	99	103	107	109	111	115	116	118	120	121	122	125	129	130	133	135	136	138	139	144	148	149	150	158	159	160	161	165	173	174	176	181	186	189	192	202	205	206	207	218	222	225	233	234	239	240	255	258	264	275	276	278	281	284	292	296	298	299	

 ----------pgm covering array: 
1	0	0	1	1	0	1	1	1	0	1	1	0	1	1	0	1	0	1	1	
1	1	1	0	1	0	1	0	1	0	0	1	1	1	1	1	1	0	1	1	
0	0	0	1	0	0	0	1	0	0	0	0	1	0	0	0	1	1	1	0	
0	0	1	1	0	1	0	0	0	0	1	0	0	1	0	1	1	0	1	1	
1	1	1	0	0	0	1	1	0	0	0	1	0	0	1	0	0	0	1	1	
0	1	1	1	0	1	1	1	0	1	0	0	1	0	1	1	1	1	1	0	
0	1	0	1	1	0	1	1	0	0	0	0	0	1	1	0	1	0	1	1	
0	0	1	0	0	0	0	0	0	1	0	0	1	1	1	1	0	1	1	0	
1	0	0	1	0	0	1	1	0	1	0	1	1	1	1	1	0	1	0	0	
0	1	1	1	0	1	0	0	1	0	1	1	1	0	0	0	1	1	1	1	
1	1	1	1	1	0	1	1	1	1	0	0	1	1	1	0	1	1	0	1	
1	0	0	1	0	1	1	0	1	1	1	0	1	1	1	1	0	0	0	1	
1	1	1	0	1	0	0	1	0	1	0	1	1	0	1	1	1	0	0	0	
1	0	1	1	0	0	1	1	0	1	1	1	1	1	0	1	1	0	1	1	
0	1	1	1	0	0	0	0	0	0	0	1	1	0	0	1	0	0	0	1	
0	0	1	0	1	0	0	1	1	0	1	1	0	1	0	1	0	0	1	0	
0	1	1	1	1	0	1	1	1	0	1	1	0	0	1	1	1	0	0	1	
0	0	0	0	1	1	0	1	0	1	0	1	1	0	0	1	1	0	1	0	
0	0	0	0	1	1	0	0	1	0	0	1	1	1	1	0	1	1	1	0	
1	0	0	0	0	0	0	1	1	0	1	0	1	1	1	1	1	0	0	1	
1	1	0	0	1	0	0	1	0	0	0	0	0	1	1	1	1	1	1	0	
1	0	1	1	0	0	1	0	0	0	1	0	1	0	1	1	1	1	0	0	
1	0	1	0	1	1	1	1	1	0	0	0	1	0	1	1	1	0	1	1	
0	1	1	0	0	0	1	0	0	1	0	1	0	0	0	1	0	0	0	1	
1	1	0	1	0	1	0	0	0	0	0	0	0	1	1	0	0	1	0	1	
1	1	1	0	0	1	1	0	1	0	0	0	1	1	0	0	1	0	0	1	
0	1	0	0	0	0	0	1	0	1	1	0	0	0	0	1	1	0	1	1	
1	0	1	1	1	1	0	1	0	1	0	1	0	1	0	0	1	1	1	0	
0	0	0	0	0	1	1	0	1	0	1	0	1	0	0	1	1	1	1	0	
0	1	1	1	1	1	0	0	1	0	1	0	1	1	1	1	0	1	0	0	
1	0	1	0	1	1	0	0	1	1	0	0	1	0	1	0	0	1	0	0	
0	1	1	0	0	0	1	0	0	0	1	0	0	0	1	0	1	0	1	0	
0	0	1	0	0	1	1	1	1	1	0	1	1	1	1	1	1	1	0	1	
1	1	1	1	0	1	0	1	0	0	0	0	1	0	0	0	1	0	0	1	
0	1	1	0	0	0	1	1	0	1	0	0	0	0	0	0	1	1	0	0	
0	0	0	0	0	1	1	1	0	0	1	1	1	1	0	0	0	0	1	1	
0	1	0	1	1	1	0	0	1	1	0	0	1	0	0	0	0	0	1	0	
0	0	1	1	0	1	1	0	0	0	1	1	0	1	1	1	0	1	1	0	
0	0	1	1	0	0	0	1	1	0	0	1	1	1	1	0	1	0	0	0	
0	0	0	1	0	0	0	0	0	1	1	0	1	1	1	1	1	1	1	1	
1	1	0	0	1	0	1	1	0	0	1	0	1	0	1	0	0	0	0	1	
1	0	0	0	1	0	1	0	0	1	0	1	1	1	1	0	1	0	0	1	
0	1	1	0	1	0	0	0	1	1	0	1	1	1	0	0	1	0	0	1	
1	1	0	0	1	0	1	1	1	1	0	1	0	1	0	1	1	1	0	0	
1	1	0	1	0	0	0	0	0	1	0	0	1	1	0	1	1	0	0	0	
1	1	0	1	1	0	1	0	1	1	1	1	0	0	1	1	1	1	1	1	
0	1	0	0	1	0	1	0	1	1	0	0	1	0	1	1	0	1	0	1	
0	1	1	0	0	1	0	0	1	0	1	1	0	1	1	0	1	0	0	0	
0	0	1	1	1	1	0	1	1	1	1	0	0	1	1	0	1	1	0	1	
0	1	1	1	0	0	1	0	0	1	1	0	1	1	1	0	0	0	0	1	
0	1	0	0	1	0	0	1	0	0	1	1	1	0	1	1	0	1	1	0	
0	0	0	1	1	1	1	1	0	1	1	1	0	0	0	1	1	1	1	1	
0	1	0	1	1	0	1	1	0	1	1	0	0	1	1	1	0	1	0	0	
1	0	0	0	0	0	1	0	0	0	0	0	0	1	0	1	1	1	1	1	
1	1	1	1	0	0	1	1	1	1	1	0	1	0	1	0	1	0	0	0	
1	1	1	0	1	1	1	0	0	1	0	0	0	1	1	1	0	0	0	0	
0	0	0	1	1	0	1	1	1	0	0	1	0	0	0	1	1	0	1	0	
0	0	0	0	1	0	1	1	1	1	1	0	1	1	0	0	1	1	1	1	
1	0	0	1	1	0	1	0	1	1	0	0	0	0	0	0	0	1	0	0	
1	0	0	1	1	0	1	1	0	0	1	0	1	1	0	1	1	0	1	0	
0	1	0	0	1	0	0	0	0	0	0	1	0	1	1	1	0	0	0	0	
1	1	1	1	1	1	1	0	1	0	0	0	0	0	1	0	1	1	1	0	
0	1	0	0	0	0	0	1	1	0	1	1	0	1	1	1	1	1	1	1	
0	1	0	1	0	1	0	0	0	1	1	0	1	0	1	0	1	1	0	1	
0	0	0	1	0	0	1	0	1	0	0	1	1	1	0	1	0	1	0	1	
0	1	1	0	0	1	0	0	1	1	0	0	1	1	1	1	1	0	1	1	
0	1	1	1	1	1	0	1	0	1	1	1	0	1	0	1	1	0	0	0	
0	1	1	1	1	1	1	1	1	0	0	1	1	1	0	0	1	1	0	0	
0	1	1	0	1	0	1	1	0	1	1	1	0	1	1	0	1	1	1	0	
0	0	0	1	1	0	0	0	0	1	1	1	0	1	0	0	0	0	1	0	
1	0	0	1	0	1	0	0	1	0	0	1	0	0	1	0	0	0	1	0	
0	1	0	0	1	1	0	0	0	1	1	1	0	1	0	1	0	1	1	0	
0	0	1	0	1	0	1	1	0	1	0	0	0	0	1	1	1	0	0	1	
1	0	1	0	0	0	0	0	0	0	0	1	0	0	1	0	1	1	1	1	
0	1	1	1	1	0	1	0	0	1	1	0	0	0	1	0	0	0	0	0	
1	1	1	1	1	0	0	1	1	1	1	1	0	0	0	0	1	0	1	1	
1	0	1	0	0	1	1	1	0	0	1	0	1	1	1	0	1	1	1	1	
0	0	0	1	1	0	1	1	1	1	1	1	1	0	0	0	1	1	0	0	
1	0	1	1	1	0	0	0	1	1	1	1	0	1	1	1	1	1	0	0	
1	0	1	0	1	0	0	1	0	1	1	0	0	1	0	0	0	0	0	1	
1	0	0	1	0	1	0	1	1	1	0	1	1	1	0	0	1	0	0	1	
1	0	0	0	1	0	1	0	0	0	1	1	0	0	1	0	0	0	1	1	
1	1	1	0	0	0	0	0	1	0	1	0	0	0	0	1	0	1	0	0	
1	1	1	0	1	1	0	1	1	0	0	1	0	1	1	0	0	1	0	1	
1	1	0	1	0	0	1	1	1	0	0	0	1	0	0	1	1	1	1	1	
0	0	0	1	1	0	0	0	1	0	0	0	0	0	1	1	0	1	1	1	
1	1	0	1	0	1	0	0	1	1	1	1	0	1	0	1	0	1	1	1	
0	0	0	0	1	1	0	1	0	1	1	0	1	1	1	0	0	0	1	1	
0	1	0	1	1	0	1	0	0	0	0	0	1	1	1	0	0	1	1	0	
1	1	1	0	1	0	0	0	0	0	1	1	1	1	1	0	0	0	1	0	
0	1	1	1	0	0	1	1	1	0	1	1	0	0	1	0	0	1	0	1	
0	1	0	1	0	0	0	1	1	1	0	1	0	1	0	0	0	1	1	1	
0	0	0	1	1	0	0	0	1	0	1	0	1	0	0	1	1	0	0	1	
0	1	0	0	1	1	1	0	0	0	1	1	1	0	0	0	1	0	1	1	
1	0	1	0	1	0	0	0	0	1	1	0	0	0	0	1	1	0	0	0	
1	1	1	0	1	1	0	0	1	1	1	0	1	0	1	1	1	1	0	1	
1	1	1	1	1	1	1	0	0	1	0	1	0	0	1	1	1	1	0	1	
1	1	1	1	0	1	0	0	0	1	1	0	0	0	0	0	0	1	1	0	
0	1	0	0	0	1	1	0	0	1	0	1	1	1	0	1	1	1	1	1	
0	0	1	1	1	1	1	0	0	1	0	0	1	1	0	0	0	1	0	1	
1	1	0	0	1	0	0	1	0	0	0	1	1	1	0	0	1	0	1	1	
0	0	1	1	0	1	1	1	1	1	1	1	0	1	0	0	0	1	0	0	
1	0	0	0	1	0	0	1	1	1	0	1	1	0	0	1	0	1	1	1	
0	0	1	0	0	0	1	0	1	0	0	0	0	1	1	0	0	0	0	1	
1	1	0	0	0	0	0	0	0	0	1	1	0	0	0	0	1	0	0	1	
0	0	0	0	1	0	0	1	1	1	0	1	0	0	1	0	0	0	0	1	
1	1	0	1	0	1	0	1	1	1	1	0	0	0	1	1	1	1	0	0	
0	0	1	1	0	0	1	1	0	1	0	0	1	1	0	0	0	0	1	0	
1	1	0	1	0	1	1	1	0	0	1	1	1	1	0	1	1	1	0	1	
0	1	0	1	1	1	1	0	1	1	0	1	0	1	1	0	0	0	0	1	
0	1	0	0	0	0	1	1	1	0	0	0	1	0	0	1	0	0	1	0	
0	1	1	1	0	0	0	0	1	0	0	0	0	1	1	1	1	1	0	1	
1	0	0	1	0	0	1	0	1	1	1	0	0	0	0	0	1	0	0	1	
1	1	0	1	1	1	1	1	0	1	0	1	0	0	1	0	0	1	1	0	
0	0	0	0	1	1	1	1	0	0	0	1	0	1	0	1	0	1	0	1	
1	0	1	1	0	1	1	0	0	1	1	0	1	1	1	0	1	0	1	0	
0	0	0	0	1	1	1	0	1	0	1	1	0	1	1	0	1	1	0	1	
0	0	0	1	0	0	1	0	0	0	0	1	1	0	1	1	1	0	1	1	
1	0	1	1	1	1	0	0	0	1	0	1	1	1	1	1	0	0	1	1	
1	1	0	0	0	0	1	0	0	1	1	0	0	1	0	1	0	0	1	0	
1	0	0	0	1	1	0	0	0	0	1	1	1	1	0	1	1	1	0	0	
1	0	0	1	1	0	1	1	1	0	0	0	0	1	1	1	0	0	0	1	
0	1	1	0	1	1	0	0	1	1	0	1	0	0	1	1	0	1	1	0	
0	1	1	1	1	1	0	1	0	1	0	0	1	1	0	1	0	0	0	1	
0	0	0	1	1	1	0	0	1	1	1	0	0	0	1	0	1	0	1	0	
1	1	1	0	0	0	0	1	0	0	0	0	1	1	1	1	0	1	0	1	
0	0	1	1	1	0	0	1	0	0	1	1	1	1	1	0	0	1	0	1	
0	1	1	0	0	0	0	0	1	1	0	1	0	0	0	0	1	0	1	0	
1	1	1	1	1	1	0	0	0	0	1	0	1	0	0	1	1	0	1	0	
0	1	0	0	0	0	1	0	1	1	1	1	0	0	1	1	1	0	0	0	
0	0	1	1	0	0	0	1	1	1	0	0	0	0	0	1	0	1	0	1	
0	0	1	0	0	0	0	0	1	1	1	1	0	1	0	0	1	1	1	1	
1	1	1	1	0	0	1	0	0	0	0	1	0	1	0	0	1	1	0	0	
0	0	1	1	1	0	1	1	0	0	1	0	0	0	0	0	1	1	1	1	
1	0	0	1	1	1	1	0	1	1	0	0	1	1	1	1	1	1	1	0	
1	0	0	1	0	0	0	1	0	0	1	1	0	0	0	1	0	0	0	0	
1	0	0	1	0	1	1	0	0	0	0	1	1	0	0	0	0	1	1	1	
0	1	0	1	1	1	1	0	0	0	1	0	0	0	0	1	1	1	0	0	
0	0	0	1	0	1	0	1	0	0	0	0	1	1	0	1	0	1	1	0	
0	0	0	0	0	0	0	0	0	0	1	0	1	0	0	0	0	1	0	1	
1	0	1	1	1	0	0	0	0	1	0	0	0	1	1	0	1	0	1	1	
0	1	1	0	1	1	1	1	1	1	1	0	0	0	0	0	0	0	0	1	
1	0	1	0	0	0	1	1	1	0	1	1	1	0	0	0	0	0	0	0	
1	0	0	0	0	1	1	0	1	0	0	1	0	0	1	1	1	0	0	0	
1	1	0	0	0	0	1	0	1	1	0	1	1	0	1	0	0	1	1	0	
0	0	1	0	1	1	1	0	1	0	1	0	1	1	0	1	0	0	1	1	
0	0	1	1	0	1	1	0	1	1	0	1	1	0	0	1	1	0	0	0	
0	1	0	0	0	1	0	0	1	1	1	1	0	0	1	1	0	0	1	1	
0	1	0	1	0	1	0	1	0	0	1	1	1	1	1	1	0	0	0	1	
1	1	0	0	1	1	1	1	1	1	1	1	1	0	1	0	1	0	1	0	
0	0	1	1	1	1	0	0	1	0	1	1	0	0	0	0	0	0	0	0	
1	0	0	1	1	0	0	1	0	1	1	0	1	0	1	0	1	1	1	0	
1	1	0	0	0	1	1	0	0	1	0	1	0	1	0	0	0	1	0	1	
0	0	1	0	0	1	1	0	0	1	1	1	1	0	1	0	1	0	0	1	
0	1	1	0	0	0	1	1	0	0	1	0	1	1	0	1	1	0	0	0	
1	0	1	1	1	0	0	0	1	0	1	1	0	1	0	0	1	1	1	1	
0	0	1	0	0	1	0	1	0	0	1	0	0	0	1	1	0	0	0	0	
1	0	0	0	1	1	0	1	1	0	1	0	0	0	0	1	0	0	1	1	
1	0	1	0	1	1	1	0	1	1	1	1	0	1	0	0	1	0	1	0	
1	0	0	0	0	1	0	1	0	1	0	1	0	1	1	1	1	0	1	1	
0	1	0	1	1	1	0	1	1	1	0	0	0	0	1	1	1	1	1	1	
1	0	1	0	0	1	0	0	0	0	0	1	1	1	0	1	0	0	0	0	
0	1	0	0	0	1	1	1	0	0	0	1	0	1	1	0	1	1	1	1	
0	1	0	0	0	1	1	1	1	0	0	0	0	0	0	0	1	1	0	1	
0	0	0	0	0	1	0	0	1	1	0	0	0	1	0	1	0	0	0	0	
1	0	0	0	0	1	0	1	1	0	0	0	0	0	0	0	0	1	1	0	
0	1	0	0	1	1	0	1	0	1	0	0	1	1	1	0	1	0	0	0	
0	0	0	0	0	0	0	1	0	0	0	0	0	1	0	0	1	0	0	0	
1	0	1	0	1	0	1	1	1	1	0	0	0	1	1	0	0	1	1	0	
0	1	1	1	0	0	0	1	0	1	0	0	0	0	1	0	0	1	1	1	
1	0	1	0	0	1	0	0	0	1	0	0	0	0	0	1	1	1	0	1	
1	0	0	1	1	1	0	0	1	1	1	1	1	0	1	0	0	1	0	1	
1	1	1	0	0	1	1	1	0	0	1	1	0	0	0	1	1	1	1	0	
1	0	0	0	0	0	0	0	1	1	1	1	1	0	0	1	1	0	1	0	
0	1	0	1	1	0	0	0	0	1	1	0	0	1	0	0	1	1	0	1	
1	1	0	0	0	1	0	0	0	0	0	0	1	0	1	1	0	0	1	0	
1	1	1	1	1	0	0	0	1	0	0	1	1	0	0	1	0	1	1	0	
0	0	0	0	0	1	1	1	1	1	0	0	1	1	1	0	0	1	1	1	
0	1	0	1	0	0	1	0	1	0	1	1	1	1	0	0	1	0	1	0	
0	1	1	1	1	0	1	0	1	1	0	0	0	1	0	1	1	0	1	0	
1	1	0	1	1	1	1	0	1	1	1	1	1	0	0	1	0	0	0	0	
0	0	1	1	0	1	0	1	1	1	1	0	1	0	0	0	0	0	1	1	
0	0	0	0	0	1	1	0	0	1	1	0	0	0	1	0	0	1	1	0	
1	1	0	1	1	0	0	0	0	0	0	1	1	0	1	0	1	1	0	0	
0	1	1	0	1	1	0	0	0	0	0	0	0	1	0	0	0	1	1	1	
0	0	0	1	0	0	1	1	1	1	1	0	0	0	1	1	0	0	1	0	
1	1	1	1	0	0	0	1	0	0	1	1	1	1	0	0	0	1	1	0	
1	0	1	0	0	1	0	1	0	1	1	1	1	0	0	1	0	0	1	1	
0	1	0	0	0	1	0	1	1	0	0	1	1	0	0	1	1	1	0	1	
1	1	1	0	1	0	0	1	0	1	1	1	1	0	0	0	0	1	0	1	
1	0	1	1	0	1	0	1	1	0	1	1	1	0	1	1	1	1	0	1	
0	1	0	1	0	1	0	1	0	0	1	1	0	0	1	0	1	0	1	0	
1	1	0	0	0	1	1	0	1	0	1	0	1	1	1	0	1	1	0	0	
1	1	1	0	1	0	1	1	0	0	0	0	1	0	0	1	1	1	1	1	
1	1	0	0	1	1	0	1	0	1	1	0	1	0	0	0	1	1	1	1	
0	1	1	0	0	1	1	0	0	1	1	0	0	1	1	1	1	1	0	1	
1	1	1	1	0	1	1	0	1	0	1	0	0	0	1	0	0	0	1	1	
0	0	0	1	1	1	0	1	0	0	0	0	0	0	1	0	1	1	0	1	
1	1	1	1	1	0	0	1	0	0	1	0	0	1	1	1	0	1	1	1	
1	0	1	1	0	1	1	0	0	1	0	0	0	0	1	1	0	0	1	1	
1	1	1	0	0	1	0	0	0	1	1	1	1	1	1	0	1	1	1	0	
1	1	0	1	1	1	0	0	1	0	0	1	0	1	0	1	1	0	1	1	
1	1	0	0	1	0	0	0	1	1	1	0	0	1	1	0	0	0	1	1	
1	0	0	1	1	1	1	0	0	0	1	0	0	1	0	0	0	0	0	0	
1	1	0	1	0	0	0	0	0	1	1	1	0	0	1	1	0	0	0	1	
0	0	0	1	0	0	0	0	0	1	0	1	0	0	1	1	1	1	0	0	
0	1	0	1	1	0	0	1	1	1	1	1	1	1	1	1	1	0	1	1	
0	1	1	1	1	0	0	1	1	0	0	0	0	0	0	0	0	0	0	0	
0	1	1	1	1	1	0	1	1	0	0	1	1	0	1	0	0	0	1	1	
1	0	1	1	0	1	1	1	1	0	1	0	0	1	0	1	1	1	0	1	
0	1	1	0	1	0	0	1	1	0	1	0	1	0	1	0	1	1	1	1	
0	0	1	0	1	0	0	1	1	0	0	0	0	0	0	1	1	1	0	0	
0	0	1	0	1	1	0	0	0	0	0	1	0	0	1	1	1	0	0	1	
0	0	0	0	1	1	1	0	0	1	0	0	0	0	0	0	1	0	1	1	
1	1	1	1	0	0	1	0	1	1	0	0	1	1	0	0	0	1	1	1	
0	1	0	1	0	0	1	1	0	1	1	1	1	0	0	0	1	0	0	1	
0	1	1	1	0	0	1	0	1	1	1	0	1	0	0	1	0	1	1	0	
1	1	0	1	0	1	1	1	0	1	1	0	0	1	0	0	1	0	1	0	
1	0	1	1	1	1	1	1	0	0	0	0	0	0	1	1	0	1	0	0	
1	1	1	0	1	0	1	0	0	0	1	1	0	1	0	1	0	1	0	1	
1	0	1	1	1	0	1	0	1	0	0	1	0	0	0	1	0	0	0	1	
0	1	0	0	1	1	1	1	1	0	1	0	0	1	1	1	1	0	1	0	
0	1	0	0	1	0	1	0	1	0	1	1	0	0	0	0	0	1	1	0	
1	0	1	1	0	0	0	0	1	0	0	0	1	1	0	0	0	0	1	0	
1	1	0	0	1	1	1	0	0	0	1	0	1	1	1	1	0	1	1	1	
1	0	1	1	1	1	1	1	0	0	0	1	1	0	0	0	1	0	0	0	
0	0	1	0	1	0	1	0	1	1	1	1	1	1	1	1	0	0	0	0	
0	0	0	1	0	1	1	1	1	0	0	0	1	0	1	0	0	0	0	0	
1	1	1	1	0	0	0	1	1	1	0	1	0	1	1	1	0	0	0	0	
0	0	1	0	0	1	0	1	0	1	0	1	1	0	0	0	0	1	1	1	
0	0	1	1	1	0	1	0	1	1	1	1	1	0	1	0	0	1	1	1	
0	1	1	0	0	1	1	1	1	1	0	1	0	1	0	1	0	0	1	1	
0	0	0	1	1	1	1	1	0	1	1	0	1	1	1	1	1	0	0	0	
1	0	0	0	0	1	1	1	0	1	1	0	1	0	0	1	0	1	0	0	
1	1	1	0	1	0	1	0	0	1	0	0	1	0	0	0	1	0	1	0	
1	1	0	1	0	1	0	0	1	1	0	1	1	1	0	0	1	1	0	0	
1	0	1	1	1	1	0	0	0	0	1	0	1	0	1	0	1	0	0	1	
0	0	1	0	1	0	0	1	0	0	0	0	1	0	1	1	0	0	1	1	
0	1	0	1	0	1	1	0	1	0	0	0	0	1	0	1	0	1	0	0	
1	1	0	1	0	1	1	1	1	0	0	1	1	1	1	1	0	0	1	0	
1	0	0	0	0	0	1	1	1	0	0	1	0	1	0	0	0	0	1	1	
0	1	0	0	0	1	0	1	1	0	1	0	1	1	0	0	0	1	0	0	
0	1	0	0	0	0	0	1	1	1	1	1	1	1	1	0	0	1	0	0	
1	0	1	1	1	1	1	1	1	0	1	1	1	0	1	1	0	1	1	1	
1	0	1	1	0	0	0	1	1	1	0	1	0	0	1	1	1	1	1	0	
1	0	0	0	1	0	1	1	1	1	0	0	1	1	0	0	0	0	0	0	
0	1	1	0	1	1	1	1	1	0	1	1	1	0	0	1	0	1	0	1	
1	1	0	1	0	0	0	0	1	1	0	0	1	0	1	0	1	0	1	1	
1	1	0	1	1	1	1	1	1	0	1	1	1	1	0	0	0	1	1	0	
1	1	1	0	0	1	1	0	1	1	1	1	1	1	0	0	0	0	0	1	
0	1	1	1	0	1	0	0	0	1	0	1	1	1	1	0	0	0	1	0	
1	0	1	0	1	0	0	1	1	1	1	0	1	1	0	1	1	1	1	0	
1	1	1	0	1	1	1	1	0	0	1	1	0	1	1	0	0	0	0	0	
0	0	1	1	1	0	0	1	0	1	0	1	1	1	0	1	1	1	0	1	
0	0	0	0	0	0	1	0	0	1	1	1	0	1	1	1	0	1	0	1	
1	0	1	1	0	1	0	1	0	1	1	1	0	1	1	0	0	0	0	1	
1	1	1	1	1	0	1	0	1	0	1	0	1	1	1	1	1	0	0	0	
1	0	0	0	1	1	0	1	1	0	1	1	0	0	1	1	0	1	0	0	
0	0	1	1	1	1	0	1	0	0	0	1	0	1	1	1	0	0	1	0	
1	1	1	1	1	0	1	0	0	1	1	0	1	1	0	0	0	1	0	0	
1	1	0	0	0	1	0	1	0	1	0	1	0	0	0	0	0	0	0	0	
0	1	1	1	1	1	1	0	0	0	1	1	1	1	1	1	1	1	1	1	
0	0	0	0	1	0	1	0	0	0	0	1	1	0	0	0	0	0	0	0	
0	0	0	1	0	1	0	1	0	0	1	1	0	0	0	1	0	1	0	1	
1	0	1	0	1	0	1	0	0	1	0	1	0	0	0	1	0	1	1	0	
1	0	0	1	0	0	0	0	1	0	1	0	0	1	1	0	0	1	1	0	
1	0	0	0	0	0	1	1	0	1	0	0	1	0	1	0	1	1	0	1	
0	1	1	0	0	1	1	0	0	0	0	1	1	0	1	0	0	1	0	0	
0	0	1	1	0	1	1	1	1	0	0	1	0	1	0	0	1	0	1	1	
1	1	1	1	0	1	0	1	1	1	1	0	1	1	1	1	0	0	1	0	
1	0	0	0	0	0	1	1	0	0	1	1	0	0	1	0	1	1	0	0	
0	0	1	1	0	0	1	0	1	0	0	0	1	0	0	0	1	1	0	1	
1	1	1	0	0	1	0	1	1	0	0	0	0	1	0	1	1	0	1	0	
0	0	0	1	0	1	1	0	0	1	0	1	0	1	1	0	1	0	0	0	
0	1	0	1	1	0	1	0	0	1	0	0	1	0	0	1	0	0	1	1	
1	0	0	0	1	1	0	0	1	0	0	0	1	1	0	1	0	1	0	1	
0	0	1	0	0	1	0	1	1	1	1	0	1	0	0	0	1	0	0	0	
1	1	0	1	0	1	1	1	0	0	0	0	0	0	0	1	0	0	0	1	
0	0	1	0	0	0	1	1	1	0	0	1	1	1	1	1	1	1	1	0	
0	0	1	0	0	0	1	1	1	1	0	0	0	0	1	0	1	0	1	0	
1	1	0	0	1	1	1	1	1	1	1	0	0	1	0	1	1	0	0	1	
1	1	1	0	0	0	1	1	1	1	1	0	0	0	1	1	0	1	1	1	
1	1	0	1	1	0	0	1	1	0	1	0	1	1	0	0	0	0	0	1	
0	1	0	0	0	0	0	0	0	1	1	1	1	0	0	1	1	1	1	0	
1	0	0	0	0	0	1	0	0	0	0	0	0	1	1	0	0	0	1	0	
1	1	0	0	1	0	0	0	1	0	0	0	0	0	1	0	1	0	0	0	
1	0	1	0	0	1	0	1	0	1	1	0	0	1	1	0	0	1	0	0	
1	1	1	0	1	1	1	1	1	1	0	0	1	1	0	1	0	1	1	0	
0	0	1	0	1	1	0	0	0	0	1	0	1	0	0	0	0	1	1	0	
1	0	0	1	1	0	1	1	0	1	1	1	0	1	0	0	0	1	1	1	
0	0	1	1	1	1	1	1	0	1	1	1	1	0	1	1	0	0	1	0	
1	0	0	1	1	0	0	1	1	1	0	0	1	0	1	1	0	0	0	0	
1	0	1	0	1	1	1	0	1	1	0	1	0	0	0	0	1	1	0	1	
1	0	1	0	0	0	0	0	1	0	1	1	1	0	1	1	0	0	1	1	
0	0	1	0	1	0	0	0	0	0	1	0	0	1	1	0	1	1	0	0	
0	1	0	1	1	0	0	1	0	0	0	1	0	0	0	1	0	0	1	0	
0	0	0	0	1	0	0	1	1	0	1	0	0	1	0	0	1	1	1	0	
1	0	0	0	1	1	0	0	0	1	1	0	0	0	1	1	0	1	0	1	
1	1	0	0	1	1	1	0	0	0	1	1	0	0	1	1	1	0	0	1	
1	0	1	0	1	0	0	0	0	1	0	1	0	1	0	0	1	0	1	1	

invalid rows: 
3	9	12	18	19	20	29	36	37	40	41	42	45	47	51	58	60	64	65	78	81	85	88	89	93	94	99	101	103	109	111	118	121	135	137	139	140	145	149	150	152	167	172	174	176	178	179	181	184	189	193	195	207	216	225	228	233	234	236	240	242	243	246	248	249	263	267	275	276	283	284	292	2	16	57	148	202	232	294	102	

 ----------random covering array (last execution): 
1	1	1	0	0	0	1	1	1	1	0	1	1	0	1	0	1	1	1	0	
1	1	1	0	1	0	0	1	1	0	1	1	1	1	1	0	0	1	1	1	
0	0	0	0	1	1	0	0	1	1	0	0	0	0	0	0	1	0	1	0	
0	0	0	0	0	0	1	0	1	1	1	1	0	0	1	1	0	0	1	1	
0	0	1	0	0	0	0	1	0	0	0	1	1	1	0	0	1	1	1	1	
0	0	1	1	1	1	0	0	1	1	1	0	1	1	0	1	1	0	1	1	
0	1	1	0	0	0	0	0	1	1	0	1	1	1	1	0	1	0	1	0	
0	0	1	1	1	1	0	0	0	0	1	0	0	0	1	0	0	0	1	1	
0	0	1	1	1	1	0	1	0	1	1	0	1	0	1	0	1	1	0	0	
1	0	0	0	1	1	1	0	1	1	0	1	0	1	0	1	0	1	1	1	
1	1	1	1	1	1	0	1	1	1	0	1	1	1	1	0	1	0	0	1	
1	0	1	1	1	0	1	1	0	1	1	1	1	0	1	1	0	0	0	0	
0	1	1	1	1	0	0	1	1	0	1	0	0	1	0	0	1	1	0	1	
0	0	0	1	1	0	1	1	1	1	1	1	1	0	1	0	1	1	1	1	
0	0	0	0	1	0	0	0	0	1	1	1	0	1	0	0	0	1	0	1	
1	1	0	0	0	0	1	0	0	0	1	0	0	0	1	0	1	1	1	1	
1	1	1	0	0	0	1	0	1	1	1	1	1	1	0	0	1	1	0	1	
0	1	0	1	1	0	0	0	1	0	1	0	0	0	0	1	1	1	1	0	
1	1	1	0	1	1	0	0	1	0	0	0	0	0	1	1	0	1	1	0	
1	0	1	0	1	0	1	1	1	0	1	1	0	0	1	0	1	0	0	0	
0	1	1	0	0	1	0	1	1	0	1	0	0	1	1	0	1	0	1	0	
0	0	1	0	1	1	1	1	1	1	1	0	1	0	0	0	0	0	0	1	
1	1	1	0	1	0	0	1	1	0	1	1	1	0	0	1	1	0	1	1	
0	0	0	1	0	0	0	0	0	0	1	1	1	1	0	0	0	1	0	1	
0	0	1	0	0	1	0	1	0	1	0	1	0	1	1	1	0	0	0	0	
1	0	0	0	1	0	0	1	1	0	0	1	1	1	1	1	0	0	0	1	
0	0	0	1	0	0	1	0	1	0	1	1	0	1	0	0	1	0	1	0	
0	1	0	1	0	1	0	1	1	1	0	0	0	0	1	1	1	1	1	1	
1	0	0	0	1	1	1	0	1	0	1	0	1	0	0	1	0	0	1	0	
1	1	1	0	1	1	1	0	0	1	1	0	0	1	1	1	0	0	0	1	
1	1	1	1	1	1	0	1	0	0	0	0	0	0	0	1	0	0	0	1	
0	0	1	0	0	0	1	0	1	0	0	0	1	1	0	0	0	0	1	1	
1	0	1	1	1	1	0	0	1	0	1	1	1	0	1	1	1	1	0	1	
0	0	0	0	1	0	0	1	1	1	0	1	0	1	0	1	1	0	0	1	
0	0	0	1	0	1	0	0	1	0	0	0	1	1	0	0	1	0	0	1	
0	0	0	0	1	0	1	0	0	0	0	1	1	0	1	1	1	1	1	0	
1	1	0	1	1	0	0	0	0	1	0	0	0	1	0	1	0	0	1	0	
0	0	1	0	0	1	1	0	0	1	1	0	1	0	1	1	0	1	1	1	
1	0	1	0	1	0	0	0	1	1	0	0	0	0	1	0	1	1	0	1	
0	0	1	1	1	1	1	0	1	1	1	1	0	0	1	0	0	0	1	0	
0	1	1	0	1	0	1	1	0	0	0	1	1	1	0	0	1	0	0	0	
0	1	1	1	1	0	0	1	1	0	0	1	1	0	1	0	0	1	0	0	
1	1	0	1	1	0	0	0	1	0	0	1	0	1	1	0	0	1	0	1	
1	1	0	1	0	1	0	1	1	0	1	0	1	1	1	0	1	1	0	0	
0	0	0	1	1	0	0	1	1	1	1	0	0	1	1	0	0	0	0	0	
1	1	1	1	0	1	1	1	1	1	1	1	1	1	0	0	0	1	1	0	
1	1	1	1	1	1	0	0	0	0	1	1	1	1	0	0	0	0	0	0	
1	0	1	0	0	0	1	0	1	0	0	0	0	1	1	1	0	1	0	1	
1	1	1	1	0	1	1	0	1	1	0	1	0	0	1	1	1	0	0	1	
0	0	1	1	1	0	1	0	0	1	0	1	1	1	1	0	0	0	0	1	
0	1	1	0	1	1	1	0	0	0	1	0	0	1	0	0	1	1	1	0	
0	1	0	1	0	1	1	0	1	1	1	1	1	0	0	1	1	1	1	0	
0	1	1	1	0	1	1	0	0	1	1	0	1	1	1	0	1	0	0	0	
0	0	0	0	0	1	0	1	1	0	1	1	1	0	1	0	0	0	1	0	
1	0	1	1	1	0	1	1	1	1	0	0	1	1	0	0	1	0	0	1	
0	1	1	1	0	0	0	1	0	0	1	0	1	1	1	1	0	0	0	1	
1	1	0	0	0	0	0	0	1	1	1	0	1	0	0	0	1	1	1	0	
1	1	0	1	1	1	1	0	1	0	0	1	1	0	1	0	1	0	1	0	
1	1	0	1	0	1	0	1	0	1	0	0	1	0	0	0	0	0	0	0	
0	1	0	0	1	0	1	1	1	1	1	0	1	0	1	0	1	0	1	0	
0	1	1	0	0	0	0	0	0	0	1	0	0	1	1	0	0	1	0	0	
1	1	1	0	0	1	0	1	1	1	0	0	1	1	0	1	0	0	1	1	
1	0	1	0	0	1	1	0	1	0	1	1	0	1	1	0	1	1	1	0	
0	0	1	1	1	1	1	0	1	1	0	1	0	1	0	1	0	0	0	0	
1	0	0	0	1	1	0	0	0	1	1	1	1	0	1	0	0	1	0	0	
1	0	1	1	1	0	0	0	1	0	1	1	0	1	1	1	0	0	1	1	
0	1	0	1	0	0	1	0	1	1	1	0	0	1	1	1	1	1	0	1	
1	1	0	0	1	1	0	0	1	1	0	0	1	1	1	1	1	1	0	1	
0	1	1	1	0	1	1	0	1	0	0	0	1	1	1	0	1	1	1	1	
0	1	0	1	0	0	1	0	0	1	0	0	0	0	1	0	0	1	1	0	
1	0	1	0	0	0	0	1	0	1	0	0	0	0	0	1	0	1	1	0	
0	1	0	1	0	1	1	0	0	0	1	0	0	1	1	1	0	1	1	0	
0	1	1	1	0	0	0	0	1	0	1	1	1	0	0	0	1	0	0	1	
0	0	1	0	0	1	0	1	1	0	0	1	0	0	0	0	0	1	1	1	
0	1	1	1	0	0	1	0	0	1	0	0	1	1	0	0	0	0	0	1	
1	1	0	1	0	0	1	1	1	1	0	1	0	1	0	0	1	1	1	1	
0	0	1	0	1	1	1	1	1	0	0	1	1	0	1	1	1	0	1	1	
1	1	0	1	1	1	1	0	1	1	0	0	1	0	0	0	1	1	0	0	
1	1	1	1	0	1	1	1	1	1	1	0	0	0	1	0	0	1	0	1	
0	1	0	1	0	0	1	1	0	0	0	1	0	0	1	0	1	0	0	1	
1	0	0	1	1	0	0	1	1	1	0	1	0	0	1	1	1	1	0	0	
0	1	1	0	0	0	1	1	0	0	0	1	1	0	0	0	0	1	1	0	
1	0	0	0	0	1	1	1	0	0	1	0	0	1	0	0	0	0	0	1	
1	1	1	0	0	1	0	1	0	0	0	1	0	1	1	1	1	1	0	1	
1	0	0	0	1	1	0	1	1	1	1	1	1	1	0	0	1	0	1	0	
1	1	1	0	0	1	0	0	0	1	1	1	0	0	0	0	0	0	1	0	
1	0	0	1	0	1	1	1	0	1	1	1	0	1	1	1	0	1	1	0	
0	1	1	1	1	0	1	0	0	0	0	1	0	0	1	1	1	0	1	0	
0	1	1	0	1	1	0	0	0	1	0	0	1	1	1	0	0	0	1	0	
0	1	1	0	1	0	1	1	0	0	0	0	0	1	1	0	0	1	1	1	
1	0	1	0	0	1	1	0	0	1	0	1	1	1	0	0	1	1	0	1	
1	0	0	1	0	1	0	0	0	1	0	1	0	1	1	0	1	1	1	0	
1	1	0	0	1	0	1	0	1	1	1	1	0	0	0	0	0	0	0	0	
0	1	0	0	1	0	1	0	1	0	0	1	1	1	0	1	0	1	1	0	
0	1	0	1	0	0	1	1	1	0	1	0	0	0	0	0	0	0	0	1	
1	1	1	1	1	1	1	1	1	0	1	1	0	1	0	1	0	0	0	1	
0	1	1	1	0	1	0	1	1	1	1	1	1	1	0	1	0	1	0	1	
0	0	0	1	0	1	1	1	0	1	0	0	0	1	0	1	0	0	1	1	
0	0	0	1	1	1	0	0	1	0	1	1	1	1	1	1	0	1	1	0	
0	1	0	1	1	1	0	0	0	1	0	1	1	0	1	1	0	0	0	1	
0	1	0	0	1	0	0	1	1	0	0	1	0	1	1	0	1	1	1	0	
1	0	0	1	0	1	1	0	0	1	0	0	1	0	1	1	1	1	0	1	
1	1	0	1	1	1	0	1	0	0	1	1	0	0	0	0	1	1	1	0	
1	0	1	0	0	0	0	0	0	0	0	1	1	0	1	0	0	0	0	1	
0	0	0	0	0	0	1	1	1	0	0	1	0	1	0	0	0	1	0	0	
1	1	1	1	0	0	0	0	0	0	0	1	0	0	0	0	1	1	0	0	
1	0	1	1	0	1	1	1	1	1	1	0	0	1	0	1	1	0	0	0	
0	0	0	1	1	0	0	0	0	1	0	0	1	0	1	0	1	0	1	1	
0	0	0	0	1	1	1	1	1	1	1	1	1	1	1	1	1	1	0	0	
1	1	1	1	0	0	0	0	0	1	0	1	1	1	1	1	0	1	0	0	
1	0	0	0	1	0	0	0	0	0	1	0	1	1	0	0	1	0	1	0	
1	0	1	0	0	1	0	0	1	1	1	1	0	1	1	0	0	0	0	1	
1	0	0	1	0	0	1	1	1	1	0	1	1	0	0	0	0	0	0	0	
0	1	1	1	0	1	0	1	0	1	0	0	1	1	0	1	1	1	1	0	
0	1	0	0	0	1	0	0	0	0	1	1	1	0	1	1	1	1	0	0	
0	0	1	1	1	0	1	1	1	1	0	0	1	0	1	1	0	0	1	1	
1	1	1	0	0	1	1	0	1	0	0	1	1	0	1	1	0	1	0	0	
0	0	1	0	1	0	0	0	1	1	1	1	1	0	0	0	0	1	1	0	
0	1	1	1	1	0	0	1	0	1	1	1	0	0	1	1	0	1	1	1	
0	0	0	1	0	0	1	1	0	0	1	0	1	1	1	0	0	0	1	0	
0	1	0	0	1	1	1	1	1	0	1	0	0	0	1	1	0	1	0	0	
1	1	1	0	0	0	0	1	0	1	1	1	1	0	1	0	1	0	0	0	
1	1	1	1	0	1	0	0	0	0	1	0	0	1	0	1	0	1	1	1	
0	1	0	1	1	0	0	0	0	1	1	1	0	1	1	1	1	0	0	1	
1	1	1	1	0	0	1	0	1	1	0	0	0	0	0	1	0	0	1	0	
0	0	1	0	1	1	0	1	0	0	1	1	0	1	1	0	1	0	0	1	
0	1	1	0	1	1	1	0	0	1	0	1	0	0	1	0	1	1	0	1	
1	0	0	1	0	0	0	0	1	0	0	0	0	1	0	0	0	1	1	1	
0	1	0	0	1	0	1	1	1	1	1	0	0	1	0	1	0	0	1	1	
1	0	1	1	0	0	1	0	1	0	1	0	1	1	0	0	0	1	0	0	
1	0	0	1	0	1	0	0	0	1	1	1	0	0	0	0	1	0	0	1	
1	0	0	1	0	1	1	0	1	0	0	1	0	0	1	0	0	1	1	1	
0	0	0	0	0	1	0	1	1	1	0	0	1	1	1	0	0	1	0	1	
0	1	0	0	0	1	1	0	1	1	0	1	1	0	0	0	1	0	1	1	
1	1	1	1	1	1	0	1	1	1	1	0	1	0	1	1	0	0	1	0	
0	0	0	0	0	0	1	1	0	1	1	0	0	0	0	0	1	1	0	0	
0	0	0	0	1	1	0	1	0	1	0	1	1	0	0	1	0	1	1	0	
0	1	0	0	0	1	1	0	1	1	1	0	1	1	0	1	0	0	0	0	
0	0	0	0	1	1	0	0	0	1	1	0	0	0	1	1	1	0	1	0	
0	0	0	0	1	1	1	0	0	0	0	1	0	0	0	0	0	0	0	0	
0	1	1	1	0	0	0	1	1	1	0	1	0	0	1	0	0	0	1	1	
1	1	0	1	0	0	1	0	0	0	0	1	1	1	0	1	1	0	0	1	
1	0	0	0	1	0	1	1	0	0	0	0	1	0	0	0	1	1	0	1	
1	0	1	0	0	0	0	1	1	0	1	0	1	0	0	1	0	1	0	0	
1	0	1	1	1	1	0	1	0	0	0	0	1	1	0	0	0	1	1	0	
1	1	0	0	1	0	1	0	0	0	1	1	1	0	1	1	0	0	1	1	
1	0	0	1	1	0	0	0	1	1	1	0	1	0	0	1	0	1	0	1	
1	0	1	1	0	0	1	0	0	0	1	1	0	1	0	1	0	1	1	0	
0	0	1	0	1	0	1	0	0	1	1	1	0	1	1	1	1	1	0	0	
1	1	1	1	1	0	1	1	1	0	0	0	1	1	0	1	1	1	1	0	
1	1	0	0	0	0	1	0	0	1	0	0	0	0	0	1	0	1	0	1	
0	1	1	1	1	1	1	1	1	1	0	0	0	0	0	0	1	0	1	0	
0	0	0	1	0	1	0	1	0	0	0	1	1	1	1	1	0	1	0	0	
0	0	1	1	1	0	1	0	1	0	0	1	1	0	0	1	0	1	0	1	
0	0	0	0	1	0	1	0	1	0	1	0	1	1	1	0	1	0	0	1	
1	1	0	0	0	1	1	1	1	1	0	1	0	0	1	0	0	1	1	1	
0	0	1	0	0	0	1	0	0	0	1	0	0	0	0	1	1	0	0	1	
1	1	0	0	0	0	1	1	0	0	1	1	0	0	0	1	1	0	1	0	
1	1	0	1	0	0	1	1	1	0	0	0	1	0	1	1	0	1	1	1	
0	0	1	1	0	0	0	1	1	0	1	1	0	0	1	1	1	1	1	0	
1	1	1	1	0	1	0	0	1	1	1	1	0	1	0	1	1	0	1	0	
0	0	0	0	1	0	0	1	0	0	1	0	0	0	1	1	0	1	0	1	
0	0	1	0	0	1	0	0	1	0	0	1	1	1	1	1	1	1	1	0	
1	0	0	0	0	1	0	0	1	0	0	1	1	1	0	1	1	0	0	0	
1	0	0	1	0	0	0	0	0	0	1	0	0	0	1	1	0	0	0	0	
1	0	0	0	0	1	0	1	0	0	0	0	0	0	0	1	1	0	1	0	
0	1	1	1	1	0	0	0	1	0	0	0	0	1	1	1	1	0	0	0	
0	0	0	0	0	0	0	0	1	0	0	0	0	0	1	0	1	0	0	0	
1	1	1	1	0	1	0	1	0	0	0	0	1	0	1	0	1	0	1	1	
0	0	1	1	0	1	0	0	0	1	0	1	0	1	0	0	1	0	1	1	
0	0	0	1	0	1	0	1	1	0	1	1	0	0	0	1	0	0	0	1	
1	1	1	1	1	1	1	1	0	1	0	1	0	0	0	1	0	1	0	0	
0	0	0	0	0	1	1	1	1	0	1	0	1	1	0	1	1	1	1	1	
1	0	0	1	1	0	1	1	1	0	1	0	0	0	0	0	0	1	1	0	
0	1	0	1	0	1	1	0	1	1	0	1	0	1	1	0	0	0	0	0	
0	0	1	0	1	0	0	1	0	0	1	0	0	1	0	1	0	0	1	0	
1	1	0	0	1	1	0	1	0	1	1	0	0	1	0	0	0	1	1	1	
1	0	1	1	1	1	0	0	0	0	0	1	1	0	1	1	1	0	1	0	
1	0	0	0	1	0	1	0	1	1	0	0	1	1	1	0	0	1	1	0	
1	1	0	1	0	0	0	0	1	1	1	0	1	1	1	0	0	0	1	1	
1	1	0	1	1	0	1	1	0	1	1	0	1	1	0	1	0	1	0	0	
1	0	0	1	1	0	1	0	0	1	0	1	0	0	0	1	1	0	1	1	
0	0	1	1	0	1	1	0	0	0	0	0	1	0	0	1	0	0	1	0	
0	1	1	0	1	1	0	1	1	1	0	0	0	1	0	0	0	1	0	0	
0	1	0	0	0	1	0	0	0	0	0	1	0	1	1	1	0	0	1	1	
1	0	1	1	0	0	1	0	0	1	1	0	1	0	0	0	1	0	1	0	
0	0	0	0	1	1	1	1	0	1	0	0	0	1	1	0	1	1	1	1	
0	0	0	1	1	0	1	1	0	0	1	1	0	0	0	1	1	1	1	1	
1	0	0	0	1	1	0	0	1	0	1	1	0	1	0	1	1	1	0	0	
0	1	0	1	1	1	1	1	0	0	0	1	0	1	0	0	1	1	0	1	
1	0	1	0	1	1	1	1	1	1	1	1	0	0	0	1	1	1	0	1	
0	0	1	0	0	0	1	0	1	1	0	0	0	1	0	1	1	1	1	0	
1	0	1	0	1	1	1	1	1	0	0	0	1	1	1	1	0	0	0	0	
0	1	0	0	1	1	0	1	1	0	1	1	1	1	0	0	1	0	1	1	
0	1	0	1	1	1	1	1	1	0	0	1	0	1	0	1	1	0	1	0	
0	0	1	1	0	1	1	0	1	0	1	1	1	1	1	1	0	0	0	1	
1	0	1	0	0	0	1	1	0	1	0	1	1	1	0	1	0	0	1	1	
0	1	1	0	0	1	0	0	1	1	0	1	0	0	0	1	1	0	0	0	
0	1	1	0	0	1	1	1	0	1	1	1	0	1	1	0	1	0	1	1	
0	0	1	1	0	0	0	1	0	1	1	1	1	0	0	1	0	0	1	1	
0	0	1	1	1	1	1	1	1	0	0	0	0	1	1	1	0	1	1	1	
1	1	0	0	0	0	0	1	1	1	1	1	0	1	1	1	0	1	1	0	
1	1	1	1	0	0	1	1	0	0	0	1	0	1	1	0	0	0	1	0	
0	1	0	0	0	0	1	1	0	1	0	0	1	0	1	1	0	0	0	0	
0	0	1	1	0	0	1	1	0	1	1	1	0	1	0	0	0	1	0	0	
0	0	1	1	0	1	0	0	1	1	1	0	0	0	0	0	0	1	0	0	
1	1	1	1	1	0	1	0	1	1	1	1	0	1	1	0	1	1	1	0	
1	1	0	0	0	0	0	0	0	1	0	0	0	1	0	0	1	0	0	1	
1	1	1	0	1	0	0	0	0	1	0	1	0	1	0	1	1	1	1	1	
1	0	0	0	0	1	1	1	1	1	1	1	1	0	1	1	1	0	0	1	
1	1	1	0	1	1	1	0	1	0	0	1	0	1	0	0	1	0	1	1	
1	1	0	0	0	1	0	0	1	0	1	0	0	0	0	0	1	0	0	1	
0	1	1	0	0	0	0	0	1	0	1	1	0	0	0	1	0	1	0	1	
0	1	0	1	0	0	0	0	1	0	0	1	1	0	0	1	0	0	1	0	
1	0	0	1	1	1	0	1	0	1	0	1	1	1	1	0	0	0	1	1	
0	0	0	1	1	0	1	0	1	1	0	1	1	1	0	0	1	1	0	0	
1	0	0	1	1	1	1	0	0	1	1	0	1	1	0	0	0	0	1	1	
0	0	0	1	0	0	1	1	1	1	0	0	1	1	1	1	1	0	1	0	
0	1	1	0	0	1	0	1	0	1	1	0	1	0	0	1	1	0	0	1	
0	1	0	0	0	1	1	1	0	0	1	1	1	1	1	0	0	1	0	1	
1	1	0	0	0	0	0	1	0	1	1	1	1	0	0	0	0	1	0	1	
1	1	1	0	0	0	1	0	1	0	1	0	1	1	1	1	1	0	1	0	
1	1	0	0	0	1	1	0	0	0	0	0	1	1	0	0	0	1	1	0	
1	0	0	0	1	0	0	1	0	1	0	0	0	0	1	0	0	0	1	1	
0	1	1	0	1	1	1	1	0	0	1	1	1	1	1	1	0	0	1	0	
0	1	0	0	1	0	0	1	1	1	0	0	1	0	0	1	1	1	0	1	
1	1	1	1	1	0	1	0	0	0	1	0	1	0	1	0	0	1	0	1	
1	0	1	0	1	0	0	0	0	1	0	0	1	0	0	1	1	0	0	0	
1	0	1	1	0	0	0	1	0	1	1	0	0	1	1	0	1	1	0	1	
0	0	0	1	1	1	0	0	0	0	0	1	0	0	0	1	1	1	1	1	
1	1	1	1	1	1	1	0	0	1	0	1	1	0	0	0	0	1	1	1	
1	0	0	1	0	0	0	0	0	0	1	1	1	1	1	1	1	1	1	1	
0	1	1	1	1	0	1	0	1	1	1	0	1	0	1	1	1	0	0	0	
0	0	0	1	1	1	1	1	0	0	1	0	1	0	0	1	1	0	0	0	
0	1	0	1	1	0	0	1	1	0	0	0	1	1	0	0	0	0	1	1	
1	0	0	1	1	1	0	1	1	1	0	0	0	1	1	1	0	1	0	0	
0	1	1	0	1	0	1	1	1	1	0	1	0	0	0	1	0	0	0	1	
0	1	1	0	1	0	0	0	0	0	1	1	0	0	0	0	1	0	1	1	
1	0	0	0	0	1	0	0	0	1	1	0	1	1	1	1	0	0	0	0	
1	0	1	0	1	0	0	1	0	1	1	0	1	1	1	1	1	1	1	0	
1	0	0	0	0	0	0	1	0	0	0	1	1	0	1	0	1	1	1	0	
1	0	0	0	1	1	1	0	0	0	0	0	0	1	1	1	1	0	0	0	
1	0	1	1	1	1	1	0	0	0	0	0	0	1	1	0	1	1	0	0	
1	1	1	0	1	1	1	1	0	1	1	1	1	0	0	1	1	1	1	1	
1	0	1	1	0	1	0	1	1	1	1	0	0	0	0	0	1	1	1	1	
1	1	0	1	1	0	0	1	0	0	0	0	1	0	1	0	1	0	0	0	
1	1	0	0	1	1	1	0	0	0	1	1	1	1	0	1	1	1	0	1	
1	0	1	1	1	0	0	1	1	1	0	1	0	1	0	0	0	0	1	0	
1	1	0	0	1	1	1	1	0	1	0	0	1	1	1	1	1	1	1	0	
1	0	0	1	1	0	1	1	0	0	0	1	1	1	1	1	0	1	0	1	
0	0	1	1	1	0	0	0	0	1	0	0	0	1	1	1	0	1	1	1	
1	1	0	1	1	1	1	1	1	0	1	0	0	0	1	0	1	0	1	1	
0	1	1	0	0	0	1	1	0	0	0	0	1	1	1	1	1	1	0	1	
0	1	0	1	1	1	0	0	1	1	1	1	0	0	1	0	1	1	0	1	
0	0	1	1	0	1	1	0	0	0	1	1	1	0	1	0	0	1	0	0	
0	0	1	1	0	0	1	1	0	1	0	1	0	0	1	1	1	1	0	1	
1	1	1	0	1	0	1	1	1	1	1	0	1	1	1	0	0	0	0	1	
1	1	1	0	0	1	1	1	0	0	1	0	0	0	0	1	1	1	0	0	
0	1	1	0	0	0	0	0	0	1	1	0	0	0	1	1	1	1	1	1	
0	1	0	1	1	1	1	1	0	1	0	0	1	1	1	0	0	0	0	1	
0	0	0	1	0	0	0	1	0	0	0	0	0	1	0	1	1	1	0	0	
0	1	1	0	1	1	1	0	1	1	1	1	1	1	1	1	0	1	1	1	
0	1	0	0	1	0	0	0	0	0	0	0	1	0	0	0	0	1	0	0	
0	0	0	0	0	1	1	0	0	1	1	1	0	0	0	1	1	1	0	0	
0	1	0	1	0	1	0	1	0	0	1	0	1	0	0	0	0	1	1	1	
1	0	1	0	0	1	1	1	0	1	0	0	0	0	1	0	0	0	1	0	
0	0	1	1	1	1	0	1	1	0	0	1	1	0	0	0	1	0	0	0	
0	0	1	0	1	1	0	0	0	0	0	0	1	1	0	1	0	1	0	1	
1	0	0	0	0	0	0	0	1	1	0	1	1	0	1	1	1	1	1	1	
1	0	1	1	1	0	1	1	0	1	1	0	0	1	1	1	1	0	1	1	
0	0	1	0	0	1	1	1	1	0	0	0	1	0	0	0	1	1	0	0	
1	0	0	0	1	1	0	0	1	1	0	1	1	0	0	0	0	0	0	1	
1	0	0	0	0	0	0	1	1	0	1	0	0	1	1	1	1	0	1	1	
0	0	1	1	0	0	0	0	1	1	0	0	1	0	1	1	0	1	0	0	
0	1	0	1	1	0	0	0	0	1	1	1	1	1	0	0	0	0	1	0	
1	1	0	0	1	1	0	1	0	0	1	1	0	0	1	1	0	0	0	0	
1	0	0	1	1	0	1	0	1	0	0	0	0	0	0	1	1	0	0	1	
0	0	0	0	0	0	0	1	0	1	1	1	1	1	0	1	1	0	0	0	
1	0	1	0	1	1	0	0	1	0	1	0	1	0	1	0	1	1	1	1	
1	0	1	1	0	0	0	0	1	0	0	0	1	0	0	0	1	0	1	1	
1	1	0	1	0	0	1	1	1	0	1	1	1	1	1	1	1	0	0	0	
1	0	1	1	0	1	1	1	0	0	1	1	1	1	0	0	1	0	1	1	
1	1	0	0	1	0	1	1	0	1	0	1	0	1	1	0	1	0	0	0	
0	0	0	1	1	1	1	0	1	0	1	0	0	1	0	0	0	1	1	0	
0	0	1	0	0	0	0	1	0	0	0	0	1	0	1	0	0	0	1	0	
1	1	1	0	0	0	0	1	1	0	0	0	0	1	0	0	0	0	0	0	
0	0	1	1	0	1	1	1	0	0	0	0	0	0	1	1	1	0	0	1	
1	1	0	1	1	1	0	1	0	0	1	0	1	1	1	1	1	0	1	1	
0	1	0	0	1	1	1	0	0	0	0	0	0	0	0	1	0	0	1	1	
0	1	0	1	0	1	1	1	0	1	0	1	1	0	1	0	1	1	1	0	
0	1	1	1	1	0	1	0	0	1	1	0	1	0	0	1	1	1	1	1	
1	1	1	1	1	0	0	1	0	1	1	0	0	0	0	0	1	0	0	0	
1	1	0	1	0	1	0	1	1	0	0	1	1	0	0	1	0	1	0	1	
1	0	1	0	1	0	1	1	0	0	1	1	0	0	0	0	0	1	1	1	
0	1	1	0	0	1	1	0	1	0	0	0	0	0	1	0	0	0	0	1	
0	1	0	0	0	0	0	0	0	1	1	0	0	1	0	0	1	1	1	0	
1	1	0	0	0	1	1	0	1	0	0	0	0	0	1	0	1	0	1	0	
0	1	1	1	0	1	1	1	0	0	1	1	0	0	0	1	0	0	0	0	
0	1	1	0	0	0	1	1	1	0	1	1	1	1	0	1	0	1	0	0	
0	1	0	1	0	0	0	1	1	0	0	1	0	0	1	0	0	1	1	1	

invalid rows (last execution): 
2	4	14	23	24	26	27	29	35	36	44	52	54	57	58	59	60	65	66	68	77	78	85	94	99	100	102	108	109	111	113	115	120	133	134	137	138	142	143	146	147	153	155	159	161	164	173	179	180	181	194	195	204	210	214	215	216	217	218	220	221	223	226	232	234	235	239	241	246	247	249	250	260	263	265	269	272	275	278	281	288	290	293	
