forbidden tuples: 
(P_6.0, P_14.0)
(P_1.0, P_3.0, P_12.0, P_6.1, P_10.0, P_11.1)
(P_11.1, P_7.0)
(P_8.1, P_4.1, P_11.0)
(P_10.1, P_15.1, P_14.0, P_7.1, P_9.1, P_6.1, P_8.0, P_13.0, P_11.0)
(P_15.1, P_6.0, P_12.1, P_7.0, P_1.1, P_4.0, P_8.0, P_13.0, P_3.1, P_5.1, P_9.1, P_14.1, P_11.0)
(P_6.1, P_11.0, P_8.1, P_10.1, P_1.1, P_14.1)
(P_3.0, P_9.1, P_1.1, P_11.0, P_7.1, P_14.1)

 ----------Identity covering array: 
0	1	1	1	1	1	0	0	0	0	0	1	0	0	0	
0	1	0	0	0	0	0	1	0	1	0	1	1	0	1	
1	1	0	1	0	0	1	0	1	1	1	0	0	1	0	
0	0	1	0	1	1	1	0	1	1	0	0	1	0	1	
1	0	1	0	1	0	0	1	1	0	0	1	0	1	1	
1	0	0	0	1	1	0	1	0	0	1	0	1	0	0	
0	0	1	1	0	1	1	1	0	0	1	1	1	1	1	

invalid rows: 
2	6	

 ----------Greedy covering array: 
0	0	1	0	0	0	1	0	1	1	1	0	0	1	0	
0	0	1	1	1	0	1	1	0	0	0	0	1	0	0	
1	1	1	0	0	1	0	0	1	0	0	1	1	0	1	
1	0	0	0	1	0	0	1	0	1	1	1	1	1	0	
1	1	0	1	0	1	1	1	0	1	1	0	0	0	0	
0	0	0	1	1	1	0	0	0	1	0	0	0	1	1	
0	1	0	1	1	0	1	1	1	0	1	1	0	1	1	

invalid rows: 
2	4	

 ----------random covering array (last execution): 
1	1	0	1	0	0	0	0	1	0	1	0	0	0	1	
1	0	0	0	1	0	1	0	0	0	1	1	1	0	0	
1	0	1	0	1	1	0	1	1	1	0	0	0	1	0	
0	1	1	1	1	0	1	0	0	1	0	0	1	0	1	
0	1	1	1	0	1	0	1	0	0	1	1	1	0	0	
0	0	0	1	0	1	1	0	0	0	0	1	0	1	1	
0	1	0	0	0	0	1	1	1	1	1	1	1	1	1	

invalid rows (last execution): 
1	2	3	4	5	
