forbidden tuples: 
(P_3.1, P_20.1, P_5.1, P_13.1, P_17.1)
(P_5.0, P_4.1, P_11.1)
(P_7.0, P_5.1, P_3.1, P_14.1, P_13.1, P_2.0, P_10.1, P_15.0, P_9.1, P_16.0, P_19.0, P_12.1, P_17.1, P_11.1, P_20.0, P_1.1, P_4.0, P_6.1, P_18.0)
(P_11.1, P_8.0, P_20.1, P_6.1, P_18.0, P_2.1, P_12.0, P_1.0, P_5.0, P_10.0, P_9.0, P_17.0, P_19.1, P_14.0, P_3.1)
(P_1.0, P_6.0, P_8.0, P_4.1, P_11.0, P_7.0, P_5.1, P_3.0, P_19.0, P_16.1, P_2.0, P_20.0, P_10.0, P_9.1, P_12.1, P_18.0)
(P_4.1, P_13.1, P_15.0)
(P_13.0, P_10.1, P_19.1, P_16.0, P_18.0, P_14.0, P_17.0, P_3.1, P_11.0, P_9.1, P_12.1, P_15.0, P_1.0, P_7.0, P_5.0, P_6.0, P_4.1, P_20.1, P_8.1)
(P_15.1, P_20.0, P_4.1, P_6.0, P_10.0, P_16.0, P_17.0, P_12.1, P_5.0, P_9.1, P_14.0, P_8.1, P_2.1, P_13.0, P_1.1, P_19.0, P_11.0)
(P_5.0, P_20.0, P_8.1, P_19.0, P_12.0, P_1.1, P_17.0, P_3.1, P_14.1, P_18.1)
(P_12.1, P_14.0, P_13.1, P_20.1, P_6.1, P_19.1, P_17.1)
(P_9.0, P_12.0, P_15.0, P_16.1, P_2.1, P_4.1, P_6.0, P_18.0, P_17.0, P_8.0, P_1.0, P_7.1, P_10.1, P_3.1, P_19.0, P_11.1, P_20.1)
(P_6.0, P_3.0, P_14.0, P_7.0)
(P_16.0, P_2.1, P_17.0, P_11.1, P_20.0, P_10.0, P_4.0, P_1.0, P_19.1, P_12.1, P_18.1, P_6.1, P_13.0, P_14.1, P_9.0, P_3.1, P_7.1, P_15.1)
(P_6.0, P_18.0, P_12.0, P_10.0, P_9.1, P_17.1, P_1.0, P_2.0, P_5.1, P_14.1, P_11.0, P_8.0, P_20.0, P_16.0, P_15.0, P_19.1, P_7.0, P_13.0)
(P_6.1, P_16.1)
(P_7.0, P_15.1, P_19.1, P_12.1)
(P_7.1, P_1.0, P_15.0, P_2.1, P_10.0, P_3.1, P_4.1, P_16.1)
(P_8.1, P_1.0, P_12.0, P_19.1, P_9.0, P_11.1, P_13.1, P_2.0, P_3.1, P_4.0, P_17.1, P_16.1, P_6.0, P_15.1, P_18.1, P_10.0, P_20.0)
(P_3.1, P_6.0, P_15.1, P_7.0)

 ----------Identity covering array: 
0	0	0	1	0	1	0	1	1	1	1	1	0	1	0	0	1	1	1	0	
0	0	1	1	1	1	1	1	0	0	1	0	0	1	1	0	1	1	0	0	
0	0	0	1	0	0	0	0	0	0	0	0	1	0	0	0	1	1	1	0	
0	1	1	1	0	0	1	1	0	0	1	1	1	0	1	0	0	0	0	0	
0	1	1	0	0	1	1	0	0	1	1	1	0	1	1	1	0	0	0	1	
1	0	1	1	0	0	0	0	0	1	1	1	1	0	0	0	1	0	0	1	
0	1	1	0	1	0	1	0	1	1	0	0	1	1	0	0	0	1	1	1	
0	0	1	1	1	1	1	1	0	0	0	0	0	1	1	0	0	0	0	1	
0	1	0	1	0	0	1	0	0	1	0	1	1	1	1	0	1	0	1	1	
1	0	0	0	1	1	1	0	0	0	1	0	1	0	0	0	0	0	1	0	
0	1	0	0	1	0	0	1	0	1	1	0	1	0	0	1	0	1	0	1	
0	0	0	1	0	1	1	0	1	0	0	1	0	0	1	0	0	0	1	0	
1	0	1	0	0	1	0	0	1	1	0	0	1	0	1	1	1	0	0	0	
1	0	1	0	0	1	0	0	0	0	0	1	0	1	1	0	1	1	1	0	
1	0	1	0	0	0	1	0	1	0	1	1	0	0	0	0	0	1	1	1	
0	1	0	1	1	0	1	0	1	1	1	0	0	0	0	0	0	0	0	0	
0	0	1	0	1	0	1	1	0	1	0	1	0	0	0	1	1	0	1	0	
1	0	0	0	1	1	0	0	1	1	0	0	0	1	0	0	1	0	1	1	
0	0	0	1	1	1	0	0	0	1	0	0	1	1	0	1	0	0	0	0	
0	0	1	1	1	0	0	0	1	0	1	0	0	0	1	0	1	0	1	1	
0	0	0	0	0	0	1	0	0	1	0	0	0	0	1	0	0	1	0	1	
1	0	1	0	1	1	1	1	1	1	1	0	0	0	1	1	0	1	0	1	
1	1	1	0	0	0	1	0	0	0	0	0	1	0	1	1	0	0	1	1	
1	1	1	1	0	0	1	1	1	1	1	1	0	1	1	1	1	1	1	1	
0	1	1	1	1	0	0	0	0	0	1	0	0	0	1	1	1	0	0	1	
0	1	1	1	0	1	1	1	1	1	0	0	1	0	0	0	1	1	0	0	
1	0	0	0	0	1	1	1	1	1	0	1	1	1	0	1	0	1	0	0	
1	1	1	0	1	1	1	1	1	0	1	1	1	0	1	0	1	0	1	1	
1	1	0	0	0	1	1	0	1	1	0	0	0	0	1	1	1	0	0	0	
0	1	1	0	0	0	0	1	1	0	0	1	0	0	1	0	1	1	0	1	
1	1	0	1	1	0	0	1	1	0	0	1	1	1	0	0	1	0	1	0	
1	0	1	1	1	1	1	0	0	1	0	1	1	0	1	0	0	1	0	0	
1	0	0	0	0	1	1	1	0	0	1	1	0	1	0	0	1	0	0	1	
0	1	0	1	0	0	0	1	0	1	0	0	0	1	1	1	1	1	0	0	
1	1	1	0	1	1	0	1	1	0	1	1	0	1	0	1	0	0	0	0	
0	1	1	1	0	1	0	0	0	0	1	1	1	1	0	1	1	0	1	0	
0	0	0	0	1	0	1	0	0	0	0	1	0	0	0	1	1	1	0	0	
0	0	1	1	0	1	1	0	0	1	1	0	1	0	1	1	1	1	1	1	
1	0	0	0	1	0	0	1	0	0	1	0	0	1	1	1	0	0	1	1	
0	1	0	1	1	1	1	1	1	1	1	1	1	0	1	1	0	0	1	1	
1	1	0	0	0	0	0	0	1	1	1	1	1	0	0	1	0	0	1	0	
1	0	0	1	1	0	1	1	1	1	0	0	1	0	1	0	1	1	1	1	
0	0	1	0	1	1	0	0	1	0	0	1	1	0	0	0	0	0	0	1	
0	0	1	0	0	0	0	1	1	1	1	0	1	1	1	0	0	0	1	0	
1	0	0	1	0	0	1	0	0	1	1	0	0	1	0	1	0	1	1	0	
1	1	1	1	0	0	1	1	0	0	1	1	1	0	0	1	0	1	0	0	
0	0	0	0	1	0	1	0	1	0	1	1	1	1	1	1	1	1	0	0	
1	0	1	0	0	0	0	1	0	0	0	0	1	1	0	1	1	1	0	1	
1	0	1	1	1	1	0	1	1	0	1	0	1	0	0	1	1	1	1	0	
1	1	1	0	1	0	0	0	0	1	1	0	0	1	0	0	1	1	0	0	
0	1	1	0	1	1	1	0	0	0	0	0	1	1	0	0	1	1	1	1	
0	1	1	0	0	1	1	0	1	1	1	1	1	0	0	0	1	1	0	0	
1	1	1	1	0	1	0	1	0	1	0	0	0	0	0	0	0	0	1	1	
0	1	1	1	1	1	0	1	1	1	0	1	1	1	1	1	1	0	0	1	
1	1	0	0	0	1	1	1	0	1	0	1	1	1	0	0	0	1	1	0	
1	0	1	1	0	0	1	0	1	0	0	0	0	1	0	0	1	0	0	0	
0	0	0	1	1	1	0	1	1	1	1	1	0	0	0	0	1	1	0	1	
1	1	0	1	1	1	1	1	0	1	1	0	1	1	1	1	1	0	1	0	
0	0	1	1	0	0	0	0	1	1	0	1	0	1	0	1	0	1	0	1	
1	1	0	1	0	1	0	0	1	0	1	0	1	1	1	0	0	1	0	1	
0	1	1	1	1	0	0	1	0	0	1	1	0	1	0	0	0	1	1	1	
1	1	1	0	1	0	1	0	0	0	0	0	1	1	1	1	0	0	0	0	
1	0	1	1	1	1	1	0	1	1	1	1	1	1	0	1	0	0	1	1	
1	1	0	0	0	0	1	1	0	0	1	0	0	0	1	0	1	1	1	0	
1	0	1	1	1	0	0	1	0	1	0	1	1	1	1	0	0	1	0	0	
1	1	1	0	1	1	0	1	0	1	1	1	1	1	1	1	1	1	1	1	
0	1	0	0	0	0	0	0	0	0	0	1	0	1	0	0	0	0	0	0	
0	0	0	1	0	0	1	1	1	0	0	0	1	0	0	1	0	0	0	1	
0	0	1	0	0	1	0	0	0	0	1	0	0	0	0	1	0	1	0	0	
1	0	0	0	1	0	0	0	0	1	1	1	1	0	1	0	1	0	0	1	
1	1	1	1	1	0	1	1	1	1	1	0	1	1	0	1	1	0	0	1	
0	1	1	0	0	1	1	1	1	0	0	0	0	1	1	1	0	1	1	0	
1	0	0	1	0	0	0	1	1	0	1	1	0	0	1	1	1	0	0	0	
0	0	0	1	1	0	1	1	0	0	1	1	1	1	0	0	0	1	1	1	
0	1	0	0	0	0	1	0	1	0	1	0	0	1	0	1	1	0	1	1	
0	1	1	1	1	0	0	0	1	0	0	1	1	0	1	1	0	1	1	0	
0	1	0	0	1	1	0	1	0	0	0	0	1	0	1	0	1	0	0	0	
0	0	0	0	1	1	0	0	1	1	0	0	0	1	1	1	1	1	1	1	
1	0	0	1	0	1	0	1	0	1	1	1	0	0	1	1	0	0	0	0	
1	1	1	1	1	1	1	0	1	1	1	1	0	1	1	0	1	0	1	0	
0	0	0	0	0	1	1	1	0	1	1	0	1	1	0	0	1	0	0	1	
1	0	0	1	1	0	0	0	0	0	0	1	0	1	1	1	0	0	1	1	
0	1	0	0	0	1	0	1	1	0	1	0	0	0	0	1	1	0	1	1	
1	0	0	0	1	0	0	1	1	0	0	0	0	0	0	0	0	1	0	0	
1	1	0	0	0	0	0	0	1	1	0	1	1	0	0	1	1	1	1	1	
0	1	0	1	1	1	1	1	1	0	0	0	0	1	0	1	0	1	1	0	
1	1	0	0	1	0	1	1	1	1	0	1	0	1	1	0	0	0	0	1	
0	1	0	0	1	1	0	0	0	1	1	1	0	0	1	0	0	1	1	0	
1	0	1	1	0	1	1	1	1	0	0	1	1	1	1	1	1	0	1	1	
0	0	0	0	0	1	0	1	0	0	0	1	1	0	1	1	0	1	1	1	
1	1	1	1	1	0	0	0	1	1	0	0	0	0	1	1	0	1	1	0	
1	1	1	1	0	1	0	1	1	1	1	0	1	1	1	0	0	0	1	1	
1	1	0	1	0	1	0	0	0	0	0	0	0	0	0	0	0	1	0	1	
0	0	1	0	1	0	1	1	1	1	1	1	1	1	1	1	1	0	1	0	
1	1	0	1	1	1	1	0	0	0	0	1	0	0	0	1	1	1	0	1	
0	0	1	0	0	0	0	1	0	1	0	0	0	0	0	0	0	0	1	0	
1	1	1	1	1	1	1	1	0	1	0	1	0	0	0	1	1	0	1	1	
1	1	0	1	1	1	1	0	1	0	1	1	1	1	1	1	1	1	0	1	
0	0	0	0	0	0	0	0	1	0	1	0	1	1	1	0	0	1	0	0	

invalid rows: 
1	3	4	5	6	11	13	14	19	20	22	24	25	26	27	28	29	30	31	35	36	38	40	41	44	45	46	49	51	54	58	60	63	65	66	68	69	70	71	72	73	74	76	78	79	82	83	84	85	86	88	89	90	91	92	95	97	98	

 ----------Greedy covering array: 
0	1	1	1	1	1	0	1	1	1	0	0	0	0	1	0	1	0	0	1	
1	0	1	0	1	1	0	0	1	1	1	0	0	0	1	1	1	1	0	0	
0	0	0	0	1	1	1	1	1	0	0	0	0	0	0	0	0	0	0	0	
0	0	0	0	0	0	1	0	1	1	1	0	0	0	1	1	0	1	1	1	
0	1	1	0	0	0	0	0	0	1	1	0	1	1	0	1	1	1	1	1	
0	1	0	0	1	0	1	0	1	1	1	1	1	0	0	0	0	0	0	1	
1	1	1	1	0	1	1	1	0	0	1	0	1	0	0	0	0	1	1	0	
1	0	1	0	0	0	0	0	1	0	1	0	1	0	1	1	1	1	0	0	
0	1	1	0	1	0	1	1	1	0	0	0	1	0	0	1	0	1	1	1	
1	0	0	0	0	0	1	1	0	1	0	1	0	0	0	0	1	1	0	0	
1	1	0	0	0	1	1	0	0	1	0	0	1	1	1	0	0	0	1	0	
0	0	0	1	0	0	0	1	1	0	0	0	0	0	0	1	1	1	0	1	
0	1	0	1	1	0	1	0	0	0	1	1	0	1	0	1	1	0	0	0	
0	0	1	0	1	1	0	1	0	0	1	1	0	0	0	1	1	0	0	1	
0	0	0	1	0	1	0	1	0	1	1	1	1	0	0	0	0	1	0	1	
1	1	0	1	0	0	0	0	1	1	0	0	0	0	0	0	0	1	1	0	
1	1	0	0	1	0	0	1	0	0	1	0	0	1	1	0	0	1	0	1	
1	1	1	1	1	0	0	1	0	0	0	1	1	0	0	0	1	0	0	0	
1	1	1	0	0	0	1	0	1	0	0	0	0	1	0	0	1	0	0	0	
1	0	0	1	1	0	0	1	1	1	1	0	1	0	0	1	0	0	0	0	
0	1	0	0	0	1	0	0	0	0	0	0	1	0	0	1	0	1	0	0	
1	1	0	1	0	1	0	0	0	1	1	1	1	1	1	1	1	1	0	0	
0	0	0	0	0	0	1	1	0	0	1	1	1	1	0	1	0	1	1	0	
0	1	1	1	1	1	0	1	1	1	1	1	1	1	1	1	0	1	1	1	
1	0	0	0	1	0	0	0	1	1	1	0	1	1	0	1	0	0	1	0	
0	1	0	1	1	1	1	0	1	0	1	0	0	0	1	0	1	1	1	0	
0	1	1	1	0	1	1	0	0	0	0	1	0	1	1	0	1	1	0	1	
1	0	0	1	1	0	1	1	0	1	1	1	1	0	1	1	1	1	1	1	
0	1	0	1	1	0	0	0	0	0	0	1	0	1	0	1	1	1	1	0	
0	0	0	1	1	1	0	0	0	0	1	0	1	0	1	1	0	0	1	1	
1	0	1	1	1	0	1	1	1	0	0	1	0	0	1	0	0	0	1	1	
1	1	0	0	0	1	1	0	1	0	1	1	0	0	0	1	1	1	0	1	
0	0	1	0	1	0	0	0	0	1	0	1	1	0	1	0	1	1	0	1	
0	1	1	0	1	1	0	0	1	0	0	0	0	1	1	1	0	0	1	0	
1	0	1	1	0	0	0	0	0	1	1	1	0	1	1	0	1	0	1	1	
0	0	1	0	1	0	1	1	1	1	1	0	0	1	0	0	1	0	1	1	
1	0	0	0	1	1	0	0	0	0	0	0	0	1	0	0	0	1	0	1	
0	1	0	0	1	1	1	1	1	1	1	0	1	1	0	1	1	1	0	0	
1	0	1	0	0	0	0	1	0	1	0	1	1	1	1	1	0	0	0	0	
1	1	0	1	0	0	1	1	1	1	0	0	1	1	1	1	1	1	1	1	
0	1	0	1	0	0	1	1	0	1	0	1	0	1	0	0	0	0	1	1	
1	1	0	1	1	1	1	1	1	0	0	1	1	0	1	1	0	1	0	0	
1	0	0	1	0	0	1	0	0	0	1	0	1	0	0	0	1	0	0	1	
0	1	1	1	0	0	1	1	0	1	1	0	0	0	1	1	0	0	0	0	
0	1	1	0	0	1	0	1	1	1	0	1	0	1	0	0	0	1	0	0	
0	0	0	0	0	1	1	0	1	1	1	1	0	1	1	0	0	1	1	1	
1	0	1	1	1	1	1	0	0	1	0	0	0	1	0	1	0	1	0	1	
0	0	1	0	1	1	1	0	0	0	1	1	1	1	1	0	0	0	0	0	
1	0	0	1	1	1	1	1	1	1	1	1	0	1	1	0	1	0	0	0	
1	1	1	0	1	1	0	0	0	1	1	1	0	0	0	0	0	0	1	0	
1	0	1	0	1	1	1	1	0	0	1	0	1	0	0	0	1	1	1	0	
0	1	0	1	1	1	1	0	0	1	1	0	0	0	0	0	1	1	1	1	
0	1	0	0	0	0	0	1	1	0	1	1	1	0	1	0	1	0	1	0	
1	1	1	1	1	0	1	0	1	0	1	0	1	1	1	1	1	0	1	1	
0	1	1	0	0	1	1	1	0	0	0	1	0	0	1	0	1	1	1	1	
0	0	1	1	1	0	0	0	1	0	1	1	0	0	0	0	0	1	0	0	
1	1	0	1	1	1	0	0	1	1	0	0	1	0	1	0	1	0	0	1	
1	1	1	0	1	0	1	1	1	1	0	1	0	1	1	1	1	1	1	0	
0	1	1	1	0	1	0	0	1	0	1	0	1	1	0	0	0	0	0	1	
0	0	1	1	0	1	1	0	1	1	0	1	1	0	0	1	1	0	1	0	
1	0	1	0	0	1	0	1	1	1	1	0	1	0	1	0	0	0	1	1	
1	0	1	0	0	0	1	0	0	0	1	1	0	1	0	1	0	1	1	0	
1	1	1	1	0	0	1	1	1	1	1	1	1	1	0	0	1	1	0	1	
0	0	0	0	1	1	0	1	0	1	0	1	0	0	1	1	0	1	1	0	
1	1	1	0	0	1	1	0	1	0	1	1	0	0	1	1	0	0	0	1	
1	1	1	0	1	1	1	1	0	1	1	1	1	1	1	1	1	0	1	1	
0	0	1	0	0	0	0	0	0	0	0	0	0	0	0	0	0	0	1	1	
0	0	0	1	0	0	1	0	1	0	0	0	1	1	1	0	0	1	0	0	
0	0	0	0	0	1	0	0	0	1	1	0	0	1	0	0	1	0	0	0	
1	1	0	0	1	0	1	0	0	1	0	1	1	0	0	1	0	0	0	1	
1	1	1	1	1	0	1	0	1	1	1	1	1	1	1	0	0	1	1	0	
0	0	1	1	0	1	0	1	0	0	1	0	0	1	1	1	1	1	1	0	
0	0	0	1	1	0	0	0	1	1	0	1	0	1	1	1	0	0	0	1	
1	0	1	0	0	1	1	1	1	1	0	0	1	0	1	0	0	1	0	1	
0	0	1	1	1	0	0	1	0	1	0	0	1	1	0	0	0	1	1	0	
1	0	0	1	0	1	1	1	1	0	1	0	0	1	0	1	0	0	1	1	
1	0	0	0	1	0	1	0	0	0	0	0	0	0	1	1	1	0	1	0	
1	1	1	1	1	1	0	1	0	0	0	0	1	1	0	1	1	0	0	0	
0	1	0	0	0	0	0	0	1	1	0	1	0	1	1	1	1	0	0	1	
1	1	1	1	1	0	0	1	1	1	1	1	0	0	0	1	1	1	1	1	
0	1	1	0	1	0	1	0	0	1	0	0	1	0	1	0	1	1	0	0	
1	0	1	0	0	0	0	1	1	0	0	1	1	1	0	1	0	0	0	1	
0	0	0	1	1	0	0	1	0	1	0	0	1	1	1	0	1	0	1	0	
1	0	0	1	0	1	0	0	0	0	0	1	0	0	1	0	0	0	0	0	
0	1	0	1	1	1	1	1	0	0	0	1	1	1	0	0	0	0	1	1	
1	0	1	1	0	1	0	1	1	0	0	0	0	1	1	0	1	1	1	0	
1	1	1	1	0	0	0	0	0	0	0	1	1	0	1	1	0	1	1	1	
1	1	0	0	0	1	0	1	0	1	0	0	0	0	0	1	1	0	1	1	
0	0	1	1	1	0	1	1	1	0	1	1	1	1	1	1	1	1	0	1	
0	0	0	0	0	1	1	1	0	0	0	0	1	1	1	1	1	0	0	1	
1	1	0	1	0	1	0	1	1	0	1	1	0	1	0	1	0	0	1	0	
0	1	1	1	0	0	1	1	1	1	1	1	1	0	1	1	1	0	1	0	
0	0	0	0	0	1	0	0	1	0	0	1	1	0	0	0	1	0	1	0	
1	1	1	1	1	0	1	1	0	1	1	0	0	1	1	1	0	1	0	1	
1	0	0	0	1	1	0	0	1	0	0	1	1	1	0	0	1	1	1	1	
0	1	0	0	0	0	0	1	0	0	1	0	0	0	1	0	0	0	0	0	
1	1	0	0	1	0	0	1	1	0	1	1	1	1	1	0	1	1	1	1	
1	0	1	1	1	1	1	0	1	1	0	1	1	1	0	1	1	1	1	1	
0	0	1	1	0	1	1	0	0	1	0	0	0	0	0	1	0	0	0	0	

invalid rows: 
2	14	21	22	24	30	32	34	38	42	47	60	64	65	66	72	76	78	88	90	91	98	99	8	33	35	39	53	87	97	7	15	43	44	59	63	92	12	16	20	96	18	54	75	85	89	

 ----------random covering array (last execution): 
1	0	1	0	0	1	1	0	1	1	1	0	0	1	1	0	0	0	1	1	
1	0	1	0	1	1	0	1	1	0	1	0	0	1	1	1	0	1	0	0	
0	1	1	0	0	1	1	0	0	0	0	0	0	1	0	0	0	0	0	0	
1	1	0	0	1	1	0	0	1	0	0	1	0	0	0	1	0	1	1	0	
0	0	0	1	1	0	0	0	1	1	1	1	1	0	1	1	0	1	1	0	
0	1	0	0	0	1	0	0	1	1	0	0	1	1	0	0	1	1	1	0	
0	1	1	0	0	0	1	1	0	1	0	1	1	0	1	1	0	1	0	1	
1	0	0	0	1	1	0	1	0	0	1	0	1	0	1	1	0	1	0	0	
0	1	0	0	1	1	1	0	0	1	0	1	1	1	1	1	0	0	1	0	
0	1	0	0	0	0	1	1	1	0	1	0	0	0	0	1	1	0	0	0	
1	1	1	1	0	0	0	1	1	1	0	1	1	0	0	0	0	0	0	0	
0	0	0	0	1	1	1	0	0	0	1	0	0	0	0	1	0	0	1	1	
0	1	0	1	1	0	0	0	0	1	1	0	0	1	0	0	1	1	0	1	
0	0	1	0	1	0	1	0	0	0	1	0	0	1	1	0	1	1	1	0	
0	0	1	0	0	0	1	0	1	0	0	0	1	0	0	1	1	1	1	1	
0	0	0	0	0	1	0	1	1	1	0	1	0	0	0	1	0	0	0	1	
1	0	0	1	0	0	1	1	0	1	0	0	0	1	0	1	0	1	1	0	
0	0	0	0	0	0	1	1	0	1	1	0	1	1	1	0	1	0	0	1	
0	1	0	1	0	1	0	1	0	1	1	0	0	0	1	0	0	0	0	0	
0	0	0	0	1	1	1	1	1	0	0	0	1	1	0	0	0	1	0	1	
0	0	1	0	1	0	0	0	0	1	0	0	1	0	0	1	0	0	0	0	
1	0	1	1	1	0	0	1	1	1	1	0	1	0	0	1	1	1	0	1	
0	1	0	1	1	0	1	0	0	0	0	1	1	0	0	1	1	1	0	0	
1	0	1	1	1	1	1	0	1	1	0	1	1	1	1	1	1	1	1	1	
0	0	0	1	1	1	0	1	1	0	0	1	1	1	0	0	0	1	0	0	
1	1	1	0	0	1	0	0	0	1	1	1	0	1	0	1	0	1	0	1	
1	1	1	1	0	0	0	0	0	1	1	0	0	0	1	1	1	0	1	1	
1	1	0	0	1	0	1	1	1	0	1	1	1	1	0	1	1	1	1	1	
0	0	0	1	1	0	0	0	0	1	1	1	0	1	0	1	1	0	0	1	
1	0	1	0	1	0	0	0	0	0	0	1	1	1	0	0	0	1	1	1	
1	1	0	0	0	1	1	1	0	0	0	1	0	1	1	0	1	0	1	1	
0	1	1	0	1	1	0	1	0	1	1	0	0	0	0	1	1	1	1	0	
1	0	0	0	0	0	0	0	1	0	1	0	1	1	1	1	1	0	1	0	
1	0	1	1	1	1	0	0	0	1	0	1	0	1	1	0	0	0	0	0	
1	0	0	1	0	0	0	1	1	0	1	1	0	0	1	0	1	1	1	1	
0	1	0	1	0	1	1	0	1	0	1	1	0	1	1	0	0	1	1	0	
0	0	1	1	0	0	0	1	0	0	0	0	0	1	0	1	0	0	1	0	
0	1	1	1	1	1	1	0	1	1	1	0	1	1	0	1	0	1	0	0	
1	0	0	1	1	0	1	1	1	0	0	0	1	0	1	0	1	0	0	0	
1	1	0	1	1	1	1	1	1	1	1	1	1	0	0	1	0	0	1	1	
0	1	0	1	0	0	1	0	1	1	0	1	0	0	0	0	1	0	1	1	
1	1	1	0	1	1	1	1	0	1	0	0	1	1	0	1	1	0	0	1	
0	1	0	0	0	0	0	1	0	0	1	0	1	0	0	0	0	1	1	1	
1	1	0	0	1	0	1	0	1	1	0	0	0	0	1	0	0	1	0	1	
0	0	1	1	0	1	1	0	1	1	0	0	0	0	1	1	1	0	0	0	
1	1	1	1	0	1	0	0	1	0	0	1	0	0	0	1	1	1	1	0	
0	1	1	1	1	0	0	1	1	0	0	0	0	1	1	1	0	0	1	1	
1	1	1	1	0	0	0	0	0	0	0	0	1	1	1	0	1	1	0	0	
1	1	1	1	0	1	1	1	1	0	1	0	0	1	0	0	1	1	0	1	
0	0	1	0	0	0	0	1	1	1	0	1	0	1	1	0	1	1	0	0	
0	1	1	0	0	0	1	1	0	0	1	1	1	1	1	1	0	1	0	0	
0	1	1	0	0	0	0	0	1	1	1	1	0	1	0	1	0	1	1	1	
1	0	0	0	0	1	1	0	0	1	1	1	1	0	0	0	1	1	0	0	
1	1	0	1	1	1	0	1	0	1	1	1	1	1	1	0	0	1	1	1	
1	1	1	0	0	0	1	0	0	1	1	1	0	0	1	1	1	0	1	0	
0	0	0	0	0	1	0	0	0	0	0	0	0	1	1	1	1	1	0	1	
1	0	1	0	0	1	0	1	1	1	1	0	1	1	0	0	0	0	1	1	
1	1	0	1	1	1	1	1	1	1	1	1	0	1	1	1	1	0	0	0	
0	0	1	1	0	1	0	0	0	1	0	0	1	0	1	0	0	1	1	1	
0	1	1	0	1	1	0	0	1	0	1	1	1	0	1	0	1	0	0	1	
1	0	1	0	0	1	1	1	1	0	0	1	1	0	1	0	0	1	1	0	
0	1	0	1	1	0	0	1	0	0	0	1	0	0	1	1	1	1	0	0	
0	1	0	1	0	1	1	1	1	1	1	0	1	0	1	1	1	1	1	1	
1	0	1	0	1	0	1	0	1	0	0	1	0	1	0	1	1	0	0	0	
1	1	1	0	1	1	0	1	0	1	0	0	0	0	1	0	1	1	1	0	
1	1	1	1	1	0	1	1	1	1	1	1	1	1	1	0	1	1	1	0	
0	0	0	0	0	0	0	0	0	0	0	1	0	0	1	0	0	0	1	0	
1	1	0	1	0	1	0	0	0	0	0	0	1	0	0	1	0	0	0	1	
0	0	1	1	0	0	0	0	1	0	1	0	0	0	0	0	0	1	0	0	
0	1	0	0	1	0	0	1	1	1	0	0	1	1	0	0	1	0	1	0	
1	1	0	1	0	1	0	1	1	1	0	1	1	1	1	1	1	1	0	1	
1	0	1	1	1	0	1	0	0	0	1	1	0	0	1	1	0	1	0	1	
1	0	0	1	1	1	0	0	1	0	0	0	0	1	0	0	1	0	1	1	
1	1	1	0	0	1	1	1	1	0	0	0	1	0	1	1	0	0	1	0	
0	0	0	1	0	0	1	0	1	0	0	1	1	1	1	1	0	0	0	1	
0	1	1	1	1	1	1	1	0	0	0	1	0	0	0	0	0	1	1	1	
1	1	0	0	1	0	0	1	0	0	1	1	0	1	0	0	0	0	0	0	
0	0	1	1	1	0	1	1	0	1	1	0	1	1	1	0	0	0	0	1	
1	0	0	1	1	1	0	0	1	1	1	0	0	0	0	0	1	0	1	0	
0	0	0	0	1	1	1	1	1	1	1	1	0	1	1	1	1	1	1	1	
1	1	0	0	0	0	0	0	1	1	1	0	1	1	1	1	0	0	0	0	
0	0	0	1	1	1	1	1	0	0	0	0	1	0	1	0	1	0	1	0	
1	0	0	1	0	0	1	0	1	0	1	1	1	1	0	0	0	0	0	1	
1	0	1	0	0	0	0	1	0	0	0	0	0	0	0	0	1	0	0	1	
0	1	1	1	0	0	1	0	0	1	0	1	1	1	0	0	1	0	1	1	
1	0	1	1	0	1	1	1	0	0	1	1	0	0	1	1	0	0	0	1	
1	0	0	0	1	0	0	1	0	1	0	1	1	0	1	1	1	0	1	1	
0	0	1	0	1	0	1	1	1	1	1	1	0	0	0	0	0	0	1	0	
1	1	0	1	1	1	1	0	0	0	1	0	1	1	1	1	1	1	1	1	
1	1	1	1	1	0	1	0	0	0	1	0	1	0	0	0	0	0	1	0	
0	0	1	1	1	1	1	1	0	1	0	1	0	0	0	0	1	1	0	1	
1	1	0	0	1	1	1	0	1	1	1	1	1	0	1	0	1	1	0	1	
0	0	1	0	0	1	0	0	0	0	1	1	1	0	0	0	1	0	0	0	
1	1	0	1	1	0	1	1	1	1	0	0	0	1	1	1	0	1	1	1	
0	0	1	1	0	1	0	1	0	0	1	1	1	1	0	1	1	0	1	0	
1	0	0	0	0	0	1	0	0	1	0	0	0	0	0	0	0	1	0	0	
1	0	0	1	0	1	1	1	0	1	1	1	1	1	0	1	1	1	1	0	
0	1	1	1	1	1	0	1	1	0	1	1	1	1	1	1	1	0	1	1	
0	1	1	0	1	0	0	0	1	0	0	0	0	0	1	0	0	0	0	1	

invalid rows (last execution): 
2	4	5	8	9	11	12	16	19	22	23	24	25	26	27	32	35	36	38	40	42	43	45	46	47	48	49	50	54	56	58	60	62	63	67	68	69	71	74	80	83	85	86	87	89	90	95	97	98	99	
