forbidden tuples: 
(P_16.0, P_6.0, P_12.1, P_18.0, P_2.1, P_11.0, P_14.1, P_1.1, P_5.1, P_17.1, P_7.0)
(P_12.0, P_4.0, P_20.1, P_10.0, P_19.1)
(P_3.1, P_14.0, P_8.0, P_20.0, P_18.0, P_16.0, P_2.1, P_13.1, P_9.0, P_7.0, P_5.0, P_17.1, P_6.1, P_19.0, P_4.0, P_1.0, P_15.0, P_10.0, P_12.1, P_11.0)
(P_13.0, P_6.1, P_9.1, P_5.1, P_12.1, P_2.0, P_16.0, P_18.1, P_20.1, P_3.1, P_11.0, P_14.0, P_10.0, P_1.0, P_17.0, P_15.1)
(P_10.1, P_1.0)
(P_3.1, P_7.1, P_1.0, P_19.1, P_14.1, P_17.0, P_18.1)
(P_7.1, P_9.1, P_12.1, P_13.1, P_8.1, P_2.0, P_11.1, P_14.0)
(P_3.1, P_2.0, P_13.0, P_9.1, P_15.1, P_8.0, P_17.0, P_7.0, P_6.1, P_10.0, P_11.1, P_5.0, P_16.1, P_14.1)
(P_7.0, P_18.0, P_19.1, P_14.0, P_5.1, P_10.1, P_9.1, P_6.1, P_17.1, P_13.1)

 ----------Identity covering array: 
0	0	0	1	0	1	0	1	1	1	1	1	0	1	0	0	1	1	1	0	
0	0	1	1	1	1	1	1	0	0	1	0	0	1	1	0	1	1	0	0	
0	0	0	1	0	0	0	0	0	0	0	0	1	0	0	0	1	1	1	0	
0	1	1	1	0	0	1	1	0	0	1	1	1	0	1	0	0	0	0	0	
0	1	1	0	0	1	1	0	0	1	1	1	0	1	1	1	0	0	0	1	
1	0	1	1	0	0	0	0	0	1	1	1	1	0	0	0	1	0	0	1	
0	1	1	0	1	0	1	0	1	1	0	0	1	1	0	0	0	1	1	1	
0	0	1	1	1	1	1	1	0	0	0	0	0	1	1	0	0	0	0	1	
0	1	0	1	0	0	1	0	0	1	0	1	1	1	1	0	1	0	1	1	
1	0	0	0	1	1	1	0	0	0	1	0	1	0	0	0	0	0	1	0	
0	1	0	0	1	0	0	1	0	1	1	0	1	0	0	1	0	1	0	1	
0	0	0	1	0	1	1	0	1	0	0	1	0	0	1	0	0	0	1	0	
1	0	1	0	0	1	0	0	1	1	0	0	1	0	1	1	1	0	0	0	
1	0	1	0	0	1	0	0	0	0	0	1	0	1	1	0	1	1	1	0	
1	0	1	0	0	0	1	0	1	0	1	1	0	0	0	0	0	1	1	1	
0	1	0	1	1	0	1	0	1	1	1	0	0	0	0	0	0	0	0	0	
0	0	1	0	1	0	1	1	0	1	0	1	0	0	0	1	1	0	1	0	
1	0	0	0	1	1	0	0	1	1	0	0	0	1	0	0	1	0	1	1	
0	0	0	1	1	1	0	0	0	1	0	0	1	1	0	1	0	0	0	0	
0	0	1	1	1	0	0	0	1	0	1	0	0	0	1	0	1	0	1	1	
0	0	0	0	0	0	1	0	0	1	0	0	0	0	1	0	0	1	0	1	
1	0	1	0	1	1	1	1	1	1	1	0	0	0	1	1	0	1	0	1	
1	1	1	0	0	0	1	0	0	0	0	0	1	0	1	1	0	0	1	1	
1	1	1	1	0	0	1	1	1	1	1	1	0	1	1	1	1	1	1	1	
0	1	1	1	1	0	0	0	0	0	1	0	0	0	1	1	1	0	0	1	
0	1	1	1	0	1	1	1	1	1	0	0	1	0	0	0	1	1	0	0	
1	0	0	0	0	1	1	1	1	1	0	1	1	1	0	1	0	1	0	0	
1	1	1	0	1	1	1	1	1	0	1	1	1	0	1	0	1	0	1	1	
1	1	0	0	0	1	1	0	1	1	0	0	0	0	1	1	1	0	0	0	
0	1	1	0	0	0	0	1	1	0	0	1	0	0	1	0	1	1	0	1	
1	1	0	1	1	0	0	1	1	0	0	1	1	1	0	0	1	0	1	0	
1	0	1	1	1	1	1	0	0	1	0	1	1	0	1	0	0	1	0	0	
1	0	0	0	0	1	1	1	0	0	1	1	0	1	0	0	1	0	0	1	
0	1	0	1	0	0	0	1	0	1	0	0	0	1	1	1	1	1	0	0	
1	1	1	0	1	1	0	1	1	0	1	1	0	1	0	1	0	0	0	0	
0	1	1	1	0	1	0	0	0	0	1	1	1	1	0	1	1	0	1	0	
0	0	0	0	1	0	1	0	0	0	0	1	0	0	0	1	1	1	0	0	
0	0	1	1	0	1	1	0	0	1	1	0	1	0	1	1	1	1	1	1	
1	0	0	0	1	0	0	1	0	0	1	0	0	1	1	1	0	0	1	1	
0	1	0	1	1	1	1	1	1	1	1	1	1	0	1	1	0	0	1	1	
1	1	0	0	0	0	0	0	1	1	1	1	1	0	0	1	0	0	1	0	
1	0	0	1	1	0	1	1	1	1	0	0	1	0	1	0	1	1	1	1	
0	0	1	0	1	1	0	0	1	0	0	1	1	0	0	0	0	0	0	1	
0	0	1	0	0	0	0	1	1	1	1	0	1	1	1	0	0	0	1	0	
1	0	0	1	0	0	1	0	0	1	1	0	0	1	0	1	0	1	1	0	
1	1	1	1	0	0	1	1	0	0	1	1	1	0	0	1	0	1	0	0	
0	0	0	0	1	0	1	0	1	0	1	1	1	1	1	1	1	1	0	0	
1	0	1	0	0	0	0	1	0	0	0	0	1	1	0	1	1	1	0	1	
1	0	1	1	1	1	0	1	1	0	1	0	1	0	0	1	1	1	1	0	
1	1	1	0	1	0	0	0	0	1	1	0	0	1	0	0	1	1	0	0	
0	1	1	0	1	1	1	0	0	0	0	0	1	1	0	0	1	1	1	1	
0	1	1	0	0	1	1	0	1	1	1	1	1	0	0	0	1	1	0	0	
1	1	1	1	0	1	0	1	0	1	0	0	0	0	0	0	0	0	1	1	
0	1	1	1	1	1	0	1	1	1	0	1	1	1	1	1	1	0	0	1	
1	1	0	0	0	1	1	1	0	1	0	1	1	1	0	0	0	1	1	0	
1	0	1	1	0	0	1	0	1	0	0	0	0	1	0	0	1	0	0	0	
0	0	0	1	1	1	0	1	1	1	1	1	0	0	0	0	1	1	0	1	
1	1	0	1	1	1	1	1	0	1	1	0	1	1	1	1	1	0	1	0	
0	0	1	1	0	0	0	0	1	1	0	1	0	1	0	1	0	1	0	1	
1	1	0	1	0	1	0	0	1	0	1	0	1	1	1	0	0	1	0	1	
0	1	1	1	1	0	0	1	0	0	1	1	0	1	0	0	0	1	1	1	
1	1	1	0	1	0	1	0	0	0	0	0	1	1	1	1	0	0	0	0	
1	0	1	1	1	1	1	0	1	1	1	1	1	1	0	1	0	0	1	1	
1	1	0	0	0	0	1	1	0	0	1	0	0	0	1	0	1	1	1	0	
1	0	1	1	1	0	0	1	0	1	0	1	1	1	1	0	0	1	0	0	
1	1	1	0	1	1	0	1	0	1	1	1	1	1	1	1	1	1	1	1	
0	1	0	0	0	0	0	0	0	0	0	1	0	1	0	0	0	0	0	0	
0	0	0	1	0	0	1	1	1	0	0	0	1	0	0	1	0	0	0	1	
0	0	1	0	0	1	0	0	0	0	1	0	0	0	0	1	0	1	0	0	
1	0	0	0	1	0	0	0	0	1	1	1	1	0	1	0	1	0	0	1	
1	1	1	1	1	0	1	1	1	1	1	0	1	1	0	1	1	0	0	1	
0	1	1	0	0	1	1	1	1	0	0	0	0	1	1	1	0	1	1	0	
1	0	0	1	0	0	0	1	1	0	1	1	0	0	1	1	1	0	0	0	
0	0	0	1	1	0	1	1	0	0	1	1	1	1	0	0	0	1	1	1	
0	1	0	0	0	0	1	0	1	0	1	0	0	1	0	1	1	0	1	1	
0	1	1	1	1	0	0	0	1	0	0	1	1	0	1	1	0	1	1	0	
0	1	0	0	1	1	0	1	0	0	0	0	1	0	1	0	1	0	0	0	
0	0	0	0	1	1	0	0	1	1	0	0	0	1	1	1	1	1	1	1	
1	0	0	1	0	1	0	1	0	1	1	1	0	0	1	1	0	0	0	0	
1	1	1	1	1	1	1	0	1	1	1	1	0	1	1	0	1	0	1	0	
0	0	0	0	0	1	1	1	0	1	1	0	1	1	0	0	1	0	0	1	
1	0	0	1	1	0	0	0	0	0	0	1	0	1	1	1	0	0	1	1	
0	1	0	0	0	1	0	1	1	0	1	0	0	0	0	1	1	0	1	1	
1	0	0	0	1	0	0	1	1	0	0	0	0	0	0	0	0	1	0	0	
1	1	0	0	0	0	0	0	1	1	0	1	1	0	0	1	1	1	1	1	
0	1	0	1	1	1	1	1	1	0	0	0	0	1	0	1	0	1	1	0	
1	1	0	0	1	0	1	1	1	1	0	1	0	1	1	0	0	0	0	1	
0	1	0	0	1	1	0	0	0	1	1	1	0	0	1	0	0	1	1	0	
1	0	1	1	0	1	1	1	1	0	0	1	1	1	1	1	1	0	1	1	
0	0	0	0	0	1	0	1	0	0	0	1	1	0	1	1	0	1	1	1	
1	1	1	1	1	0	0	0	1	1	0	0	0	0	1	1	0	1	1	0	
1	1	1	1	0	1	0	1	1	1	1	0	1	1	1	0	0	0	1	1	
1	1	0	1	0	1	0	0	0	0	0	0	0	0	0	0	0	1	0	1	
0	0	1	0	1	0	1	1	1	1	1	1	1	1	1	1	1	0	1	0	
1	1	0	1	1	1	1	0	0	0	0	1	0	0	0	1	1	1	0	1	
0	0	1	0	0	0	0	1	0	1	0	0	0	0	0	0	0	0	1	0	
1	1	1	1	1	1	1	1	0	1	0	1	0	0	0	1	1	0	1	1	
1	1	0	1	1	1	1	0	1	0	1	1	1	1	1	1	1	1	0	1	
0	0	0	0	0	0	0	0	1	0	1	0	1	1	1	0	0	1	0	0	

invalid rows: 
1	5	7	9	11	16	17	19	21	23	26	31	34	38	39	40	44	51	52	54	57	59	72	75	78	81	83	88	94	96	

 ----------Greedy covering array: 
1	0	0	1	1	0	1	1	0	1	1	1	1	0	0	1	0	1	0	0	
1	1	0	0	1	1	1	0	1	1	1	0	1	0	1	0	0	1	0	0	
0	0	0	1	1	0	1	0	0	0	1	0	0	0	0	0	0	0	1	0	
0	0	0	0	0	1	0	0	1	1	1	1	0	0	1	0	1	1	1	0	
1	0	1	0	0	1	0	1	1	0	0	1	1	0	1	0	1	1	0	1	
0	0	0	0	1	1	0	1	0	0	1	1	0	1	0	0	0	1	1	1	
1	1	0	1	0	1	1	1	1	0	0	0	0	0	0	1	1	0	1	1	
1	1	0	0	0	1	0	0	1	1	1	0	1	0	1	0	0	0	0	1	
1	0	0	1	1	0	0	1	1	0	1	1	0	0	1	0	1	0	1	1	
0	1	0	1	0	0	0	0	1	0	0	0	1	1	0	0	0	1	1	0	
0	1	1	0	0	0	1	1	0	1	0	0	0	0	0	0	1	1	1	1	
0	0	0	1	0	0	0	0	1	0	1	1	1	0	1	1	0	0	0	0	
0	0	1	0	1	1	0	1	0	0	0	0	1	1	1	1	0	0	1	0	
1	0	0	1	1	1	1	0	0	0	0	1	1	1	1	0	0	0	0	0	
0	0	0	1	0	1	1	0	1	0	0	1	0	1	0	1	0	1	0	1	
0	1	0	0	0	0	0	1	1	0	1	0	0	0	0	1	1	1	0	0	
0	1	1	1	1	1	0	1	1	1	0	1	0	0	0	0	0	0	0	0	
1	1	0	1	1	0	0	1	0	0	0	0	1	1	0	1	0	0	0	1	
1	1	1	0	0	0	0	1	0	0	1	0	1	0	0	0	0	0	1	0	
0	1	0	1	1	1	0	0	0	0	1	0	0	0	1	1	0	1	0	1	
0	0	0	0	0	0	1	1	1	0	0	0	0	0	1	0	0	0	0	1	
0	1	1	0	0	1	1	1	1	1	0	0	1	1	1	1	0	1	0	1	
0	0	1	1	0	1	0	0	1	0	0	0	0	1	1	0	1	0	1	1	
1	0	1	1	1	1	1	1	1	1	1	1	0	1	1	1	1	1	0	1	
0	1	1	0	1	1	0	0	0	0	1	0	0	0	1	0	1	1	0	1	
0	0	0	0	1	1	1	1	1	1	1	0	1	0	0	1	1	0	1	0	
1	0	1	0	0	0	1	1	1	1	0	1	1	1	0	1	0	0	1	0	
0	1	0	1	1	1	0	0	1	1	0	1	1	1	1	1	1	1	1	1	
0	0	1	0	1	0	0	1	1	0	0	0	1	1	1	1	1	0	0	0	
0	0	0	0	1	1	1	0	0	1	0	1	0	0	1	1	1	0	0	1	
1	1	0	1	1	0	0	0	0	1	1	1	0	1	0	1	1	0	1	0	
0	1	0	0	0	1	1	1	1	0	1	1	1	1	1	0	0	0	1	0	
1	0	0	0	1	0	0	0	1	1	0	1	1	1	0	0	0	1	0	1	
1	0	1	0	1	0	1	1	0	1	1	0	0	0	1	0	1	0	0	0	
1	1	1	0	0	1	0	0	0	1	0	1	1	1	0	1	1	1	0	0	
1	0	1	1	1	1	0	0	0	0	1	1	1	0	0	0	1	1	1	0	
0	1	1	0	1	0	1	0	1	0	0	1	0	0	0	0	0	0	0	0	
0	0	1	1	1	1	1	1	1	0	1	0	1	0	1	0	0	1	1	1	
1	1	1	1	0	0	0	0	0	1	0	0	0	1	1	0	0	1	0	1	
0	1	1	1	0	0	0	1	1	1	1	1	1	0	1	1	1	1	1	1	
0	0	1	1	0	0	0	1	0	0	0	1	0	1	0	1	1	1	1	0	
0	1	0	1	1	0	1	1	1	1	1	0	0	1	1	1	0	0	1	1	
0	1	0	0	0	1	0	0	0	0	0	1	1	0	0	1	0	0	1	1	
1	0	0	1	0	1	0	1	0	1	0	0	0	0	1	1	0	1	1	0	
1	0	1	1	0	0	1	1	1	0	1	0	0	1	0	0	0	1	0	0	
0	0	1	0	0	1	1	0	1	1	1	1	0	1	0	0	1	1	1	0	
1	1	1	0	1	0	1	0	1	0	0	1	0	0	1	1	0	1	1	0	
1	0	1	0	1	1	1	0	0	1	0	0	0	1	0	0	0	0	1	1	
0	1	1	1	1	1	1	0	0	1	1	0	1	1	0	1	0	1	1	0	
1	1	0	0	1	1	1	1	0	0	0	0	0	1	0	0	1	1	0	0	
1	1	0	1	1	1	1	0	1	0	0	0	1	0	0	0	1	0	1	1	
0	0	0	0	1	1	1	1	1	0	0	1	1	0	0	1	1	1	1	0	
0	0	0	1	0	1	0	1	0	1	1	0	1	1	0	0	1	0	0	1	
1	1	1	0	1	1	0	1	0	1	1	1	1	0	1	1	1	0	1	1	
1	0	0	1	0	0	1	1	1	1	0	1	1	1	0	0	1	0	1	0	
1	0	0	0	1	1	0	0	1	0	1	0	0	1	0	1	0	0	0	0	
0	1	0	0	1	0	1	1	0	1	1	1	1	0	0	1	0	1	0	1	
1	1	1	1	1	0	0	1	1	1	1	0	1	1	1	0	1	1	1	0	
1	0	1	0	0	1	1	1	0	0	1	1	0	0	0	1	0	0	0	1	
1	0	0	0	0	0	1	0	0	0	1	0	1	1	1	1	1	1	1	1	
1	1	0	1	0	1	1	0	0	1	1	1	0	0	0	0	1	1	0	1	
1	1	1	0	0	1	0	0	1	0	0	0	0	1	1	0	1	0	1	0	
1	1	1	1	0	1	0	1	1	0	1	1	1	1	0	1	0	1	1	1	
0	0	0	1	1	0	1	0	1	1	0	0	0	1	1	0	1	1	0	0	
1	1	0	0	0	1	1	1	0	1	1	1	0	1	1	0	0	0	1	0	
1	1	1	1	1	1	1	1	0	1	0	1	1	1	1	0	1	1	1	1	
1	0	0	0	0	0	0	0	0	0	0	1	0	0	0	0	1	0	0	0	
0	0	1	0	0	0	0	0	1	1	1	0	0	0	0	1	0	0	1	1	
0	0	1	0	0	1	1	0	0	0	0	0	1	0	0	0	0	1	0	0	
0	1	0	0	1	0	0	1	0	0	0	1	0	1	1	0	0	1	1	1	
1	1	1	0	1	1	0	1	1	1	1	0	0	1	0	1	1	1	1	1	
1	0	1	1	0	1	1	0	1	1	0	0	1	0	1	1	1	0	0	0	
0	0	1	0	1	0	0	0	0	1	1	1	0	1	1	1	0	1	0	0	
1	1	0	1	0	0	1	0	1	1	1	1	0	0	0	0	0	1	1	1	
1	0	1	1	1	0	0	0	1	0	0	0	0	0	0	1	1	1	0	1	
0	1	1	1	0	1	1	0	0	0	1	1	0	0	1	1	1	0	1	0	
0	1	0	0	1	0	0	0	0	1	0	0	1	0	1	0	1	0	1	0	
1	1	1	1	1	0	1	1	0	0	0	0	1	0	1	1	0	0	0	1	
0	0	1	0	0	0	0	1	0	1	1	1	1	1	1	0	0	1	0	0	
1	1	0	1	1	1	0	1	1	0	1	1	1	1	1	1	1	1	0	0	
1	0	0	0	1	0	0	1	1	1	0	0	1	0	0	0	0	1	1	1	
1	1	1	1	0	0	0	0	0	0	1	1	0	1	1	0	0	0	0	1	
0	0	1	1	1	0	0	0	0	1	0	0	1	0	0	1	1	1	0	1	
0	1	0	0	0	0	1	0	0	1	0	0	0	1	0	1	0	0	0	0	
0	0	1	1	1	0	1	1	0	0	0	1	0	1	0	1	1	0	1	1	
1	1	1	1	0	0	1	0	1	1	1	0	1	0	0	1	1	0	0	0	
1	1	0	0	0	0	0	1	1	1	0	1	0	1	1	1	1	0	0	1	
0	1	0	1	0	0	1	1	0	0	0	1	1	0	1	0	1	1	0	0	
1	0	1	1	1	1	0	0	1	1	1	1	1	1	1	1	0	0	1	1	
0	0	1	1	0	0	1	0	0	1	0	1	1	0	1	0	0	0	1	1	
0	1	1	1	0	1	1	1	0	0	1	0	0	1	1	1	1	0	0	0	
1	0	0	1	0	1	0	1	0	1	1	0	1	1	1	1	1	1	1	1	
0	0	0	0	0	0	1	0	0	0	1	0	1	1	0	0	1	0	0	1	
1	1	1	1	1	1	0	1	1	1	0	1	0	0	1	1	0	1	1	0	
0	1	1	0	1	0	1	0	1	0	1	1	1	1	0	0	1	0	0	1	
0	0	0	1	0	1	0	1	0	1	0	0	0	0	0	0	0	0	0	0	
0	1	1	1	1	1	0	1	1	1	1	1	1	1	0	0	1	0	0	1	
1	1	1	0	1	0	1	0	1	0	1	1	1	1	1	1	1	1	1	1	
1	0	0	0	0	0	1	0	0	0	0	0	0	0	1	1	0	1	1	0	

invalid rows: 
4	11	17	22	26	28	30	40	42	46	49	53	57	64	68	73	77	79	83	84	90	96	97	60	

 ----------random covering array (last execution): 
0	0	0	0	0	1	1	1	1	1	0	1	0	1	0	0	1	1	1	1	
1	0	0	0	0	1	0	1	0	1	1	1	1	1	1	0	1	0	1	0	
0	0	0	0	0	0	0	1	1	1	0	1	0	0	0	1	0	0	0	0	
1	0	0	1	0	1	0	0	0	0	0	1	1	0	1	1	0	0	1	1	
1	1	0	1	1	1	0	0	0	0	0	0	1	1	1	0	1	1	0	1	
0	0	1	0	1	1	0	1	0	0	0	1	1	0	0	1	0	1	0	1	
1	0	0	1	1	0	1	0	1	1	1	0	1	1	0	1	0	1	0	0	
1	0	0	0	1	0	0	0	0	0	1	1	1	1	1	0	1	0	1	0	
1	0	0	1	1	0	0	1	1	0	0	1	0	1	1	1	0	1	0	1	
1	0	1	0	0	1	0	0	1	0	1	0	0	0	0	1	1	0	0	0	
0	1	0	1	1	1	0	0	0	1	1	0	0	0	0	1	0	1	1	0	
1	0	0	0	0	0	1	0	1	0	0	1	0	0	1	0	1	0	0	1	
0	1	1	0	0	0	1	1	0	0	0	0	1	0	1	1	1	1	0	0	
0	0	1	0	0	0	0	1	1	1	0	0	1	1	1	0	1	0	0	1	
1	0	1	0	1	1	1	0	1	1	0	0	1	0	0	0	0	0	0	1	
1	0	0	1	0	1	1	0	0	0	1	1	0	0	0	0	0	1	0	0	
1	1	0	0	0	0	0	1	1	0	1	0	1	0	0	0	0	1	1	1	
0	0	1	0	1	0	1	1	1	0	1	0	0	1	0	0	1	1	0	0	
0	1	0	0	0	0	0	0	0	0	1	1	0	1	0	1	1	1	0	0	
0	0	0	0	1	1	1	1	1	0	1	1	1	0	1	0	0	0	0	0	
1	0	0	0	1	0	0	0	0	1	0	0	0	0	1	0	0	1	0	0	
1	1	1	0	1	1	1	0	0	1	1	0	1	0	1	0	1	1	1	0	
1	1	1	1	1	0	0	0	1	0	0	0	1	0	1	1	0	0	0	0	
1	1	1	1	1	1	1	1	1	1	0	1	1	1	1	0	0	1	1	1	
0	1	0	1	1	1	0	1	0	0	1	1	1	0	1	0	0	0	0	0	
1	0	0	1	0	0	1	1	0	1	0	1	1	0	0	1	1	1	1	0	
1	1	1	0	0	0	1	0	0	1	0	0	0	1	0	1	1	1	1	1	
1	0	1	1	1	1	1	1	1	0	1	0	1	0	1	1	1	0	1	1	
1	1	1	1	0	0	1	1	0	0	0	0	0	0	1	0	1	1	0	0	
0	0	0	1	1	0	1	1	0	1	0	0	1	0	1	0	0	0	1	1	
0	0	1	1	0	0	1	1	1	0	1	1	0	1	0	1	0	0	1	1	
1	0	1	0	0	0	0	0	0	1	1	1	1	0	1	1	1	1	0	1	
1	0	1	0	1	1	0	1	0	0	0	0	0	1	0	0	1	0	1	1	
0	1	0	1	0	0	0	1	0	1	0	1	0	1	1	0	0	1	1	0	
0	1	1	1	0	1	1	0	0	0	1	0	1	1	0	0	1	0	1	1	
0	1	0	1	0	1	0	1	1	0	0	1	1	1	0	1	1	0	0	1	
1	1	0	0	0	0	0	1	0	1	1	0	0	0	0	0	0	0	0	1	
1	1	0	0	1	1	0	1	1	1	0	1	1	0	1	1	1	1	0	0	
0	1	1	0	1	1	0	0	1	0	1	0	0	1	1	0	0	0	1	0	
1	1	0	1	1	1	1	0	1	0	1	1	0	0	1	1	1	1	1	1	
0	1	1	1	0	1	1	0	1	0	0	0	0	0	0	1	0	1	0	1	
1	0	1	0	1	0	1	1	1	1	1	1	0	0	1	1	0	1	1	0	
0	0	0	0	1	0	1	0	0	0	1	0	1	0	0	1	1	0	0	1	
0	0	0	0	0	1	1	0	1	0	0	0	1	1	1	1	0	1	1	0	
1	1	1	0	0	1	0	0	1	1	0	1	0	1	0	0	0	1	0	0	
1	1	1	1	0	1	0	0	0	1	0	1	1	0	0	1	0	0	1	1	
1	1	0	0	0	1	1	1	0	1	1	0	0	1	1	1	0	0	0	1	
0	1	1	0	1	0	0	1	0	1	0	0	1	1	0	1	0	0	1	0	
0	1	1	0	0	1	1	1	1	1	1	1	1	0	0	1	1	0	1	0	
0	0	1	1	0	1	0	1	0	1	1	0	1	1	0	0	0	1	0	0	
1	0	0	1	1	0	0	1	1	1	1	0	1	1	0	1	1	0	0	0	
1	0	0	1	0	1	1	1	0	1	0	0	1	0	0	1	1	1	0	1	
0	0	1	1	1	0	0	0	1	0	0	1	1	0	0	0	1	1	1	0	
0	1	0	1	1	0	1	1	0	0	1	1	1	1	1	1	1	1	1	1	
1	0	1	1	0	0	0	0	1	1	0	0	0	1	0	1	1	1	1	1	
1	0	1	0	0	0	1	1	0	0	0	1	1	1	0	0	0	0	0	0	
0	0	0	0	1	1	1	1	0	1	1	1	0	0	0	0	1	1	1	1	
1	1	1	1	0	1	0	1	1	0	1	1	0	1	1	1	1	1	1	0	
0	1	0	0	1	0	1	0	0	1	0	1	1	1	0	0	0	1	0	1	
0	0	1	1	1	1	1	0	0	1	0	1	0	1	1	1	1	0	0	0	
0	0	0	1	1	1	0	0	1	1	1	1	1	1	0	0	0	0	1	1	
1	1	1	1	0	0	0	0	0	0	1	0	1	1	1	1	0	0	0	0	
1	1	1	0	1	1	1	0	1	0	1	1	1	1	0	1	1	1	0	1	
1	0	1	1	0	1	0	1	1	1	0	0	0	0	1	0	0	0	1	0	
0	0	1	0	0	0	0	0	0	1	1	1	1	1	1	1	0	1	1	1	
0	1	1	1	1	1	0	1	1	1	1	0	1	1	1	1	1	1	1	1	
0	0	0	1	0	0	0	0	0	0	0	0	0	1	0	0	0	0	0	1	
1	1	0	0	1	0	1	0	0	0	0	1	0	0	0	1	0	0	1	0	
0	1	0	0	0	1	0	0	0	1	0	0	1	0	0	0	1	0	0	0	
0	0	1	0	1	1	0	1	0	0	1	0	0	0	1	1	0	1	0	1	
1	1	1	1	1	1	1	1	0	0	1	1	1	1	0	1	0	1	1	0	
1	1	0	1	0	0	1	0	1	1	0	0	1	1	1	0	1	0	1	0	
0	1	1	0	0	1	1	1	0	0	0	1	0	0	1	0	0	0	1	1	
1	0	0	0	1	1	0	0	1	1	1	1	0	1	0	1	0	0	1	1	
1	1	0	1	1	1	1	1	1	0	0	0	0	1	0	0	0	0	0	0	
0	1	0	1	0	0	1	0	1	1	1	1	1	0	1	1	0	0	0	1	
0	0	0	1	0	0	0	1	0	0	1	0	0	0	1	1	1	0	1	0	
0	1	0	0	1	0	1	1	1	1	1	0	0	1	1	0	1	1	0	0	
0	1	1	0	0	1	0	0	0	0	0	1	0	0	1	0	1	1	1	1	
1	0	1	1	0	1	1	1	1	0	1	1	1	1	1	0	1	1	0	1	
1	0	0	0	1	1	0	1	0	0	0	0	0	1	0	1	1	1	1	0	
0	1	1	0	1	0	0	0	1	0	1	1	0	1	1	0	0	0	0	1	
0	1	0	1	1	1	1	1	1	0	0	0	0	0	0	0	1	0	1	0	
0	0	1	0	0	0	1	0	0	1	1	0	0	0	0	0	0	0	1	0	
0	1	1	1	1	0	1	1	1	1	0	0	0	0	0	1	0	1	0	1	
1	1	0	1	0	0	1	0	1	1	1	1	0	1	0	0	1	0	1	0	
1	0	1	1	1	0	1	0	0	0	1	0	0	1	1	0	0	1	1	1	
0	0	0	1	0	1	0	0	1	1	1	0	0	0	1	0	1	1	0	1	
1	1	1	0	1	0	1	1	1	0	0	1	1	1	1	1	1	0	1	1	
0	1	0	0	1	0	0	0	1	1	0	0	0	0	1	1	1	0	1	1	
0	1	1	1	0	0	1	0	1	1	1	1	1	0	1	0	0	1	0	0	
0	0	1	1	1	1	1	0	1	0	0	1	1	1	1	1	1	1	1	0	
0	0	1	1	1	0	0	0	0	1	0	1	0	0	0	0	1	0	0	0	
1	1	0	0	0	1	1	1	1	0	1	0	1	1	1	1	0	1	1	1	
1	1	1	1	1	0	0	1	0	1	1	1	0	0	0	0	1	0	0	1	
0	0	0	0	0	0	0	0	1	0	0	0	1	0	0	0	0	1	1	0	
1	1	1	1	1	0	0	1	1	0	1	1	1	0	0	0	1	1	1	1	
1	1	1	1	1	1	1	1	0	1	1	1	0	1	1	1	1	0	0	1	
0	0	0	0	0	1	1	0	0	1	0	0	0	1	1	1	0	0	0	0	

invalid rows (last execution): 
1	3	11	14	17	20	30	33	34	48	49	50	57	59	60	61	65	66	69	76	78	84	85	88	90	91	93	94	99	
