forbidden tuples: 
(P_12.0, P_7.1, P_15.1, P_29.1, P_16.0, P_19.1, P_5.1, P_31.0, P_21.1, P_35.0, P_30.0, P_2.0)
(P_33.1, P_18.1, P_12.0, P_23.1, P_28.0, P_31.1, P_9.1)
(P_34.0, P_2.0, P_35.1, P_5.1)

 ----------original covering array: 
0	0	0	0	0	0	0	0	0	0	0	0	0	0	0	0	0	0	0	0	0	0	0	0	0	0	0	0	0	0	0	0	0	0	0	
1	1	1	1	1	1	1	1	1	1	1	1	1	1	1	1	1	1	1	1	1	1	1	1	1	1	1	1	1	1	1	1	1	1	1	
0	0	0	0	0	0	0	0	0	0	0	0	0	0	0	0	0	0	1	1	1	1	1	1	1	1	1	1	1	1	1	1	1	1	1	
0	1	0	0	0	0	0	0	1	1	1	0	1	0	0	0	1	1	1	0	1	1	0	0	1	1	1	1	0	1	0	0	0	0	0	
0	1	1	0	0	1	0	0	1	1	1	0	0	0	0	1	1	0	1	1	0	0	0	1	1	1	0	1	1	0	0	1	1	0	0	
0	0	0	1	0	0	1	1	0	0	0	0	1	1	0	1	1	0	1	1	0	1	0	1	0	1	0	0	1	1	1	0	0	0	0	
1	1	0	1	0	0	0	0	1	0	1	0	0	1	1	1	0	0	1	1	0	1	1	0	0	1	0	1	1	0	0	0	1	1	0	
1	1	1	0	0	0	1	0	0	1	1	0	1	0	0	0	1	1	0	1	1	0	1	1	0	0	0	0	1	0	1	0	0	1	0	
0	0	1	0	1	1	1	0	1	0	1	0	0	1	0	0	0	0	1	0	1	1	0	1	1	1	0	1	0	1	1	0	0	0	1	
0	0	0	1	1	1	0	1	1	0	0	1	0	1	1	1	0	0	1	0	0	1	0	0	1	1	1	1	0	1	0	1	1	0	1	
1	0	1	1	1	1	1	1	0	0	1	0	1	0	0	0	0	1	1	1	1	1	0	1	0	1	0	0	1	1	0	1	0	1	1	
1	1	1	0	1	1	0	1	0	1	0	1	1	0	0	1	0	0	0	1	0	1	1	1	1	1	0	0	0	0	1	0	0	1	1	
1	1	0	0	0	0	1	1	0	1	0	0	1	1	1	0	0	1	1	1	0	1	1	1	1	1	1	0	0	1	1	1	1	0	0	
0	0	1	1	0	1	0	1	1	1	0	0	0	0	1	1	0	1	0	0	0	0	1	0	0	1	1	0	0	1	1	1	0	1	1	
1	0	0	1	1	0	1	1	0	0	0	1	1	1	1	0	0	1	0	0	1	1	1	0	0	0	1	0	0	1	1	0	0	1	1	
0	1	1	1	1	0	0	1	0	0	0	0	0	0	0	0	0	1	0	0	1	0	1	0	1	1	0	1	1	1	0	1	0	1	0	
0	1	1	0	1	1	1	0	1	0	0	1	1	1	0	0	0	1	1	0	0	1	1	1	0	1	0	0	1	1	0	0	1	1	0	
0	1	0	1	1	0	1	0	1	0	0	0	0	0	0	1	1	1	0	1	0	0	0	1	0	1	1	0	1	1	1	1	1	1	1	
0	1	0	1	1	1	0	1	0	0	1	1	1	0	1	0	1	1	1	0	1	0	1	1	0	1	1	0	0	1	0	0	1	0	0	
0	0	1	1	1	1	1	0	1	1	0	0	1	1	0	1	1	1	0	1	1	1	1	1	0	0	1	1	1	0	0	1	1	0	0	
0	1	0	0	0	1	1	0	0	1	1	0	1	1	1	1	0	1	0	0	1	1	1	0	0	1	0	1	0	0	1	1	0	1	1	
1	1	0	0	0	0	0	1	0	0	1	1	0	0	1	0	0	0	1	0	0	0	0	0	1	1	0	0	0	1	1	0	0	1	1	
1	0	1	0	1	0	0	0	1	0	0	1	1	0	1	1	1	1	1	0	0	0	1	0	1	1	0	1	1	1	1	0	0	1	0	
1	0	0	1	0	0	0	1	1	1	1	0	1	1	0	1	1	1	0	0	1	0	1	1	1	1	0	0	1	1	0	1	0	0	0	
1	1	1	0	1	1	1	0	0	1	1	0	0	0	1	0	1	1	0	0	0	1	0	0	0	1	1	0	1	1	0	1	1	0	1	
1	0	1	0	1	0	0	0	0	0	1	1	0	1	0	0	0	1	0	1	0	0	1	1	1	1	1	0	0	0	1	1	0	0	0	
1	1	0	1	0	1	1	1	1	1	1	1	0	0	0	0	0	0	1	0	1	1	1	0	0	1	1	0	1	1	1	0	0	0	0	
1	0	1	1	0	1	1	1	1	1	0	1	0	1	0	0	1	0	0	0	1	1	1	0	1	1	0	0	0	0	0	0	1	1	1	
0	1	0	0	1	0	0	0	0	0	1	0	1	0	1	1	0	1	1	1	0	0	0	1	0	0	1	1	1	1	1	1	0	0	0	
1	0	1	0	0	1	1	1	0	0	1	1	0	1	0	1	1	1	1	0	0	1	0	1	1	1	1	1	1	0	0	1	0	1	0	
1	1	1	0	1	1	0	1	1	0	0	0	0	1	1	1	1	0	1	0	1	0	1	1	0	1	0	1	0	1	1	1	0	0	0	
0	0	0	1	0	0	1	0	1	1	1	1	1	0	0	0	0	1	0	1	0	1	0	0	1	0	1	0	1	0	0	0	1	1	1	
1	1	0	0	1	0	0	0	0	1	1	1	1	1	0	1	0	1	0	1	0	1	0	0	0	1	0	1	0	1	0	0	1	0	1	
1	0	1	1	0	0	0	0	1	0	0	1	1	1	1	0	1	1	1	1	0	1	0	0	0	1	1	0	0	0	0	1	0	1	0	
0	0	1	1	1	0	1	1	0	1	1	1	0	0	1	1	0	1	1	1	1	0	0	1	1	1	1	1	0	0	0	0	1	0	1	
1	1	0	1	1	1	1	0	1	0	1	0	0	0	1	0	0	0	0	0	0	0	0	1	1	1	0	0	0	0	1	1	1	0	0	
0	1	0	1	0	0	1	0	0	1	0	1	0	1	0	0	1	1	1	0	0	0	1	1	0	1	0	0	0	0	0	1	0	0	1	
0	0	1	1	1	0	0	1	0	1	1	0	1	0	0	0	1	0	1	0	0	1	1	0	0	1	0	1	1	0	1	0	1	0	1	
1	0	0	1	0	1	1	0	0	1	0	0	1	0	1	0	0	0	0	1	1	0	0	1	1	1	0	1	1	0	0	0	0	1	0	
1	0	0	1	1	0	0	1	1	1	0	1	0	1	0	0	1	1	0	1	1	0	1	1	0	1	0	1	1	0	1	0	1	0	1	
0	0	0	0	1	0	1	1	1	1	1	1	0	0	1	0	1	0	0	1	0	1	1	1	0	0	0	1	0	1	0	1	0	1	0	
0	0	0	0	0	1	1	1	0	0	0	1	0	1	1	0	1	1	1	1	0	0	1	0	1	0	0	1	1	1	1	0	1	0	1	
0	0	0	0	1	0	1	1	0	1	1	0	0	1	0	1	1	1	1	0	1	0	0	0	0	0	1	0	0	0	1	0	0	1	0	
1	0	0	0	1	1	0	1	1	1	0	0	1	1	0	0	0	1	0	0	0	0	0	1	1	0	1	1	0	1	0	0	1	1	0	
1	1	0	0	1	0	1	0	0	0	1	1	1	1	0	0	1	0	1	1	1	1	0	1	1	0	0	1	1	0	0	0	1	0	0	
0	1	1	0	1	0	0	1	1	0	1	1	0	1	0	1	1	1	1	0	0	1	1	0	0	0	1	0	0	1	1	1	1	0	1	
1	0	1	1	1	0	1	0	0	1	0	0	0	1	0	1	0	0	1	0	0	1	1	0	0	0	0	0	0	1	0	1	1	0	0	
1	1	0	1	1	0	1	1	0	0	1	1	1	0	0	1	0	0	0	0	0	1	1	0	1	0	1	1	1	0	1	1	0	0	0	
1	1	1	0	0	0	1	1	1	1	1	0	0	1	1	1	0	0	1	1	0	0	1	1	1	0	1	0	1	1	0	0	0	0	1	
0	1	1	1	0	0	1	1	1	0	0	1	1	0	0	1	0	1	0	0	0	1	0	1	1	0	0	1	0	1	0	0	0	0	1	
1	0	1	1	1	1	1	1	0	0	0	1	0	1	1	1	0	0	0	1	0	0	1	1	0	0	0	0	1	0	1	1	1	1	1	
0	0	1	0	0	0	0	1	0	1	0	1	1	1	0	1	1	1	1	1	1	1	1	0	0	0	1	1	1	1	0	0	0	1	1	
1	0	0	0	1	1	1	0	1	0	0	0	0	0	0	1	1	1	0	1	1	1	1	0	1	0	0	0	0	1	1	0	1	0	0	
0	0	1	0	1	0	0	0	1	1	1	1	1	0	1	1	0	1	1	0	1	1	1	1	1	0	0	0	1	0	1	1	1	0	0	
1	0	0	1	1	1	0	0	0	1	1	0	0	1	1	1	0	1	1	0	0	0	1	1	0	0	0	1	1	1	0	0	0	1	1	
1	1	1	0	0	0	0	1	0	1	0	0	0	0	0	0	1	1	1	0	0	1	0	1	0	0	0	1	0	0	1	1	1	1	1	
1	1	1	1	1	0	1	0	1	0	0	0	1	0	1	0	1	0	1	0	0	0	1	1	0	0	1	1	0	0	0	0	0	0	1	
1	1	1	1	1	1	1	1	1	1	1	1	1	1	1	1	1	1	0	0	0	0	0	0	0	0	0	0	0	0	0	0	0	0	0	
1	1	1	1	0	0	1	1	1	0	1	1	0	0	0	1	0	1	1	1	1	0	0	0	0	0	0	1	0	1	1	1	1	1	0	
0	1	0	1	0	1	1	1	1	1	0	0	1	0	1	1	1	0	1	0	1	1	0	0	0	0	0	1	1	1	0	0	1	1	1	
1	1	1	0	1	1	0	0	1	1	1	1	0	0	1	0	0	1	0	0	1	0	1	0	1	0	1	1	0	0	0	1	1	1	1	
1	0	0	0	0	1	0	1	0	0	1	1	1	0	0	1	1	0	0	0	0	0	0	1	0	0	0	0	1	1	0	1	1	0	1	
1	1	0	0	0	1	1	0	1	0	0	1	0	1	1	1	0	1	0	1	1	0	0	1	1	0	1	0	0	1	0	1	0	1	0	
0	1	1	0	1	1	0	1	1	1	0	1	0	1	0	0	0	0	1	1	1	0	0	0	0	0	0	0	1	0	0	1	0	0	0	
0	0	1	0	1	1	1	1	0	1	0	1	1	0	0	0	1	1	0	0	1	0	0	1	1	0	1	0	0	1	1	1	0	0	1	
1	1	0	0	1	1	0	1	1	0	1	0	0	0	0	0	1	1	1	1	0	1	1	0	1	0	1	0	1	0	0	0	0	1	1	
1	0	1	1	1	0	0	1	1	0	0	1	0	0	0	0	1	0	1	1	0	0	0	1	1	0	1	0	1	1	0	0	1	0	0	
1	0	1	0	0	0	1	1	0	0	0	0	0	0	1	0	0	1	0	0	1	1	1	1	0	0	1	1	1	0	0	0	1	0	0	
1	1	0	1	0	0	0	1	0	1	0	1	1	0	1	1	1	1	0	1	0	0	1	0	0	0	1	0	1	0	0	1	1	1	0	
1	0	0	1	1	0	0	1	1	0	1	0	1	1	1	0	1	0	1	0	1	1	0	1	1	0	0	0	0	0	1	1	1	1	1	
0	1	1	1	0	0	0	1	0	1	1	1	1	1	1	0	0	0	1	0	0	0	0	1	0	1	1	1	1	0	0	1	0	1	1	
1	0	0	1	0	0	1	0	0	0	1	0	1	0	1	1	1	1	0	0	0	1	1	1	1	1	1	1	0	1	1	0	1	1	1	
0	1	1	1	0	0	0	1	1	1	1	0	0	1	1	0	0	1	0	0	0	1	0	1	1	0	0	0	1	1	1	0	1	1	0	
0	0	0	1	0	0	1	0	1	0	1	0	0	1	1	0	1	1	1	0	1	0	0	0	0	0	1	1	1	1	0	1	1	0	0	
1	0	1	0	0	0	1	0	1	1	0	0	0	1	0	1	0	0	0	1	0	1	0	0	1	0	0	1	1	0	1	1	0	1	1	
0	1	0	1	1	1	1	1	0	0	1	0	1	1	0	0	0	1	1	1	0	0	1	0	1	0	0	1	0	0	0	1	1	1	0	
0	1	1	0	0	0	1	1	1	0	0	1	1	0	0	0	1	0	0	1	1	1	0	0	1	1	1	0	0	0	1	1	1	0	0	
0	1	0	1	0	1	1	1	0	1	1	0	0	1	0	0	0	0	0	1	1	1	0	1	0	0	1	0	0	0	0	1	1	0	1	
0	1	0	0	0	1	0	1	1	0	0	0	1	0	1	1	0	1	1	1	1	1	1	1	0	0	0	0	0	0	0	1	0	0	1	
1	1	0	0	1	0	1	0	1	1	0	1	1	1	0	0	0	0	1	0	1	0	0	1	0	0	1	1	1	1	1	1	0	1	1	
0	1	0	0	0	0	0	0	1	1	0	1	0	1	1	1	1	0	0	0	0	0	1	0	1	0	1	1	0	0	1	0	1	0	0	
0	0	1	1	0	1	1	1	1	0	0	0	0	0	1	0	1	0	1	0	1	0	1	1	1	0	1	0	1	0	1	1	0	1	0	
0	1	0	1	1	0	0	0	1	1	0	0	1	0	1	0	0	0	0	1	1	0	1	0	0	0	0	0	0	1	1	0	1	0	1	
1	0	0	0	1	1	0	0	0	1	1	0	0	1	1	0	1	0	1	1	1	0	1	0	0	1	1	0	1	0	1	1	1	1	0	
0	1	1	1	1	0	0	0	0	0	1	0	0	1	0	1	1	0	0	1	1	1	1	1	1	0	1	0	0	1	0	0	0	1	1	
0	1	1	0	1	1	1	0	0	0	0	1	0	0	1	0	0	0	1	1	0	1	0	0	0	0	1	1	0	0	1	0	1	1	1	
1	1	0	0	0	1	0	0	1	0	0	0	1	1	0	0	1	0	0	0	0	1	1	0	0	0	0	0	1	1	1	1	0	1	0	
0	1	1	1	1	1	0	1	0	1	0	0	1	1	1	0	1	0	0	1	0	1	0	0	1	0	1	1	1	1	1	1	0	0	0	
1	0	0	0	0	1	1	1	1	1	0	1	1	0	1	0	0	1	1	0	0	0	0	0	0	1	0	1	1	0	1	1	1	0	0	
1	1	0	0	1	0	1	1	1	0	0	0	0	1	1	1	1	1	0	0	1	1	0	0	1	1	0	1	1	0	0	1	0	0	1	
1	0	0	0	0	0	1	0	1	0	1	1	0	0	0	1	0	1	1	0	1	0	1	1	0	1	0	0	0	0	0	0	1	1	1	
1	0	1	1	0	1	1	0	1	1	1	0	1	0	0	0	1	1	1	1	0	0	1	0	1	0	0	1	0	1	1	1	0	0	1	
1	1	1	1	0	1	0	0	0	0	0	0	1	1	0	1	0	1	1	0	1	0	0	0	1	1	1	0	1	0	1	0	1	0	1	
1	0	1	1	1	0	1	0	0	1	1	1	0	1	0	0	1	0	0	0	0	0	0	0	1	1	1	1	1	1	1	0	1	1	0	
1	0	1	0	0	1	0	1	0	1	1	1	1	1	1	0	0	0	1	0	1	1	1	0	1	0	0	1	0	0	0	0	0	0	0	
1	0	0	0	1	1	1	0	0	0	0	1	1	0	0	1	1	0	1	1	1	0	1	0	0	1	1	1	0	0	0	1	0	0	1	
0	0	1	0	1	0	1	1	1	0	1	0	1	1	1	0	0	1	0	1	0	0	0	0	0	1	0	0	1	0	1	0	0	0	1	
1	0	0	1	0	0	0	1	0	1	1	0	0	0	1	1	1	0	0	1	1	0	0	0	1	0	1	1	0	0	1	1	0	0	1	
0	0	1	1	1	1	0	0	1	0	1	1	0	0	0	1	1	0	0	0	1	0	0	0	0	0	0	1	1	0	0	0	0	1	1	
1	1	0	1	0	1	1	1	0	0	0	0	0	1	0	0	1	0	0	1	0	0	0	0	0	1	1	1	0	1	0	0	0	1	1	
0	1	1	0	0	1	1	0	0	1	0	1	0	0	0	1	0	1	0	1	0	0	1	0	0	1	1	1	1	1	0	0	0	0	0	
1	1	1	1	0	1	0	0	0	0	1	1	0	1	1	0	1	1	0	1	1	1	0	1	0	0	0	1	0	1	1	0	0	0	0	
1	0	0	0	0	1	1	0	1	1	1	1	1	1	1	1	1	0	1	1	0	1	0	1	0	0	1	0	0	0	1	0	1	0	1	
0	0	0	0	1	0	1	1	1	1	0	0	1	0	0	1	0	0	1	0	0	0	1	0	1	1	1	0	1	0	0	1	1	1	1	
1	0	1	0	1	1	0	1	1	0	1	0	1	0	1	1	0	0	0	1	1	1	0	0	0	0	1	1	1	1	1	0	1	1	0	
0	0	1	0	0	1	0	0	1	1	0	0	0	1	1	0	1	1	1	1	1	0	0	1	0	1	0	0	0	1	0	0	1	1	1	
0	0	1	1	0	0	1	0	0	1	0	1	1	1	1	1	0	0	0	0	1	0	0	1	0	1	0	1	0	1	1	1	1	0	0	
0	1	0	1	1	1	1	0	0	1	0	1	0	0	1	1	1	1	1	0	0	1	0	1	1	0	0	0	1	0	1	0	0	1	0	
1	1	1	1	0	1	0	0	1	0	0	1	1	0	1	0	0	0	0	1	0	1	1	1	1	1	0	1	1	1	0	1	1	0	1	
0	0	0	1	0	1	0	0	1	0	1	1	0	1	0	0	0	1	0	0	0	1	1	1	0	0	1	1	1	0	1	1	0	0	1	
1	0	0	1	1	0	0	0	0	1	0	1	0	0	1	0	0	1	1	1	1	1	0	0	1	0	0	0	1	1	0	1	0	0	1	
0	1	1	0	0	1	1	1	1	0	1	0	1	1	0	1	1	0	0	0	0	0	1	1	0	1	1	1	0	0	1	0	1	1	0	
0	0	0	1	0	0	0	1	1	0	0	1	1	1	0	1	0	0	1	1	1	0	1	1	1	0	0	1	0	0	1	0	0	1	0	
1	1	0	1	0	1	0	0	0	1	0	1	0	0	0	1	1	0	1	0	1	1	1	1	1	0	1	1	0	1	0	1	1	1	0	
0	1	1	1	0	0	1	0	0	0	1	1	0	0	1	1	1	0	1	1	1	1	1	0	0	1	0	0	1	0	1	1	0	0	1	
0	0	0	1	1	1	1	0	1	0	1	1	1	1	1	1	0	0	0	1	1	0	1	0	1	1	1	0	1	1	0	0	0	0	0	
0	0	1	0	0	1	1	0	0	0	1	0	1	0	1	1	0	0	1	0	0	1	0	0	1	0	1	0	0	1	0	1	0	1	0	
0	0	1	1	0	1	0	1	0	0	1	0	0	0	1	1	1	1	0	1	0	1	1	0	1	1	0	0	0	0	0	0	1	0	0	
0	0	1	0	1	0	0	0	0	0	0	0	1	1	1	1	1	1	0	1	0	0	0	1	1	0	0	1	0	0	0	1	1	1	1	
0	0	1	1	0	1	0	0	0	1	1	1	1	0	0	0	0	0	1	1	0	0	1	1	0	0	1	0	0	1	1	0	1	1	0	
0	1	1	1	1	0	1	0	1	1	0	0	0	1	1	0	0	1	1	1	1	1	1	0	1	1	1	1	0	0	1	0	0	1	0	
1	0	1	0	0	0	0	1	1	0	1	0	1	1	0	0	0	0	0	1	1	0	1	0	0	1	1	1	0	1	0	1	1	0	1	
0	0	0	0	1	1	0	0	0	1	0	0	1	1	1	0	1	0	0	0	0	1	1	1	1	1	1	0	1	0	0	0	0	0	1	
1	0	1	0	0	0	0	0	1	1	0	1	0	0	1	1	1	0	0	0	1	1	0	1	0	1	1	0	1	1	1	0	0	0	1	
0	1	1	0	0	0	1	0	0	0	1	1	1	1	1	0	1	0	0	0	1	0	1	0	1	0	0	0	1	1	0	1	1	1	1	
1	1	1	0	1	0	1	1	0	1	0	0	1	0	1	1	1	0	1	1	1	0	0	0	1	1	0	0	0	1	0	0	1	1	0	
0	1	0	0	1	0	0	1	0	0	0	1	0	1	1	1	0	0	0	0	1	1	0	1	0	1	1	0	1	0	0	0	1	1	0	
1	0	0	1	1	1	0	1	1	1	0	0	0	0	0	1	0	1	1	1	0	1	0	1	0	1	1	1	0	0	1	0	0	0	0	
1	1	1	1	1	0	0	0	1	1	1	0	1	0	0	1	0	0	0	0	1	1	0	1	0	1	1	0	0	0	0	1	0	1	0	
0	1	0	0	0	1	0	1	1	0	1	1	1	0	1	0	1	1	0	1	1	0	0	1	1	1	1	1	1	0	1	0	0	1	1	
0	0	0	1	1	1	0	0	0	0	0	1	1	0	0	0	1	1	0	0	1	1	0	0	0	1	0	1	0	0	1	1	1	1	0	
0	0	0	0	0	1	0	1	0	1	1	1	0	1	0	1	0	1	0	1	1	1	0	0	1	1	0	0	1	1	1	1	1	1	0	
0	1	0	0	1	1	1	1	0	1	1	0	0	0	0	1	0	0	0	0	1	0	1	1	1	0	0	1	1	1	1	0	1	0	1	
0	1	0	1	1	1	0	0	1	1	1	1	1	1	0	1	1	0	1	1	0	0	0	0	1	1	0	0	0	1	1	1	0	1	1	

invalid rows: 
9	10	35	38	40	53	65	96	97	111	123	

 ----------pgm covering array: 
0	0	0	0	0	0	0	0	0	0	0	0	0	0	0	0	0	0	0	0	0	0	0	0	0	0	0	0	0	0	0	0	0	0	0	
1	1	1	1	1	1	1	1	1	1	1	1	1	1	1	1	1	1	1	1	1	1	1	1	1	1	1	1	1	1	1	1	1	1	1	
0	0	1	1	0	1	0	1	0	1	1	0	1	1	0	0	1	0	0	1	0	1	0	1	1	1	1	0	0	0	0	1	0	1	0	
1	1	1	0	0	1	1	1	0	0	1	0	1	1	0	0	1	0	1	0	1	1	0	0	0	0	0	0	0	0	1	0	1	0	0	
0	1	1	1	0	0	0	0	0	0	1	0	1	0	1	0	1	0	1	1	1	0	1	0	1	1	0	0	0	0	1	0	1	1	1	
0	0	1	1	0	0	1	1	1	0	0	1	1	0	0	0	0	1	0	1	0	1	1	1	0	0	0	0	1	0	0	0	1	1	0	
0	1	1	1	1	0	0	1	1	1	0	0	1	0	0	0	1	0	0	1	1	0	1	0	0	1	1	0	1	1	1	0	0	0	0	
1	0	0	1	1	1	1	0	0	1	0	1	0	0	1	0	0	0	1	1	1	0	0	1	0	0	1	0	0	0	1	0	1	1	0	
0	1	1	0	0	1	0	1	0	0	1	1	1	0	1	1	1	0	0	0	1	1	0	1	0	0	0	0	1	0	0	1	0	1	1	
0	1	1	0	0	0	0	1	1	0	1	0	1	1	0	1	1	1	0	0	0	1	1	0	1	1	0	1	1	1	0	1	0	0	1	
1	0	1	1	1	1	1	1	1	0	0	1	1	0	1	1	0	1	0	1	1	1	0	0	1	0	1	0	0	0	0	1	0	1	1	
0	0	0	1	1	0	1	1	0	1	1	0	1	0	1	1	0	1	1	0	0	0	1	1	0	0	1	1	0	0	1	1	0	1	1	
1	0	1	1	1	0	1	1	0	1	1	1	1	1	0	0	0	1	1	0	0	1	0	1	1	1	0	0	1	1	1	0	0	1	0	
1	1	0	0	0	0	0	0	1	1	0	0	1	1	1	0	0	1	1	0	0	1	1	1	1	0	1	0	0	1	0	1	0	0	1	
1	0	0	0	1	1	1	1	1	1	0	1	0	1	0	1	0	1	0	0	0	1	0	1	0	0	1	1	1	1	0	1	0	0	0	
1	0	0	0	0	1	0	0	1	1	1	0	1	0	1	1	1	1	0	1	0	1	0	0	1	0	1	0	0	0	1	0	0	0	0	
1	1	1	0	0	0	1	1	0	1	0	1	1	0	1	1	0	0	0	1	0	1	0	0	0	1	1	1	1	0	1	0	0	1	1	
1	1	0	1	0	0	0	0	1	0	0	1	1	1	0	1	0	0	0	1	0	1	1	1	1	1	1	0	0	0	1	1	1	1	0	
1	0	1	0	0	1	1	0	1	1	0	0	1	1	0	1	0	1	0	0	1	1	0	0	0	1	0	1	0	1	1	0	1	1	1	
1	1	0	1	0	1	1	1	1	1	0	1	0	1	1	1	1	0	1	1	0	0	1	0	1	1	0	0	1	0	0	0	1	1	1	
1	0	0	0	0	1	1	1	0	1	0	1	1	0	0	0	1	0	1	0	1	0	1	1	1	0	1	0	1	1	1	1	0	0	1	
0	0	1	0	1	0	0	0	0	0	1	0	1	0	0	0	0	1	0	0	1	1	0	1	0	0	1	1	0	1	1	1	0	0	0	
1	1	1	0	1	0	1	0	0	1	1	0	1	0	1	1	1	0	0	1	0	1	1	1	0	0	1	1	0	1	0	0	1	0	0	
1	1	0	0	1	1	1	0	1	1	1	0	1	0	0	0	0	1	1	1	1	1	1	0	1	0	0	0	1	0	0	0	1	1	0	
1	0	0	0	1	0	0	1	0	0	0	1	1	1	1	1	0	0	1	1	1	1	0	0	1	1	0	0	0	1	1	1	1	0	1	
1	0	0	1	1	0	0	0	0	1	1	0	1	1	1	1	0	0	0	0	1	0	0	1	1	0	0	1	1	0	0	0	0	1	0	
0	1	1	0	1	1	0	1	1	1	0	1	1	1	0	0	0	1	1	1	1	1	0	1	0	0	0	1	0	0	1	0	0	0	1	
0	1	0	0	1	1	0	1	1	1	1	1	1	0	1	0	0	1	1	0	0	0	0	0	0	1	1	1	1	0	0	1	1	0	1	
1	0	1	1	0	0	1	0	0	0	0	0	0	1	0	1	1	0	0	1	1	1	1	1	1	0	0	0	0	1	1	0	0	1	0	
1	0	1	0	1	0	0	1	0	0	1	1	1	1	1	0	1	1	0	1	1	0	1	0	1	0	1	1	1	0	0	0	1	1	1	
0	1	1	0	1	1	0	0	0	1	0	0	1	0	1	1	1	1	0	0	0	1	1	1	1	0	0	0	1	1	1	0	1	1	1	
1	1	0	1	0	0	1	1	1	0	1	1	0	1	0	0	0	0	1	1	1	0	0	0	0	1	1	1	0	0	0	1	0	0	0	
1	0	0	1	1	0	1	1	0	0	0	0	1	0	0	1	1	0	1	0	1	1	1	0	0	1	0	1	1	0	1	1	0	0	0	
1	1	1	1	1	0	1	1	1	0	0	0	1	1	1	0	0	0	0	0	0	0	0	0	1	0	1	1	1	1	0	0	1	0	0	
1	0	1	1	0	1	0	0	1	0	1	1	1	1	1	1	1	1	1	0	1	0	1	0	0	1	0	1	0	1	0	1	0	1	0	
0	1	0	0	1	0	0	0	1	0	1	1	1	0	0	1	0	0	0	0	1	0	0	1	1	1	0	0	0	1	1	0	0	1	1	
1	0	1	0	0	0	0	0	1	1	0	1	1	0	0	0	0	0	1	0	0	0	0	0	1	0	0	1	1	0	1	1	1	1	0	
0	0	1	0	0	0	1	1	1	1	0	0	1	0	1	1	1	1	1	1	1	0	0	1	0	1	0	0	0	0	0	1	1	0	0	
0	0	0	1	1	1	1	0	1	0	1	1	1	0	0	0	1	0	1	1	0	0	0	0	0	0	1	0	0	1	0	0	0	1	1	
1	1	0	1	1	1	0	0	1	1	0	0	1	0	0	1	1	1	1	1	0	0	0	1	0	1	0	1	1	0	0	1	1	1	0	
0	1	0	1	0	0	0	1	0	1	0	1	0	0	0	1	1	1	1	0	1	1	0	0	1	0	1	1	0	1	0	0	1	1	0	
1	0	1	1	0	0	0	0	0	1	1	1	0	0	0	0	1	1	0	1	0	1	0	1	0	1	0	1	1	1	0	1	1	0	1	
1	0	1	0	0	1	0	0	0	0	0	1	0	1	0	1	0	1	1	0	1	0	1	1	0	0	1	0	1	0	0	0	1	0	0	
1	1	0	0	1	0	1	0	0	0	1	0	0	1	0	1	1	1	1	0	0	1	0	0	0	1	1	0	1	0	0	0	0	1	1	
0	0	1	1	1	1	1	1	0	0	1	1	0	0	0	1	1	0	0	1	1	0	0	0	0	1	0	1	1	0	1	0	1	1	0	
1	1	1	0	0	0	0	1	0	1	0	0	0	1	1	1	0	1	0	0	1	1	1	1	1	1	0	1	1	0	1	1	1	0	0	
0	0	1	0	1	0	0	1	1	1	0	1	0	0	1	1	0	0	1	0	0	1	1	0	1	1	0	0	1	0	0	0	0	0	0	
0	0	0	0	1	0	1	1	1	1	1	1	0	1	0	1	1	1	0	1	1	0	1	1	1	0	0	1	0	0	1	0	0	0	0	
0	1	1	1	1	0	0	0	0	1	1	1	0	1	1	0	0	1	1	1	1	1	1	0	0	0	0	0	1	1	1	1	0	1	0	
1	1	0	0	0	0	1	1	1	0	1	1	0	0	1	0	1	1	0	0	0	1	1	0	0	0	0	1	0	0	1	1	0	1	0	
0	0	0	1	1	0	0	0	1	1	0	1	0	0	1	1	0	1	0	1	0	0	1	1	1	1	1	1	1	1	0	1	0	1	1	
1	0	1	1	0	1	1	1	0	1	0	0	0	1	1	0	1	1	1	1	0	1	1	0	0	0	1	1	1	0	0	1	1	0	0	
1	1	0	1	1	1	0	1	0	1	1	1	0	0	0	1	0	0	0	0	0	1	1	1	0	1	0	0	0	0	0	0	1	0	1	
1	1	1	0	0	1	1	1	0	1	1	0	0	0	1	1	0	0	1	1	1	0	1	1	1	1	0	1	0	1	0	0	0	1	0	
1	0	1	0	1	0	0	0	1	1	0	0	0	0	0	1	1	0	1	1	1	1	1	0	0	0	1	0	1	1	0	1	0	1	1	
1	0	1	0	1	0	0	1	0	0	0	0	0	0	1	0	1	1	1	0	0	0	0	1	1	1	1	0	0	0	1	1	1	1	0	
0	1	1	0	1	0	1	0	1	1	0	1	0	1	1	1	1	0	0	0	0	0	0	0	0	0	0	0	0	1	1	1	1	1	0	
1	1	0	0	1	0	1	0	1	0	0	1	0	0	1	1	0	1	1	0	1	0	1	0	0	0	0	1	1	1	1	0	1	0	1	
1	1	1	1	1	1	0	0	1	0	0	1	0	0	1	0	1	1	0	0	1	1	1	1	1	1	1	1	0	0	1	0	0	0	0	
0	1	1	0	0	1	1	1	1	0	0	1	0	0	0	0	1	1	1	1	0	1	1	0	0	1	1	0	0	1	1	1	1	0	1	
1	1	0	0	1	1	0	0	0	1	1	0	0	1	1	1	1	0	1	0	1	0	0	0	1	1	1	1	0	1	1	1	0	0	1	
0	0	0	0	1	0	1	0	0	0	0	0	0	0	0	0	0	1	0	1	1	1	1	0	1	1	0	1	0	0	0	1	1	1	1	
1	1	0	1	1	1	0	0	0	0	1	1	0	1	0	0	0	0	0	0	0	1	1	0	1	0	1	1	1	1	1	0	0	1	1	
0	1	1	1	0	1	0	0	0	0	0	0	0	0	1	1	0	1	1	1	0	0	0	0	1	0	0	1	1	0	1	0	0	0	1	
1	0	0	0	0	1	1	0	0	0	1	1	0	1	1	1	0	1	1	0	0	1	0	1	1	0	0	1	0	0	0	1	1	1	1	
1	1	1	1	1	0	0	1	0	1	1	0	0	1	0	1	0	1	0	1	1	0	0	0	0	0	1	0	0	0	1	1	1	0	1	
0	1	1	1	1	0	0	0	1	0	1	0	0	1	1	1	0	1	0	1	0	1	0	0	0	1	0	1	0	0	0	0	1	1	0	
1	0	0	0	1	1	0	1	0	1	0	1	0	1	1	0	1	1	0	1	0	0	0	0	0	1	0	0	0	1	0	0	0	1	0	
1	0	0	1	1	0	1	0	1	1	0	0	0	1	0	0	0	1	1	1	0	0	1	0	1	1	1	1	0	1	1	0	1	0	0	
0	1	1	0	1	1	1	1	1	0	1	0	0	0	0	1	0	1	0	0	1	0	0	1	1	1	1	0	1	1	0	1	1	1	0	
0	0	1	0	0	0	1	0	1	0	0	0	1	1	1	0	1	1	1	1	1	0	0	0	1	0	1	1	1	1	1	1	0	1	0	
1	0	0	0	1	0	1	1	1	1	1	1	1	1	0	0	1	0	0	0	1	1	1	1	0	1	1	0	0	1	0	1	1	1	0	
1	1	0	0	0	0	0	1	1	0	1	0	0	0	1	0	0	1	1	1	1	1	0	1	0	1	1	0	1	1	1	0	0	1	0	
1	1	1	0	0	1	0	0	1	0	0	1	0	1	0	0	1	0	0	1	1	1	0	0	1	1	0	0	1	1	0	0	1	0	0	
0	1	0	1	1	0	0	1	0	0	1	1	0	0	1	0	1	0	1	1	0	0	1	1	1	0	1	0	1	0	0	1	0	0	0	
1	0	1	1	0	0	1	0	1	1	1	1	0	0	0	1	1	1	0	0	1	0	0	0	1	1	1	0	1	0	1	0	0	0	1	
0	1	0	1	0	1	1	1	0	0	1	1	1	1	1	0	0	1	0	0	0	0	0	1	1	1	0	1	0	0	1	0	1	0	0	
0	0	0	1	0	1	0	1	1	0	0	1	0	1	0	0	0	1	1	0	1	0	0	0	1	1	0	0	1	0	1	1	0	1	1	
1	1	1	1	0	1	1	1	0	1	0	0	0	0	0	0	0	1	0	0	0	0	1	0	1	0	0	0	0	1	1	1	0	1	1	
0	1	1	0	1	1	1	0	0	0	0	1	0	1	0	1	1	0	1	1	0	1	0	1	1	0	1	1	1	0	1	1	0	1	0	
0	1	0	0	0	0	0	0	0	1	1	0	0	1	0	0	1	0	1	0	0	0	1	1	0	1	0	1	1	1	1	0	1	0	0	
0	1	1	0	0	1	0	0	1	1	1	1	0	1	1	0	0	1	0	1	0	0	0	1	1	0	1	0	0	1	0	0	1	1	1	
0	1	0	1	0	1	1	0	1	1	0	0	0	0	0	1	0	0	1	0	0	1	0	1	0	1	0	0	0	1	1	1	0	0	0	
0	0	1	1	1	1	0	0	0	1	0	0	1	1	0	1	0	0	1	1	1	0	0	1	1	1	1	0	1	1	0	0	1	0	1	
0	0	0	1	0	1	0	1	1	1	1	0	0	1	1	1	0	0	0	0	1	1	1	0	0	0	1	0	1	0	1	1	1	1	0	
0	0	1	1	0	0	0	1	0	0	0	1	0	1	1	1	1	0	0	0	0	0	0	1	0	1	1	1	0	1	1	1	0	0	1	
0	1	0	0	1	0	1	1	0	1	0	0	0	0	0	0	0	0	0	1	0	1	0	1	1	0	1	0	1	0	1	0	1	0	1	
0	0	0	1	0	0	1	1	1	0	1	0	0	1	1	1	1	1	1	1	0	1	0	1	1	0	0	0	1	1	1	0	1	0	1	
1	1	1	0	1	0	1	0	0	0	0	1	1	0	0	0	1	1	1	1	0	0	0	1	1	1	0	1	0	1	0	0	0	0	1	
1	1	0	0	1	1	0	1	0	0	1	1	1	0	0	1	1	1	0	1	0	0	1	0	1	0	0	0	1	1	1	1	1	0	0	
1	1	1	0	1	1	0	0	0	1	0	1	1	0	0	0	0	0	0	0	1	0	1	0	0	1	1	1	0	0	0	1	0	1	0	
1	1	1	1	1	0	1	0	1	1	1	1	0	0	1	0	1	0	1	0	1	1	0	1	1	0	0	0	0	0	0	1	1	0	1	
1	0	1	0	1	1	1	0	1	0	1	0	1	1	1	0	0	0	0	1	0	0	1	1	0	1	0	0	1	0	1	1	0	0	1	
0	0	0	0	1	0	0	0	1	0	1	1	1	1	1	1	1	0	1	1	1	1	0	1	0	1	1	1	1	0	0	0	1	0	0	
0	0	1	0	1	1	1	1	0	1	1	0	0	0	1	0	1	1	1	0	1	0	0	0	0	0	0	1	1	1	0	0	0	0	1	
0	0	1	1	1	1	1	0	0	1	0	1	1	1	0	1	1	0	0	0	0	0	1	0	1	0	0	1	0	0	0	1	1	0	1	
1	1	0	1	0	0	1	0	0	0	0	1	1	0	1	1	0	1	0	1	1	0	0	1	0	0	0	0	1	1	0	1	0	0	0	
0	0	0	1	1	1	0	0	1	0	1	0	0	1	0	0	1	1	1	0	1	0	1	1	1	0	0	0	0	1	0	1	1	0	0	
0	1	0	0	0	1	0	0	1	0	0	0	0	0	1	1	1	0	0	1	1	0	1	0	0	0	1	1	0	0	0	1	1	0	1	
0	0	0	1	1	0	0	0	1	0	0	1	1	1	0	0	1	1	0	0	0	1	0	0	0	0	1	0	1	0	1	1	1	0	1	
1	0	0	1	0	0	0	0	0	1	0	1	1	1	1	0	1	0	1	1	0	1	1	0	0	0	0	1	0	0	1	0	0	0	1	
1	0	0	1	1	1	0	1	1	0	0	0	0	0	1	0	1	0	0	0	1	1	0	1	0	0	0	1	1	1	1	0	1	1	1	
0	1	1	1	1	0	1	1	0	0	0	1	0	1	0	0	0	0	1	0	1	0	1	1	0	1	0	1	1	1	0	1	1	1	1	
0	1	1	0	0	0	1	0	0	1	1	1	1	1	0	1	0	1	1	1	0	0	1	0	1	1	1	0	0	0	0	1	0	0	0	
0	1	0	1	1	1	1	1	0	0	0	0	0	1	1	1	1	1	0	1	1	1	1	1	0	1	1	0	0	1	0	0	0	0	1	
1	1	1	1	0	1	0	0	0	0	0	0	1	0	1	0	0	0	1	0	0	1	0	0	0	1	1	0	1	1	0	1	1	1	1	
0	0	0	0	0	1	1	0	1	0	0	1	1	0	1	0	1	0	1	0	0	1	1	1	1	1	0	1	1	1	0	0	0	1	0	
1	0	1	0	0	0	0	1	1	0	1	1	0	0	0	1	0	0	1	1	0	0	1	1	0	0	1	1	0	1	1	0	1	1	1	
0	1	0	1	1	0	1	1	1	1	1	0	1	0	1	0	1	0	0	1	0	1	0	0	1	1	0	1	0	1	1	1	0	1	1	
1	1	0	0	0	0	0	1	1	1	0	0	0	1	0	0	1	0	0	1	1	0	0	1	1	0	0	1	1	0	0	1	0	1	1	
1	0	1	1	1	1	0	1	1	0	1	0	0	0	0	1	0	0	1	1	0	1	0	0	1	0	0	1	0	1	0	1	0	0	0	
0	1	0	0	0	0	1	0	0	1	0	1	1	1	1	0	1	1	0	0	1	0	1	1	0	1	1	0	1	0	1	0	1	1	1	
0	1	1	1	0	1	1	0	1	1	1	0	0	0	0	0	1	1	0	0	0	0	1	1	0	0	1	1	1	0	0	0	0	1	0	
0	0	1	0	1	1	0	1	1	1	1	0	0	1	0	0	1	0	1	0	0	1	1	0	1	1	1	1	0	0	1	0	1	1	1	
0	0	1	1	0	1	0	1	1	1	0	1	1	0	1	0	0	0	0	1	1	0	1	1	1	0	0	1	0	1	1	1	1	0	0	
0	1	0	1	0	1	1	0	1	1	1	1	1	1	0	1	0	0	0	1	1	1	1	0	0	0	0	1	1	1	0	0	0	0	1	
0	0	1	0	0	0	1	1	0	0	1	1	0	1	1	0	0	0	0	0	1	1	1	0	1	0	1	0	0	1	0	0	0	0	1	
1	0	0	1	0	0	0	1	1	1	1	0	1	0	1	0	0	1	0	0	1	0	1	0	0	1	0	0	0	1	0	0	1	0	1	
1	0	0	1	0	0	1	0	0	0	1	0	0	0	1	1	1	0	0	0	0	0	1	0	1	1	1	0	1	1	0	1	1	1	0	
0	0	1	1	0	0	1	0	1	1	0	0	0	1	1	0	0	0	1	0	1	1	0	1	0	1	1	1	0	0	0	0	0	1	1	
1	1	1	1	0	1	0	1	1	1	1	1	1	1	1	1	1	0	1	0	0	0	0	1	0	0	1	0	1	1	1	0	0	0	0	
0	1	0	1	1	1	1	0	0	1	0	0	1	1	1	0	1	1	0	0	1	1	0	0	1	1	0	0	1	0	0	1	0	0	0	
0	0	0	0	0	0	1	1	0	1	1	0	1	1	0	1	0	0	1	1	0	0	0	0	0	0	0	0	1	1	0	1	1	1	1	
0	1	0	0	1	1	0	1	0	0	0	0	1	1	1	0	0	0	1	1	0	1	1	1	0	0	0	1	0	1	0	1	1	1	0	
0	0	0	0	0	1	1	0	0	1	1	1	0	0	1	0	0	0	0	1	1	1	0	0	1	1	1	1	1	1	1	1	1	0	0	
0	0	1	1	1	1	1	0	0	0	1	1	1	0	1	1	0	1	1	0	0	1	1	0	0	1	1	0	0	1	1	0	1	0	0	
0	0	0	0	0	1	0	1	0	0	0	0	1	1	0	1	0	1	0	1	0	0	1	0	0	1	1	1	1	1	1	0	0	1	0	
1	1	1	1	1	0	0	1	1	0	0	0	1	1	0	1	1	1	1	0	0	0	1	1	0	0	0	0	0	0	0	0	0	1	1	
0	1	0	0	1	1	1	1	1	0	0	0	1	1	1	1	0	0	1	0	1	0	1	0	1	0	1	0	0	0	1	0	0	1	0	
1	1	0	1	0	1	1	0	0	0	1	0	1	1	0	0	1	1	0	1	1	0	0	1	0	0	1	1	0	1	1	1	1	1	1	
1	0	0	0	0	1	1	1	1	0	0	0	1	0	0	1	1	0	0	0	0	0	0	1	1	1	1	1	0	0	0	0	1	0	1	
1	0	0	1	0	1	0	1	0	0	1	0	1	0	0	0	0	1	1	1	1	1	1	1	1	1	1	1	1	0	0	0	0	0	1	
0	0	0	0	0	1	0	0	0	1	1	1	0	0	0	1	1	1	1	1	1	1	1	1	0	1	0	0	0	0	1	1	0	1	1	
0	1	1	1	0	0	1	0	1	0	1	0	1	0	0	1	0	0	1	0	1	1	1	1	1	0	1	1	1	0	1	1	1	0	1	

invalid rows: 
25	84	93	95	96	100	

 ----------random covering array (last execution): 
0	0	0	0	0	0	0	0	0	0	0	0	0	0	0	0	0	0	0	0	0	0	0	0	0	0	0	0	0	0	0	0	0	0	0	
1	1	1	1	1	1	1	1	1	1	1	1	1	1	1	1	1	1	1	1	1	1	1	1	1	1	1	1	1	1	1	1	1	1	1	
1	0	1	0	1	1	1	0	0	0	0	1	1	1	0	0	1	0	1	1	0	1	1	1	0	0	0	1	1	1	0	0	0	0	0	
0	1	0	1	0	0	1	0	1	1	0	1	1	0	0	0	0	0	1	0	0	1	1	1	1	0	0	1	0	0	1	0	0	0	1	
1	0	1	0	1	0	0	0	1	1	0	1	1	1	0	1	0	1	0	0	0	1	0	0	1	0	1	1	0	1	1	0	0	0	1	
0	1	1	0	0	0	1	0	0	0	1	0	1	1	0	0	1	1	0	0	1	1	0	1	0	0	0	0	0	1	1	1	0	1	0	
1	0	1	0	0	0	0	1	0	1	0	1	1	1	1	0	0	1	0	1	0	1	0	1	1	0	0	0	1	0	0	1	0	1	1	
0	1	1	1	0	0	0	0	1	0	1	0	0	1	1	1	1	0	0	1	0	0	1	0	1	0	0	0	1	1	1	0	0	0	1	
0	0	0	0	0	1	1	0	0	1	1	1	1	0	0	1	1	0	0	0	0	1	1	1	0	1	1	1	0	1	0	1	0	0	1	
1	0	0	0	1	1	1	1	0	1	0	1	1	0	0	0	0	1	1	0	1	1	0	1	0	1	1	1	0	0	0	1	1	1	0	
0	1	1	1	1	1	1	0	0	0	1	0	1	1	1	1	0	0	0	0	1	1	1	1	0	1	1	0	1	1	0	0	0	1	1	
0	1	1	0	0	1	0	0	1	0	0	0	0	0	1	1	1	1	0	1	1	1	0	1	1	1	1	1	1	1	0	0	1	0	0	
1	1	1	1	1	0	1	1	1	0	1	0	1	0	1	0	1	0	1	1	1	1	0	1	1	0	0	1	0	1	0	1	0	0	0	
0	0	0	1	1	1	1	1	1	1	0	0	0	0	0	1	1	1	1	1	1	1	0	0	0	0	1	0	1	0	0	0	0	1	0	
0	1	0	1	0	1	1	1	0	0	1	0	0	0	1	0	1	0	1	1	1	0	1	1	0	1	0	0	1	0	0	1	1	1	0	
0	0	0	1	1	0	1	0	0	0	0	1	0	1	0	1	0	0	0	1	1	1	1	0	1	1	0	1	1	0	0	0	0	1	0	
1	1	0	1	0	0	1	0	0	1	1	0	1	1	0	1	0	0	0	1	0	1	0	1	1	1	1	0	1	1	0	1	1	0	0	
1	0	1	1	1	1	1	0	0	1	1	0	0	1	0	0	1	1	1	0	0	1	0	0	1	1	0	0	1	1	1	0	0	1	0	
1	1	0	1	0	0	1	1	0	0	0	0	1	0	0	0	0	0	1	1	1	1	1	0	1	1	1	0	0	1	1	0	1	1	1	
1	1	1	1	1	0	0	0	1	1	1	1	0	1	0	1	0	1	1	1	0	0	1	1	0	1	1	0	0	1	1	1	0	1	0	
0	1	0	1	1	1	0	1	1	0	1	1	0	0	0	0	1	1	0	1	0	1	1	1	1	0	1	0	1	0	0	1	0	0	1	
0	0	0	0	0	1	1	1	0	0	0	0	1	0	1	0	1	0	0	0	1	1	0	0	1	0	0	1	1	0	0	0	1	0	1	
0	1	0	1	0	0	1	1	0	1	0	1	1	1	1	1	1	1	0	1	0	1	0	0	0	1	0	1	1	0	1	0	1	0	0	
0	1	0	1	1	0	1	0	1	1	0	0	0	1	1	0	0	1	0	1	1	1	1	0	0	0	0	1	0	1	1	1	0	1	1	
1	0	0	1	1	1	1	1	1	0	1	0	0	1	1	1	0	0	1	0	0	1	0	1	1	1	1	0	0	0	1	0	0	0	1	
0	0	1	1	1	0	0	0	0	0	0	0	0	0	1	1	1	0	1	1	0	1	0	0	0	1	0	1	0	1	0	1	1	0	1	
0	0	0	0	0	0	1	0	1	1	1	0	1	1	1	0	1	0	1	1	1	1	1	1	1	0	1	0	0	0	0	0	1	1	1	
1	0	0	0	0	1	0	0	1	1	1	0	0	0	1	1	0	0	0	1	1	1	1	1	0	0	1	1	1	0	1	1	1	1	0	
0	1	1	1	1	0	1	1	0	0	0	1	1	1	0	0	1	1	1	0	0	0	0	0	1	1	0	0	0	1	0	0	0	0	1	
0	0	0	1	1	0	0	0	0	0	1	1	1	1	1	1	0	1	1	0	1	1	0	1	0	0	1	1	1	1	1	1	1	0	1	
0	0	0	0	1	0	1	1	0	1	0	1	1	0	1	1	1	1	0	1	1	1	1	0	1	1	1	0	0	1	1	1	0	0	0	
1	1	1	1	0	1	0	0	1	1	1	0	0	1	0	0	0	0	1	0	0	0	0	1	0	0	0	1	1	0	0	0	1	1	1	
1	1	1	1	0	1	1	0	1	0	0	1	0	0	1	0	0	1	0	0	0	1	0	1	1	1	0	0	0	0	0	1	1	0	1	
0	1	1	1	1	0	0	1	0	1	0	0	1	0	1	1	0	0	1	0	0	1	0	1	0	0	0	0	1	0	1	1	1	1	0	
1	0	1	1	0	1	0	1	1	0	1	1	1	0	0	1	0	1	1	0	1	1	1	0	0	1	0	1	0	1	0	0	1	1	1	
1	0	0	0	1	0	0	1	0	1	1	0	0	0	1	0	1	0	0	0	0	1	0	0	1	1	1	1	0	1	0	0	0	1	1	
0	0	0	1	1	1	0	0	1	0	1	0	1	0	0	0	0	0	0	1	0	1	0	0	1	0	0	0	0	1	1	1	1	1	0	
1	1	0	0	0	1	0	0	1	0	0	1	1	1	0	1	1	0	0	1	1	1	0	1	0	1	0	0	0	0	1	0	0	1	1	
0	1	1	0	0	0	0	1	1	0	1	1	0	1	1	0	0	0	0	0	0	1	1	0	0	0	1	1	1	1	0	0	0	1	0	
1	0	1	1	0	1	0	0	1	1	0	1	0	1	1	0	1	0	0	1	1	1	1	0	0	1	0	0	0	1	1	1	1	1	0	
0	0	1	0	1	0	1	1	1	1	1	1	0	0	0	0	0	0	0	1	1	0	0	1	0	1	0	0	1	1	1	0	1	0	1	
1	0	1	1	0	1	1	1	0	0	1	1	1	1	0	0	1	0	0	1	1	0	0	0	0	0	1	1	0	0	1	1	1	0	0	
0	0	0	1	0	0	0	0	1	0	1	0	1	0	0	0	1	1	1	0	1	0	1	0	0	1	0	0	1	0	1	1	0	0	1	
1	1	0	1	0	0	1	0	1	1	0	1	0	0	1	0	0	0	1	0	1	0	0	0	0	1	1	1	1	1	0	1	0	0	0	
1	1	1	0	0	0	0	0	0	0	1	1	1	1	1	0	0	0	0	0	0	0	1	1	1	1	0	1	0	1	1	1	1	0	1	
1	0	0	1	1	1	1	0	0	1	0	0	1	0	0	1	1	1	1	1	1	0	0	1	1	1	0	0	0	0	1	1	1	0	1	
1	0	0	0	1	0	1	0	1	0	1	0	1	0	1	1	0	1	0	1	0	0	0	1	0	1	0	0	0	0	0	1	0	1	0	
0	1	0	0	1	0	0	0	0	0	1	1	0	1	1	0	1	1	1	1	1	0	0	1	1	1	0	1	0	0	0	0	1	1	1	
0	0	1	0	0	1	1	1	1	1	1	0	1	1	1	1	0	1	1	1	1	0	0	0	1	0	0	1	0	1	0	1	0	0	1	
0	1	0	1	0	1	1	0	0	1	1	1	0	0	0	1	0	1	0	0	1	0	0	1	1	0	0	1	0	1	0	0	1	1	0	
1	0	1	0	1	1	0	1	0	0	1	0	0	1	1	1	1	1	0	1	1	0	0	0	0	1	1	0	1	1	0	1	1	1	0	
0	1	1	1	0	1	1	0	1	0	0	1	1	1	0	1	0	1	1	1	1	0	1	1	0	0	0	0	1	0	1	1	1	0	0	
1	0	1	1	0	0	1	0	0	1	1	0	0	0	1	0	1	1	0	1	0	0	1	1	0	1	1	1	0	0	1	0	0	0	0	
1	1	0	1	1	0	0	1	1	1	0	0	1	1	0	1	1	1	0	1	0	0	1	1	0	1	0	1	0	1	0	0	1	0	1	
0	0	0	1	0	1	1	1	1	0	0	1	1	1	1	0	0	1	0	1	0	0	0	0	0	1	1	0	1	1	0	1	0	1	1	
1	0	0	1	1	1	0	0	1	0	0	1	1	0	1	1	1	0	0	0	1	0	0	1	1	0	0	0	1	1	1	0	0	0	0	
0	1	0	0	0	1	0	1	0	1	1	1	1	0	1	1	0	0	1	1	0	0	0	0	1	1	0	0	0	1	1	0	0	1	0	
0	1	0	1	0	0	0	1	1	1	1	0	0	0	1	1	0	1	0	0	1	0	0	0	1	1	1	0	0	0	1	1	1	1	1	
1	0	1	1	1	0	1	0	0	1	1	1	1	0	1	1	1	1	0	0	1	0	1	0	1	0	0	0	1	0	0	0	1	1	1	
1	1	0	0	0	1	1	1	1	1	1	1	1	1	0	0	0	1	0	0	1	0	1	1	1	0	1	0	1	0	1	0	0	1	0	
1	0	0	1	1	1	0	1	1	1	0	1	0	0	1	1	0	0	1	1	0	0	1	0	1	1	1	1	1	0	0	0	1	0	1	
1	1	0	0	1	1	1	0	0	0	0	0	0	1	1	0	0	1	0	0	1	0	0	0	0	0	1	0	0	1	1	0	1	0	1	
0	0	1	1	1	0	1	1	0	1	1	0	0	0	1	0	0	1	1	0	0	0	1	0	1	0	1	1	1	1	0	1	1	0	0	
0	0	1	0	1	0	0	0	1	1	0	0	1	1	0	1	0	0	0	0	1	0	1	0	1	1	1	0	0	0	0	1	1	0	0	
0	1	0	1	1	1	1	0	1	0	1	0	0	0	0	1	1	0	1	0	1	0	1	0	0	1	1	1	0	1	1	0	1	0	0	
0	0	1	1	0	1	0	0	0	1	0	0	1	1	1	0	0	0	1	1	1	0	0	1	1	1	1	1	1	0	1	0	0	0	1	
1	0	1	0	0	0	1	0	0	1	0	0	1	1	1	1	0	0	1	0	1	0	0	0	0	1	0	1	0	1	1	0	1	1	0	
1	0	0	1	0	0	0	1	0	0	1	1	0	1	1	1	0	0	1	1	1	0	1	1	0	0	0	0	0	1	0	0	0	0	0	
1	1	1	1	1	0	0	1	1	0	0	0	0	1	1	0	0	1	1	1	1	0	0	0	1	0	0	0	1	0	1	0	1	1	0	
1	1	0	0	1	1	0	1	0	1	0	0	1	0	1	0	1	0	0	0	1	0	1	1	0	1	0	1	1	1	1	1	0	1	1	
0	1	0	0	1	1	0	1	1	0	0	1	1	1	0	1	0	0	1	0	1	1	0	0	1	0	0	0	1	1	0	1	1	1	1	
1	1	0	1	0	1	1	1	0	0	1	1	0	0	1	0	1	1	1	1	0	1	0	1	0	0	0	1	1	1	1	0	0	1	1	
1	0	0	1	0	0	1	1	1	1	0	0	0	1	0	1	1	0	0	0	1	0	0	1	1	0	0	1	1	1	0	1	0	1	1	
1	0	0	1	1	0	1	1	0	1	1	1	1	1	0	0	0	0	1	0	0	0	1	0	0	0	0	0	0	0	1	1	0	1	1	
0	0	1	0	1	1	0	0	1	1	1	1	0	1	1	1	1	1	0	0	0	0	0	1	0	0	0	1	1	0	0	1	0	0	0	
1	1	1	1	1	0	0	0	0	0	1	1	1	0	0	0	0	0	0	1	1	0	0	0	1	1	1	1	1	0	0	1	0	1	1	
1	1	1	0	1	0	0	0	0	1	1	0	0	0	0	1	1	0	1	0	1	1	1	1	1	0	0	1	0	0	1	0	1	0	0	
1	0	1	0	1	1	0	0	1	0	1	0	0	0	0	0	0	0	1	0	1	0	1	1	1	0	1	0	0	1	0	1	0	1	1	
0	1	1	1	1	1	0	1	0	1	0	0	1	0	0	0	0	1	0	1	1	0	1	1	1	0	1	0	0	1	0	0	0	0	0	
0	1	0	0	1	1	1	0	1	1	1	1	1	1	1	0	1	0	1	0	0	0	1	0	1	1	0	0	1	1	0	1	1	0	0	
1	0	0	0	0	0	0	1	1	1	0	1	0	0	0	0	1	1	1	1	0	0	0	0	1	0	0	1	0	0	1	1	1	0	0	
0	0	0	0	1	0	0	1	0	1	1	0	1	1	0	1	1	0	1	1	1	0	1	0	0	0	1	1	1	1	1	0	0	1	0	
1	1	1	0	0	1	1	1	1	1	0	0	0	0	0	0	1	0	0	1	0	0	1	0	1	1	0	0	0	0	0	0	0	1	0	
1	0	1	0	1	0	0	1	1	0	0	0	1	1	1	0	1	0	1	1	0	1	1	0	0	1	1	0	1	0	1	1	0	0	1	
0	0	1	0	0	1	1	0	0	0	0	0	0	0	0	1	0	1	1	1	0	0	1	1	1	1	0	1	1	1	1	1	0	1	1	
1	0	1	0	0	1	0	1	0	0	1	1	1	0	0	1	1	0	1	0	0	0	0	1	1	1	1	0	1	0	0	0	1	0	0	
0	1	0	0	1	0	1	0	0	1	0	0	0	1	1	0	1	0	0	1	0	0	0	1	1	0	1	0	1	0	1	1	0	0	0	
0	1	1	0	1	0	1	1	1	0	0	1	0	1	0	1	1	0	1	0	1	0	0	1	1	1	1	1	0	0	1	1	0	1	0	
1	1	0	1	1	0	0	1	1	1	1	1	1	1	1	0	1	0	0	0	1	1	0	0	0	0	1	0	0	0	0	0	1	0	0	
0	0	0	1	1	1	0	1	0	1	1	1	0	1	1	0	0	1	0	0	1	1	1	1	1	1	0	1	0	0	1	1	0	0	0	
1	0	0	1	0	1	0	0	0	1	1	0	1	0	1	0	0	1	0	1	0	1	1	0	0	0	0	0	1	1	0	0	1	0	1	
0	1	1	1	1	1	1	0	1	1	1	1	1	0	1	1	1	0	0	1	0	0	0	0	0	0	1	1	0	0	1	0	0	1	1	
1	1	0	1	0	1	0	0	0	0	0	0	1	1	1	1	1	1	1	0	0	1	1	0	1	0	1	1	0	0	0	1	0	1	0	
1	0	0	0	0	0	1	0	1	0	1	1	0	1	1	1	1	0	1	0	0	1	0	0	0	1	0	1	1	0	1	1	1	1	1	
0	1	0	0	0	0	0	1	1	0	0	1	1	0	1	1	0	0	0	1	1	0	1	1	0	0	1	1	0	0	0	1	1	0	1	
0	1	1	0	1	1	0	0	0	0	1	1	1	0	1	0	0	1	1	1	0	1	1	0	0	1	1	0	0	0	1	0	1	0	0	
0	1	1	1	0	1	0	1	0	1	1	0	0	1	0	1	1	0	0	0	1	1	0	0	0	1	0	0	0	0	0	1	0	0	1	
0	0	1	0	1	1	0	1	1	0	0	1	0	0	1	0	1	1	1	0	1	0	1	0	0	0	0	1	0	0	1	0	0	1	1	
0	0	0	0	0	1	0	0	0	1	0	1	0	1	0	1	0	1	0	0	0	0	1	0	0	1	1	0	1	0	1	0	1	1	1	
0	0	1	0	0	1	1	0	0	0	1	1	0	0	1	0	0	0	1	0	1	1	0	0	1	0	1	0	1	0	1	1	0	1	0	
0	0	1	1	0	0	1	0	1	0	1	1	0	1	0	1	0	1	1	1	0	1	0	0	1	0	1	0	0	0	0	0	1	0	0	
0	0	1	1	0	0	1	1	0	0	0	1	0	0	1	1	1	0	0	0	0	0	1	1	1	0	1	0	0	1	1	1	1	1	1	
1	1	1	0	0	1	0	1	1	1	1	0	1	0	1	0	1	1	1	0	0	0	0	1	0	0	1	0	0	1	1	1	1	0	1	
1	1	0	0	1	1	0	0	1	1	1	0	1	1	0	0	0	1	1	1	1	1	0	0	0	1	0	1	1	0	0	0	0	0	0	
1	1	1	0	0	0	1	1	0	1	0	1	0	1	1	1	1	1	1	0	1	0	1	1	0	1	1	0	1	0	0	0	0	0	1	
1	0	1	1	0	1	1	1	1	1	0	0	1	0	0	1	0	0	0	0	0	1	1	0	0	0	1	0	1	1	1	1	0	0	0	
1	1	0	0	1	0	1	1	1	0	1	1	0	0	0	1	1	1	0	0	0	1	1	0	0	0	0	0	0	1	0	1	1	1	0	
0	0	0	1	0	0	0	1	1	0	1	0	1	1	0	0	1	1	0	0	0	0	0	1	1	1	1	1	1	1	1	0	1	1	0	
1	1	1	0	1	1	1	1	0	1	0	1	0	1	1	1	0	0	0	1	0	1	0	1	1	0	1	1	0	1	0	0	1	1	0	
0	0	0	1	1	1	0	0	0	1	0	1	0	1	0	0	1	0	1	1	0	0	0	1	0	0	1	0	0	1	0	1	1	1	1	
0	0	1	1	1	1	1	1	1	0	0	0	1	1	1	0	0	0	0	0	0	0	1	1	0	1	0	1	0	0	0	0	1	1	0	
1	1	0	0	0	0	0	0	0	1	1	1	0	0	0	1	1	1	1	1	1	1	0	0	1	0	1	0	1	1	1	1	0	0	1	
0	1	1	0	0	0	0	0	0	1	0	1	1	0	0	0	1	1	0	1	1	0	1	0	0	0	0	1	1	1	0	1	1	1	0	
1	0	0	0	1	0	1	0	1	0	0	1	1	0	1	0	0	1	1	1	0	0	1	1	1	0	1	1	1	1	1	0	1	1	0	
0	0	1	0	1	1	0	1	0	0	1	0	1	1	0	1	1	1	0	1	0	1	1	1	1	0	0	0	0	0	1	0	1	1	1	
0	1	1	0	0	0	1	1	0	1	1	0	0	1	0	0	0	1	1	1	0	1	1	0	0	1	1	1	0	0	0	1	1	1	1	
0	1	0	0	1	0	1	1	0	0	1	0	1	0	0	1	0	1	1	0	0	0	0	1	0	0	1	1	1	0	0	0	0	0	1	
1	0	1	1	0	0	0	1	0	0	0	0	0	0	0	1	0	1	0	1	1	1	0	1	0	0	1	1	0	0	1	0	0	1	1	
1	1	1	1	1	1	0	1	0	0	0	1	0	0	0	1	0	1	0	0	0	0	0	0	0	1	0	1	1	1	1	1	0	0	0	
1	1	1	0	0	0	1	0	1	0	0	0	1	0	0	1	1	0	1	1	0	0	0	0	0	0	1	0	1	1	0	0	1	1	1	
0	0	1	1	0	0	0	1	1	1	1	1	1	0	0	1	1	0	1	1	0	1	1	1	1	1	0	1	1	0	0	1	0	1	0	
1	1	1	0	1	1	1	0	0	1	0	1	0	0	1	1	0	0	1	1	1	1	1	0	0	0	0	0	0	0	0	1	0	0	1	
0	1	0	0	0	1	0	1	1	0	0	0	0	1	0	0	0	0	1	1	0	1	0	1	0	1	1	1	0	1	1	1	0	0	0	
0	0	0	0	0	1	1	1	1	1	0	0	0	1	1	1	1	1	1	0	0	1	1	1	0	0	0	0	0	1	1	0	1	0	0	
1	1	0	0	1	1	1	1	0	0	1	0	0	1	0	1	0	0	0	1	0	0	1	0	1	0	0	1	1	0	1	1	1	0	1	
1	1	1	0	0	0	1	1	1	0	1	0	1	0	1	1	0	1	0	0	1	1	1	0	1	1	0	1	1	0	1	0	0	0	0	
1	0	0	0	0	0	0	1	0	0	0	0	0	1	0	0	0	1	1	0	1	1	1	1	1	1	0	0	1	1	0	1	1	0	0	
0	0	1	1	0	0	0	0	1	1	0	1	1	0	1	0	1	1	1	0	1	1	0	1	0	1	1	0	0	1	0	0	0	1	0	
0	1	0	0	1	0	0	0	1	1	0	0	0	0	1	1	0	1	1	0	0	1	1	1	1	1	0	0	1	1	0	0	0	1	1	
0	1	1	1	0	1	0	1	0	1	0	1	0	1	0	0	1	0	1	0	1	1	1	0	1	0	1	1	1	1	1	0	1	0	1	
1	1	0	1	1	0	0	0	0	0	0	1	0	0	0	0	1	0	0	0	0	1	1	1	0	1	1	0	1	0	1	0	1	1	0	
1	0	1	1	1	0	1	0	1	0	0	0	0	1	0	0	1	1	0	0	1	1	1	1	0	0	1	1	1	0	0	1	1	0	1	
1	0	0	0	0	1	1	0	1	0	1	1	0	1	0	0	1	1	0	1	1	0	1	0	1	1	1	1	0	1	0	0	0	0	1	
0	1	1	0	1	1	1	0	1	1	0	0	1	0	0	0	1	1	0	0	0	1	0	0	1	1	1	1	1	0	1	1	1	1	1	

invalid rows (last execution): 
5	25	26	30	41	46	61	84	124	132	
