forbidden tuples: 
(P_20.0, P_18.1, P_32.0, P_21.1, P_23.0, P_10.1, P_9.1, P_27.0, P_2.1, P_3.1, P_31.1, P_25.1, P_28.0, P_35.1, P_14.1, P_17.1, P_4.0, P_5.1, P_26.0, P_8.1, P_24.0, P_30.1)
(P_11.1, P_34.0, P_25.1, P_35.0, P_30.0, P_26.1, P_6.0, P_31.1, P_8.0, P_17.1, P_32.1, P_3.1, P_1.0, P_33.1, P_14.1, P_5.0, P_29.1, P_10.0, P_28.1, P_16.1, P_27.0, P_22.0, P_15.1, P_13.1, P_4.1)
(P_4.1, P_3.0, P_20.1, P_34.1, P_16.1, P_26.0, P_14.0, P_19.1, P_32.0, P_31.0, P_12.0, P_6.0, P_13.0, P_11.0, P_27.1, P_10.0, P_8.1)
(P_28.1, P_32.0, P_34.1, P_6.1, P_5.0, P_2.0, P_21.0, P_10.0, P_3.0, P_7.0, P_24.0, P_25.1, P_19.1, P_29.0, P_11.0, P_33.0, P_8.0, P_30.1, P_13.1, P_27.0, P_9.1, P_16.1, P_12.1, P_17.1)
(P_21.0, P_23.0, P_13.0, P_35.0, P_15.1, P_6.0, P_31.1, P_27.0, P_25.0, P_17.1, P_20.0, P_19.0, P_33.0)
(P_24.1, P_35.0, P_13.1, P_3.1, P_9.0, P_18.0, P_33.1, P_17.0, P_4.0)
(P_10.0, P_30.1, P_26.0, P_34.1, P_6.1)
(P_35.0, P_26.1, P_28.0, P_2.1, P_29.0, P_13.1, P_18.0, P_15.1, P_16.1, P_5.1, P_3.0, P_20.0, P_33.0, P_24.1, P_21.0, P_6.1, P_19.0, P_23.1, P_12.0, P_7.0, P_34.0)
(P_33.0, P_13.1, P_3.1, P_34.1, P_21.1, P_8.0, P_2.1, P_18.0, P_26.0, P_19.0, P_35.0)
(P_30.0, P_24.0)
(P_28.0, P_3.1, P_16.1, P_2.0, P_4.0, P_22.1, P_20.1, P_6.0, P_1.1, P_9.0, P_29.1, P_33.1, P_13.0, P_11.1, P_12.0, P_10.0, P_5.1, P_19.0, P_18.0, P_8.0, P_23.1, P_17.0)
(P_12.0, P_19.0, P_7.1, P_10.0, P_32.1, P_25.1, P_5.1, P_26.1, P_18.0, P_23.1, P_30.0, P_15.1, P_9.0)
(P_25.1, P_9.0, P_19.1, P_18.1, P_20.1, P_4.1, P_11.0, P_28.0, P_33.1, P_22.0, P_10.0, P_34.0, P_16.1, P_26.0, P_29.1, P_31.1, P_17.1, P_23.0, P_21.1, P_24.0, P_12.0, P_1.1, P_27.0, P_3.0, P_2.1, P_35.0, P_13.0, P_7.0, P_8.0, P_5.1, P_6.1)
(P_15.0, P_9.1, P_34.0, P_31.0, P_14.0, P_7.0, P_19.0, P_1.1, P_29.1, P_18.0, P_26.1, P_12.1, P_28.0, P_24.1, P_3.0, P_13.1)
(P_3.1, P_29.1, P_2.1, P_5.1, P_16.0, P_7.0, P_6.0, P_22.1, P_18.0, P_23.1, P_30.0, P_13.1, P_15.1, P_8.1, P_26.1, P_33.0, P_32.0, P_20.1, P_21.0, P_24.1, P_17.1, P_1.1, P_19.0, P_27.0, P_31.1, P_25.1, P_11.0)
(P_5.0, P_1.0, P_15.1, P_8.1, P_20.1, P_11.0)
(P_20.1, P_29.0)
(P_8.1, P_22.0, P_4.1, P_18.1, P_16.1, P_33.1, P_24.0, P_35.1, P_17.1, P_34.0, P_15.0, P_2.1, P_25.1, P_3.0, P_20.0, P_31.1, P_1.1, P_32.0, P_19.1, P_9.1, P_30.1, P_12.1, P_28.1, P_14.0, P_27.0, P_10.0, P_5.1, P_11.0, P_6.0, P_13.0, P_26.1, P_29.0, P_7.1, P_21.0)

 ----------original covering array: 
0	0	0	0	0	0	0	0	0	0	0	0	0	0	0	0	0	0	0	0	0	0	0	0	0	0	0	0	0	0	0	0	0	0	0	
1	1	1	1	1	1	1	1	1	1	1	1	1	1	1	1	1	1	1	1	1	1	1	1	1	1	1	1	1	1	1	1	1	1	1	
0	0	0	0	0	0	0	0	0	0	0	0	0	0	0	0	0	0	1	1	1	1	1	1	1	1	1	1	1	1	1	1	1	1	1	
0	1	0	0	0	0	0	0	1	1	1	0	1	0	0	0	1	1	1	0	1	1	0	0	1	1	1	1	0	1	0	0	0	0	0	
0	1	1	0	0	1	0	0	1	1	1	0	0	0	0	1	1	0	1	1	0	0	0	1	1	1	0	1	1	0	0	1	1	0	0	
0	0	0	1	0	0	1	1	0	0	0	0	1	1	0	1	1	0	1	1	0	1	0	1	0	1	0	0	1	1	1	0	0	0	0	
1	1	0	1	0	0	0	0	1	0	1	0	0	1	1	1	0	0	1	1	0	1	1	0	0	1	0	1	1	0	0	0	1	1	0	
1	1	1	0	0	0	1	0	0	1	1	0	1	0	0	0	1	1	0	1	1	0	1	1	0	0	0	0	1	0	1	0	0	1	0	
0	0	1	0	1	1	1	0	1	0	1	0	0	1	0	0	0	0	1	0	1	1	0	1	1	1	0	1	0	1	1	0	0	0	1	
0	0	0	1	1	1	0	1	1	0	0	1	0	1	1	1	0	0	1	0	0	1	0	0	1	1	1	1	0	1	0	1	1	0	1	
1	0	1	1	1	1	1	1	0	0	1	0	1	0	0	0	0	1	1	1	1	1	0	1	0	1	0	0	1	1	0	1	0	1	1	
1	1	1	0	1	1	0	1	0	1	0	1	1	0	0	1	0	0	0	1	0	1	1	1	1	1	0	0	0	0	1	0	0	1	1	
1	1	0	0	0	0	1	1	0	1	0	0	1	1	1	0	0	1	1	1	0	1	1	1	1	1	1	0	0	1	1	1	1	0	0	
0	0	1	1	0	1	0	1	1	1	0	0	0	0	1	1	0	1	0	0	0	0	1	0	0	1	1	0	0	1	1	1	0	1	1	
1	0	0	1	1	0	1	1	0	0	0	1	1	1	1	0	0	1	0	0	1	1	1	0	0	0	1	0	0	1	1	0	0	1	1	
0	1	1	1	1	0	0	1	0	0	0	0	0	0	0	0	0	1	0	0	1	0	1	0	1	1	0	1	1	1	0	1	0	1	0	
0	1	1	0	1	1	1	0	1	0	0	1	1	1	0	0	0	1	1	0	0	1	1	1	0	1	0	0	1	1	0	0	1	1	0	
0	1	0	1	1	0	1	0	1	0	0	0	0	0	0	1	1	1	0	1	0	0	0	1	0	1	1	0	1	1	1	1	1	1	1	
0	1	0	1	1	1	0	1	0	0	1	1	1	0	1	0	1	1	1	0	1	0	1	1	0	1	1	0	0	1	0	0	1	0	0	
0	0	1	1	1	1	1	0	1	1	0	0	1	1	0	1	1	1	0	1	1	1	1	1	0	0	1	1	1	0	0	1	1	0	0	
0	1	0	0	0	1	1	0	0	1	1	0	1	1	1	1	0	1	0	0	1	1	1	0	0	1	0	1	0	0	1	1	0	1	1	
1	1	0	0	0	0	0	1	0	0	1	1	0	0	1	0	0	0	1	0	0	0	0	0	1	1	0	0	0	1	1	0	0	1	1	
1	0	1	0	1	0	0	0	1	0	0	1	1	0	1	1	1	1	1	0	0	0	1	0	1	1	0	1	1	1	1	0	0	1	0	
1	0	0	1	0	0	0	1	1	1	1	0	1	1	0	1	1	1	0	0	1	0	1	1	1	1	0	0	1	1	0	1	0	0	0	
1	1	1	0	1	1	1	0	0	1	1	0	0	0	1	0	1	1	0	0	0	1	0	0	0	1	1	0	1	1	0	1	1	0	1	
1	0	1	0	1	0	0	0	0	0	1	1	0	1	0	0	0	1	0	1	0	0	1	1	1	1	1	0	0	0	1	1	0	0	0	
1	1	0	1	0	1	1	1	1	1	1	1	0	0	0	0	0	0	1	0	1	1	1	0	0	1	1	0	1	1	1	0	0	0	0	
1	0	1	1	0	1	1	1	1	1	0	1	0	1	0	0	1	0	0	0	1	1	1	0	1	1	0	0	0	0	0	0	1	1	1	
0	1	0	0	1	0	0	0	0	0	1	0	1	0	1	1	0	1	1	1	0	0	0	1	0	0	1	1	1	1	1	1	0	0	0	
1	0	1	0	0	1	1	1	0	0	1	1	0	1	0	1	1	1	1	0	0	1	0	1	1	1	1	1	1	0	0	1	0	1	0	
1	1	1	0	1	1	0	1	1	0	0	0	0	1	1	1	1	0	1	0	1	0	1	1	0	1	0	1	0	1	1	1	0	0	0	
0	0	0	1	0	0	1	0	1	1	1	1	1	0	0	0	0	1	0	1	0	1	0	0	1	0	1	0	1	0	0	0	1	1	1	
1	1	0	0	1	0	0	0	0	1	1	1	1	1	0	1	0	1	0	1	0	1	0	0	0	1	0	1	0	1	0	0	1	0	1	
1	0	1	1	0	0	0	0	1	0	0	1	1	1	1	0	1	1	1	1	0	1	0	0	0	1	1	0	0	0	0	1	0	1	0	
0	0	1	1	1	0	1	1	0	1	1	1	0	0	1	1	0	1	1	1	1	0	0	1	1	1	1	1	0	0	0	0	1	0	1	
1	1	0	1	1	1	1	0	1	0	1	0	0	0	1	0	0	0	0	0	0	0	0	1	1	1	0	0	0	0	1	1	1	0	0	
0	1	0	1	0	0	1	0	0	1	0	1	0	1	0	0	1	1	1	0	0	0	1	1	0	1	0	0	0	0	0	1	0	0	1	
0	0	1	1	1	0	0	1	0	1	1	0	1	0	0	0	1	0	1	0	0	1	1	0	0	1	0	1	1	0	1	0	1	0	1	
1	0	0	1	0	1	1	0	0	1	0	0	1	0	1	0	0	0	0	1	1	0	0	1	1	1	0	1	1	0	0	0	0	1	0	
1	0	0	1	1	0	0	1	1	1	0	1	0	1	0	0	1	1	0	1	1	0	1	1	0	1	0	1	1	0	1	0	1	0	1	
0	0	0	0	1	0	1	1	1	1	1	1	0	0	1	0	1	0	0	1	0	1	1	1	0	0	0	1	0	1	0	1	0	1	0	
0	0	0	0	0	1	1	1	0	0	0	1	0	1	1	0	1	1	1	1	0	0	1	0	1	0	0	1	1	1	1	0	1	0	1	
0	0	0	0	1	0	1	1	0	1	1	0	0	1	0	1	1	1	1	0	1	0	0	0	0	0	1	0	0	0	1	0	0	1	0	
1	0	0	0	1	1	0	1	1	1	0	0	1	1	0	0	0	1	0	0	0	0	0	1	1	0	1	1	0	1	0	0	1	1	0	
1	1	0	0	1	0	1	0	0	0	1	1	1	1	0	0	1	0	1	1	1	1	0	1	1	0	0	1	1	0	0	0	1	0	0	
0	1	1	0	1	0	0	1	1	0	1	1	0	1	0	1	1	1	1	0	0	1	1	0	0	0	1	0	0	1	1	1	1	0	1	
1	0	1	1	1	0	1	0	0	1	0	0	0	1	0	1	0	0	1	0	0	1	1	0	0	0	0	0	0	1	0	1	1	0	0	
1	1	0	1	1	0	1	1	0	0	1	1	1	0	0	1	0	0	0	0	0	1	1	0	1	0	1	1	1	0	1	1	0	0	0	
1	1	1	0	0	0	1	1	1	1	1	0	0	1	1	1	0	0	1	1	0	0	1	1	1	0	1	0	1	1	0	0	0	0	1	
0	1	1	1	0	0	1	1	1	0	0	1	1	0	0	1	0	1	0	0	0	1	0	1	1	0	0	1	0	1	0	0	0	0	1	
1	0	1	1	1	1	1	1	0	0	0	1	0	1	1	1	0	0	0	1	0	0	1	1	0	0	0	0	1	0	1	1	1	1	1	
0	0	1	0	0	0	0	1	0	1	0	1	1	1	0	1	1	1	1	1	1	1	1	0	0	0	1	1	1	1	0	0	0	1	1	
1	0	0	0	1	1	1	0	1	0	0	0	0	0	0	1	1	1	0	1	1	1	1	0	1	0	0	0	0	1	1	0	1	0	0	
0	0	1	0	1	0	0	0	1	1	1	1	1	0	1	1	0	1	1	0	1	1	1	1	1	0	0	0	1	0	1	1	1	0	0	
1	0	0	1	1	1	0	0	0	1	1	0	0	1	1	1	0	1	1	0	0	0	1	1	0	0	0	1	1	1	0	0	0	1	1	
1	1	1	0	0	0	0	1	0	1	0	0	0	0	0	0	1	1	1	0	0	1	0	1	0	0	0	1	0	0	1	1	1	1	1	
1	1	1	1	1	0	1	0	1	0	0	0	1	0	1	0	1	0	1	0	0	0	1	1	0	0	1	1	0	0	0	0	0	0	1	
1	1	1	1	1	1	1	1	1	1	1	1	1	1	1	1	1	1	0	0	0	0	0	0	0	0	0	0	0	0	0	0	0	0	0	
1	1	1	1	0	0	1	1	1	0	1	1	0	0	0	1	0	1	1	1	1	0	0	0	0	0	0	1	0	1	1	1	1	1	0	
0	1	0	1	0	1	1	1	1	1	0	0	1	0	1	1	1	0	1	0	1	1	0	0	0	0	0	1	1	1	0	0	1	1	1	
1	1	1	0	1	1	0	0	1	1	1	1	0	0	1	0	0	1	0	0	1	0	1	0	1	0	1	1	0	0	0	1	1	1	1	
1	0	0	0	0	1	0	1	0	0	1	1	1	0	0	1	1	0	0	0	0	0	0	1	0	0	0	0	1	1	0	1	1	0	1	
1	1	0	0	0	1	1	0	1	0	0	1	0	1	1	1	0	1	0	1	1	0	0	1	1	0	1	0	0	1	0	1	0	1	0	
0	1	1	0	1	1	0	1	1	1	0	1	0	1	0	0	0	0	1	1	1	0	0	0	0	0	0	0	1	0	0	1	0	0	0	
0	0	1	0	1	1	1	1	0	1	0	1	1	0	0	0	1	1	0	0	1	0	0	1	1	0	1	0	0	1	1	1	0	0	1	
1	1	0	0	1	1	0	1	1	0	1	0	0	0	0	0	1	1	1	1	0	1	1	0	1	0	1	0	1	0	0	0	0	1	1	
1	0	1	1	1	0	0	1	1	0	0	1	0	0	0	0	1	0	1	1	0	0	0	1	1	0	1	0	1	1	0	0	1	0	0	
1	0	1	0	0	0	1	1	0	0	0	0	0	0	1	0	0	1	0	0	1	1	1	1	0	0	1	1	1	0	0	0	1	0	0	
1	1	0	1	0	0	0	1	0	1	0	1	1	0	1	1	1	1	0	1	0	0	1	0	0	0	1	0	1	0	0	1	1	1	0	
1	0	0	1	1	0	0	1	1	0	1	0	1	1	1	0	1	0	1	0	1	1	0	1	1	0	0	0	0	0	1	1	1	1	1	
0	1	1	1	0	0	0	1	0	1	1	1	1	1	1	0	0	0	1	0	0	0	0	1	0	1	1	1	1	0	0	1	0	1	1	
1	0	0	1	0	0	1	0	0	0	1	0	1	0	1	1	1	1	0	0	0	1	1	1	1	1	1	1	0	1	1	0	1	1	1	
0	1	1	1	0	0	0	1	1	1	1	0	0	1	1	0	0	1	0	0	0	1	0	1	1	0	0	0	1	1	1	0	1	1	0	
0	0	0	1	0	0	1	0	1	0	1	0	0	1	1	0	1	1	1	0	1	0	0	0	0	0	1	1	1	1	0	1	1	0	0	
1	0	1	0	0	0	1	0	1	1	0	0	0	1	0	1	0	0	0	1	0	1	0	0	1	0	0	1	1	0	1	1	0	1	1	
0	1	0	1	1	1	1	1	0	0	1	0	1	1	0	0	0	1	1	1	0	0	1	0	1	0	0	1	0	0	0	1	1	1	0	
0	1	1	0	0	0	1	1	1	0	0	1	1	0	0	0	1	0	0	1	1	1	0	0	1	1	1	0	0	0	1	1	1	0	0	
0	1	0	1	0	1	1	1	0	1	1	0	0	1	0	0	0	0	0	1	1	1	0	1	0	0	1	0	0	0	0	1	1	0	1	
0	1	0	0	0	1	0	1	1	0	0	0	1	0	1	1	0	1	1	1	1	1	1	1	0	0	0	0	0	0	0	1	0	0	1	
1	1	0	0	1	0	1	0	1	1	0	1	1	1	0	0	0	0	1	0	1	0	0	1	0	0	1	1	1	1	1	1	0	1	1	
0	1	0	0	0	0	0	0	1	1	0	1	0	1	1	1	1	0	0	0	0	0	1	0	1	0	1	1	0	0	1	0	1	0	0	
0	0	1	1	0	1	1	1	1	0	0	0	0	0	1	0	1	0	1	0	1	0	1	1	1	0	1	0	1	0	1	1	0	1	0	
0	1	0	1	1	0	0	0	1	1	0	0	1	0	1	0	0	0	0	1	1	0	1	0	0	0	0	0	0	1	1	0	1	0	1	
1	0	0	0	1	1	0	0	0	1	1	0	0	1	1	0	1	0	1	1	1	0	1	0	0	1	1	0	1	0	1	1	1	1	0	
0	1	1	1	1	0	0	0	0	0	1	0	0	1	0	1	1	0	0	1	1	1	1	1	1	0	1	0	0	1	0	0	0	1	1	
0	1	1	0	1	1	1	0	0	0	0	1	0	0	1	0	0	0	1	1	0	1	0	0	0	0	1	1	0	0	1	0	1	1	1	
1	1	0	0	0	1	0	0	1	0	0	0	1	1	0	0	1	0	0	0	0	1	1	0	0	0	0	0	1	1	1	1	0	1	0	
0	1	1	1	1	1	0	1	0	1	0	0	1	1	1	0	1	0	0	1	0	1	0	0	1	0	1	1	1	1	1	1	0	0	0	
1	0	0	0	0	1	1	1	1	1	0	1	1	0	1	0	0	1	1	0	0	0	0	0	0	1	0	1	1	0	1	1	1	0	0	
1	1	0	0	1	0	1	1	1	0	0	0	0	1	1	1	1	1	0	0	1	1	0	0	1	1	0	1	1	0	0	1	0	0	1	
1	0	0	0	0	0	1	0	1	0	1	1	0	0	0	1	0	1	1	0	1	0	1	1	0	1	0	0	0	0	0	0	1	1	1	
1	0	1	1	0	1	1	0	1	1	1	0	1	0	0	0	1	1	1	1	0	0	1	0	1	0	0	1	0	1	1	1	0	0	1	
1	1	1	1	0	1	0	0	0	0	0	0	1	1	0	1	0	1	1	0	1	0	0	0	1	1	1	0	1	0	1	0	1	0	1	
1	0	1	1	1	0	1	0	0	1	1	1	0	1	0	0	1	0	0	0	0	0	0	0	1	1	1	1	1	1	1	0	1	1	0	
1	0	1	0	0	1	0	1	0	1	1	1	1	1	1	0	0	0	1	0	1	1	1	0	1	0	0	1	0	0	0	0	0	0	0	
1	0	0	0	1	1	1	0	0	0	0	1	1	0	0	1	1	0	1	1	1	0	1	0	0	1	1	1	0	0	0	1	0	0	1	
0	0	1	0	1	0	1	1	1	0	1	0	1	1	1	0	0	1	0	1	0	0	0	0	0	1	0	0	1	0	1	0	0	0	1	
1	0	0	1	0	0	0	1	0	1	1	0	0	0	1	1	1	0	0	1	1	0	0	0	1	0	1	1	0	0	1	1	0	0	1	
0	0	1	1	1	1	0	0	1	0	1	1	0	0	0	1	1	0	0	0	1	0	0	0	0	0	0	1	1	0	0	0	0	1	1	
1	1	0	1	0	1	1	1	0	0	0	0	0	1	0	0	1	0	0	1	0	0	0	0	0	1	1	1	0	1	0	0	0	1	1	
0	1	1	0	0	1	1	0	0	1	0	1	0	0	0	1	0	1	0	1	0	0	1	0	0	1	1	1	1	1	0	0	0	0	0	
1	1	1	1	0	1	0	0	0	0	1	1	0	1	1	0	1	1	0	1	1	1	0	1	0	0	0	1	0	1	1	0	0	0	0	
1	0	0	0	0	1	1	0	1	1	1	1	1	1	1	1	1	0	1	1	0	1	0	1	0	0	1	0	0	0	1	0	1	0	1	
0	0	0	0	1	0	1	1	1	1	0	0	1	0	0	1	0	0	1	0	0	0	1	0	1	1	1	0	1	0	0	1	1	1	1	
1	0	1	0	1	1	0	1	1	0	1	0	1	0	1	1	0	0	0	1	1	1	0	0	0	0	1	1	1	1	1	0	1	1	0	
0	0	1	0	0	1	0	0	1	1	0	0	0	1	1	0	1	1	1	1	1	0	0	1	0	1	0	0	0	1	0	0	1	1	1	
0	0	1	1	0	0	1	0	0	1	0	1	1	1	1	1	0	0	0	0	1	0	0	1	0	1	0	1	0	1	1	1	1	0	0	
0	1	0	1	1	1	1	0	0	1	0	1	0	0	1	1	1	1	1	0	0	1	0	1	1	0	0	0	1	0	1	0	0	1	0	
1	1	1	1	0	1	0	0	1	0	0	1	1	0	1	0	0	0	0	1	0	1	1	1	1	1	0	1	1	1	0	1	1	0	1	
0	0	0	1	0	1	0	0	1	0	1	1	0	1	0	0	0	1	0	0	0	1	1	1	0	0	1	1	1	0	1	1	0	0	1	
1	0	0	1	1	0	0	0	0	1	0	1	0	0	1	0	0	1	1	1	1	1	0	0	1	0	0	0	1	1	0	1	0	0	1	
0	1	1	0	0	1	1	1	1	0	1	0	1	1	0	1	1	0	0	0	0	0	1	1	0	1	1	1	0	0	1	0	1	1	0	
0	0	0	1	0	0	0	1	1	0	0	1	1	1	0	1	0	0	1	1	1	0	1	1	1	0	0	1	0	0	1	0	0	1	0	
1	1	0	1	0	1	0	0	0	1	0	1	0	0	0	1	1	0	1	0	1	1	1	1	1	0	1	1	0	1	0	1	1	1	0	
0	1	1	1	0	0	1	0	0	0	1	1	0	0	1	1	1	0	1	1	1	1	1	0	0	1	0	0	1	0	1	1	0	0	1	
0	0	0	1	1	1	1	0	1	0	1	1	1	1	1	1	0	0	0	1	1	0	1	0	1	1	1	0	1	1	0	0	0	0	0	
0	0	1	0	0	1	1	0	0	0	1	0	1	0	1	1	0	0	1	0	0	1	0	0	1	0	1	0	0	1	0	1	0	1	0	
0	0	1	1	0	1	0	1	0	0	1	0	0	0	1	1	1	1	0	1	0	1	1	0	1	1	0	0	0	0	0	0	1	0	0	
0	0	1	0	1	0	0	0	0	0	0	0	1	1	1	1	1	1	0	1	0	0	0	1	1	0	0	1	0	0	0	1	1	1	1	
0	0	1	1	0	1	0	0	0	1	1	1	1	0	0	0	0	0	1	1	0	0	1	1	0	0	1	0	0	1	1	0	1	1	0	
0	1	1	1	1	0	1	0	1	1	0	0	0	1	1	0	0	1	1	1	1	1	1	0	1	1	1	1	0	0	1	0	0	1	0	
1	0	1	0	0	0	0	1	1	0	1	0	1	1	0	0	0	0	0	1	1	0	1	0	0	1	1	1	0	1	0	1	1	0	1	
0	0	0	0	1	1	0	0	0	1	0	0	1	1	1	0	1	0	0	0	0	1	1	1	1	1	1	0	1	0	0	0	0	0	1	
1	0	1	0	0	0	0	0	1	1	0	1	0	0	1	1	1	0	0	0	1	1	0	1	0	1	1	0	1	1	1	0	0	0	1	
0	1	1	0	0	0	1	0	0	0	1	1	1	1	1	0	1	0	0	0	1	0	1	0	1	0	0	0	1	1	0	1	1	1	1	
1	1	1	0	1	0	1	1	0	1	0	0	1	0	1	1	1	0	1	1	1	0	0	0	1	1	0	0	0	1	0	0	1	1	0	
0	1	0	0	1	0	0	1	0	0	0	1	0	1	1	1	0	0	0	0	1	1	0	1	0	1	1	0	1	0	0	0	1	1	0	
1	0	0	1	1	1	0	1	1	1	0	0	0	0	0	1	0	1	1	1	0	1	0	1	0	1	1	1	0	0	1	0	0	0	0	
1	1	1	1	1	0	0	0	1	1	1	0	1	0	0	1	0	0	0	0	1	1	0	1	0	1	1	0	0	0	0	1	0	1	0	
0	1	0	0	0	1	0	1	1	0	1	1	1	0	1	0	1	1	0	1	1	0	0	1	1	1	1	1	1	0	1	0	0	1	1	
0	0	0	1	1	1	0	0	0	0	0	1	1	0	0	0	1	1	0	0	1	1	0	0	0	1	0	1	0	0	1	1	1	1	0	
0	0	0	0	0	1	0	1	0	1	1	1	0	1	0	1	0	1	0	1	1	1	0	0	1	1	0	0	1	1	1	1	1	1	0	
0	1	0	0	1	1	1	1	0	1	1	0	0	0	0	1	0	0	0	0	1	0	1	1	1	0	0	1	1	1	1	0	1	0	1	
0	1	0	1	1	1	0	0	1	1	1	1	1	1	0	1	1	0	1	1	0	0	0	0	1	1	0	0	0	1	1	1	0	1	1	

invalid rows: 
1	7	12	13	21	26	28	32	33	34	35	38	41	42	43	48	53	58	59	61	63	64	66	69	75	76	77	78	79	81	83	84	85	86	87	89	90	92	93	95	96	97	98	99	100	102	103	104	105	106	113	115	117	118	119	120	121	122	126	128	131	134	

 ----------pgm covering array: 
0	0	0	0	0	0	0	0	0	0	0	0	0	0	0	0	0	0	0	0	0	0	0	0	0	0	0	0	0	0	0	0	0	0	0	
1	1	1	1	1	1	1	1	1	1	1	1	1	1	1	1	1	1	1	1	1	1	1	1	1	1	1	1	1	1	1	1	1	1	1	
1	0	0	1	0	1	1	0	1	1	1	1	0	1	1	0	1	0	0	1	0	1	1	0	1	0	0	0	0	1	0	1	0	0	0	
1	0	0	1	0	1	0	0	1	0	0	0	1	1	0	0	0	1	0	1	1	0	0	0	1	0	1	0	1	0	1	1	0	0	1	
0	1	0	1	0	0	0	0	1	1	0	1	1	0	0	0	1	1	0	1	1	0	1	1	0	0	1	0	0	1	1	1	0	1	0	
0	0	0	0	1	1	0	1	1	1	0	1	0	1	0	1	0	0	0	1	0	1	1	0	0	1	0	0	1	0	1	0	0	1	0	
0	0	1	0	1	1	1	0	1	0	0	1	1	0	1	1	1	1	0	1	0	0	1	0	0	0	1	1	0	0	0	1	0	1	0	
0	1	1	0	0	0	1	0	0	1	0	1	0	0	1	0	0	1	0	0	1	1	1	0	1	1	1	0	1	0	1	0	0	0	1	
0	1	0	1	1	1	0	0	1	1	1	0	1	1	0	0	0	0	1	1	0	1	0	1	1	1	1	0	0	0	0	1	0	0	0	
1	0	0	1	1	1	0	1	1	0	1	0	1	1	0	1	1	0	1	1	0	0	0	1	0	0	0	1	0	1	0	1	1	1	0	
0	1	1	0	0	1	1	1	1	1	1	1	0	1	0	1	0	0	1	1	0	0	1	1	1	1	1	0	1	1	0	0	0	0	1	
0	1	1	1	0	1	1	1	0	1	1	1	0	0	1	0	0	1	1	1	1	1	0	1	0	0	0	0	1	0	0	0	1	1	0	
1	0	1	1	1	1	0	1	1	1	0	1	0	1	1	0	1	1	0	1	1	1	0	0	0	1	0	1	1	1	0	0	0	0	1	
1	1	0	0	0	0	1	1	0	0	1	0	1	1	1	1	0	0	0	1	1	1	0	1	0	0	0	1	0	1	0	0	0	1	1	
1	0	1	0	1	1	1	1	0	0	1	0	0	1	1	1	0	0	1	0	0	1	0	0	1	1	0	1	1	0	0	0	1	0	1	
0	1	0	1	0	0	1	1	0	0	0	0	0	1	1	1	0	1	1	1	0	0	1	0	1	0	0	0	0	1	0	1	0	0	1	
0	1	0	0	1	1	1	0	1	1	0	0	1	1	1	0	1	1	1	1	0	0	1	1	0	1	0	0	1	0	0	0	1	0	1	
1	0	0	0	0	0	1	0	0	1	1	1	1	1	0	1	1	1	1	1	0	1	1	0	0	1	0	0	0	1	1	0	0	1	1	
1	0	0	0	0	0	0	1	1	1	0	0	0	1	1	1	1	1	1	1	0	0	0	1	1	0	1	1	1	0	1	0	1	0	1	
1	1	0	0	1	1	0	0	0	1	0	1	1	0	1	1	1	0	1	0	1	0	1	1	1	1	0	0	1	1	1	1	0	1	1	
0	0	0	0	1	1	1	0	0	0	1	0	0	0	1	0	0	1	0	1	1	1	0	1	1	1	1	1	1	1	0	1	0	1	1	
0	0	1	1	0	0	1	1	1	0	1	0	0	1	0	0	0	1	0	1	0	1	0	0	0	0	1	1	0	0	0	0	1	0	0	
0	1	1	1	0	0	1	0	1	0	0	0	1	1	1	0	0	0	1	1	0	1	1	0	0	0	0	1	1	0	1	1	1	1	1	
0	0	1	1	1	0	0	1	0	1	0	0	1	1	1	1	0	0	0	1	1	0	1	0	1	0	1	0	1	1	1	0	0	1	1	
1	1	1	0	0	1	0	0	0	0	1	0	0	1	0	0	1	1	1	1	1	0	1	1	0	1	1	1	0	1	1	0	0	0	1	
1	1	1	1	1	0	0	0	0	1	0	1	0	0	1	0	0	0	1	1	0	1	0	0	0	0	1	0	0	1	0	0	1	0	1	
1	0	1	0	0	1	0	1	1	0	0	0	1	1	1	1	0	1	0	1	1	1	1	1	1	1	1	0	0	0	0	0	1	0	0	
0	1	1	1	1	1	1	1	0	0	1	0	1	0	1	1	1	0	0	1	1	0	0	1	1	1	0	0	0	0	1	0	1	0	0	
1	0	0	0	0	0	0	0	1	1	0	1	0	1	0	0	0	1	1	0	0	1	1	0	0	0	1	1	1	1	0	1	0	1	1	
1	1	1	1	1	1	1	1	1	1	0	0	0	0	0	0	0	0	0	1	0	0	1	1	0	1	1	0	0	1	1	1	1	1	1	
0	1	1	0	1	0	0	1	1	1	0	0	1	1	1	0	0	1	1	1	0	1	0	1	1	0	0	1	0	1	1	1	0	1	0	
1	0	0	1	0	1	1	0	0	0	1	1	1	0	0	1	1	0	0	0	1	0	1	0	0	1	1	0	1	0	0	0	1	0	1	
0	0	1	0	1	1	0	0	0	0	1	1	0	1	0	0	1	1	1	1	1	0	0	0	0	0	1	0	1	0	0	1	1	1	1	
1	1	1	0	1	1	1	0	1	0	0	1	1	0	0	1	0	0	0	1	0	0	0	0	0	0	0	1	1	1	1	0	1	0	1	
1	1	0	1	0	0	0	1	1	1	1	1	0	0	0	1	1	0	1	1	1	0	0	0	1	1	1	1	0	0	0	1	1	1	1	
0	0	1	1	0	0	0	0	0	1	0	0	1	0	0	1	1	1	1	1	0	1	0	1	0	1	1	1	0	1	0	0	0	0	0	
0	0	0	0	1	0	0	0	1	1	1	0	0	0	1	1	0	1	0	1	1	0	0	0	0	1	0	0	0	1	1	0	1	0	1	
0	1	0	0	0	1	0	1	1	0	1	0	0	0	1	1	1	0	1	1	1	1	1	0	0	0	1	0	1	0	1	1	0	0	0	
0	0	1	1	0	0	1	0	0	1	0	1	0	0	0	1	0	0	0	1	1	0	1	1	1	1	0	1	1	0	0	1	0	0	0	
0	0	1	0	1	0	0	1	0	1	1	1	1	0	1	1	1	0	1	1	1	1	1	0	1	0	0	0	0	0	1	1	1	0	1	
0	0	0	0	0	1	1	1	0	1	0	1	1	1	1	0	0	0	1	0	1	0	0	0	0	1	1	1	0	1	1	1	1	0	0	
0	0	0	1	1	0	0	1	1	0	1	1	0	1	1	0	1	0	0	0	0	1	1	1	0	1	0	1	0	0	1	1	1	0	1	
1	0	0	0	1	0	1	1	1	0	0	0	0	0	0	0	0	0	1	0	1	1	0	0	1	1	1	0	0	0	1	0	0	1	1	
1	0	1	1	1	0	1	1	0	1	0	0	1	1	0	0	1	0	1	0	1	0	0	1	0	0	0	0	1	0	0	1	0	0	1	
0	0	1	1	1	1	0	0	1	1	0	1	0	0	0	0	1	1	1	0	0	0	1	0	1	1	1	0	1	0	1	1	1	0	0	
1	1	0	0	1	1	0	1	1	0	1	0	1	1	1	0	1	1	1	0	0	1	0	0	0	0	1	0	0	1	1	0	1	1	1	
0	1	1	0	1	1	0	0	1	0	0	0	0	1	1	1	1	0	1	0	1	0	0	0	0	1	0	0	0	1	0	0	0	1	0	
1	0	1	1	0	1	0	1	0	0	0	0	0	0	1	1	0	1	1	0	0	1	1	0	0	1	1	0	1	1	0	1	1	1	0	
1	1	1	1	1	0	0	1	1	1	1	1	1	1	1	0	0	1	0	0	1	0	1	0	0	1	1	1	0	0	0	0	0	1	0	
0	1	0	1	0	1	0	1	0	1	1	0	1	1	0	1	0	1	0	0	0	0	0	0	0	1	0	0	1	0	0	1	1	1	1	
0	1	1	0	1	0	1	1	0	1	1	1	0	0	1	1	1	0	1	0	0	1	1	1	0	1	0	1	0	1	0	0	1	1	0	
1	1	0	0	1	1	1	1	1	0	1	1	0	1	1	0	0	0	0	0	1	0	1	0	1	0	0	0	1	0	1	1	1	1	1	
0	0	1	1	0	1	0	0	0	0	0	1	1	1	1	0	1	0	1	0	0	1	0	1	1	1	0	0	0	0	1	0	0	1	1	
0	1	0	1	0	1	0	0	1	1	0	0	1	0	1	0	1	0	1	0	1	1	1	0	1	0	1	1	1	1	0	0	1	1	1	
0	0	1	0	1	0	1	0	1	1	1	0	0	1	1	1	0	0	1	0	1	0	1	1	0	0	1	1	0	0	0	1	0	1	1	
0	1	1	0	0	1	1	1	1	1	1	0	0	0	0	0	1	1	0	0	1	1	0	0	0	0	0	0	0	1	1	1	0	0	1	
1	1	1	0	0	0	0	0	1	1	1	0	1	0	1	1	0	1	1	0	0	0	0	0	0	1	0	1	1	0	1	1	0	0	0	
0	1	1	0	1	0	0	1	0	0	0	0	1	0	0	1	0	1	1	0	1	0	0	1	0	1	1	1	1	0	1	0	1	1	1	
0	1	1	0	0	0	1	1	1	0	0	1	1	1	0	1	1	1	0	0	0	1	0	0	1	1	1	0	0	1	0	1	1	1	1	
0	0	0	0	0	1	1	1	1	0	1	0	1	1	0	1	1	1	0	0	1	0	1	1	1	1	0	1	1	0	1	1	0	1	0	
1	1	1	1	0	0	1	0	0	0	1	0	1	0	1	0	1	1	1	0	1	0	0	1	1	0	1	1	0	1	0	1	1	0	1	
0	0	1	0	0	0	0	1	0	1	1	0	0	1	0	0	1	0	0	0	0	0	1	1	0	0	1	0	1	1	1	0	1	1	0	
1	0	1	1	1	0	1	0	0	1	0	1	1	1	0	0	0	1	0	0	0	0	0	1	1	1	0	1	0	1	0	0	1	1	1	
0	1	0	0	1	0	0	1	1	0	0	1	1	0	0	0	0	1	1	0	1	0	1	1	1	0	0	0	0	1	0	0	1	0	0	
1	1	0	1	0	0	0	1	0	1	1	0	0	1	0	0	0	0	1	0	1	1	0	1	1	1	0	0	1	1	1	0	1	0	1	
1	0	1	1	0	1	1	1	1	0	1	1	1	0	1	0	0	1	1	0	0	0	1	1	0	0	1	0	0	0	1	0	0	0	1	
1	1	1	1	0	0	0	1	1	1	0	1	1	1	0	1	1	0	1	0	0	0	1	0	0	0	0	0	0	0	1	0	1	0	0	
1	1	1	0	0	1	0	1	0	1	0	0	0	0	1	0	1	0	0	0	0	0	1	0	1	1	0	1	0	0	0	1	0	0	1	
1	0	1	0	0	0	1	1	0	0	0	1	0	0	1	1	1	1	0	0	1	0	1	0	0	0	0	1	1	1	1	0	1	1	1	
0	0	1	1	1	1	1	1	1	1	1	0	1	0	0	1	1	0	1	0	0	1	0	0	1	0	1	1	1	1	1	0	0	0	0	
1	1	0	0	1	0	1	1	1	1	1	0	0	0	0	1	0	1	0	1	1	0	1	0	0	0	1	1	1	1	0	1	1	0	0	
1	0	1	1	0	1	1	0	0	1	1	0	0	1	1	1	1	0	0	1	0	1	0	0	0	1	1	1	1	0	1	1	0	1	1	
0	1	0	1	1	1	1	1	0	1	0	0	1	1	0	1	1	1	0	0	1	1	1	0	0	0	1	1	0	0	0	0	0	0	1	
1	0	0	0	1	0	0	0	1	0	0	0	1	1	0	1	1	0	0	0	0	0	1	0	1	1	1	1	0	1	1	1	0	0	1	
0	1	1	1	1	1	1	0	0	0	1	1	1	0	0	0	0	0	0	0	1	1	1	0	0	1	0	0	0	1	0	1	0	1	0	
0	0	0	1	1	0	1	1	1	0	0	1	0	0	1	1	1	1	1	0	0	0	0	1	0	1	1	0	1	1	0	1	0	0	1	
1	1	0	1	0	1	0	1	0	0	0	1	1	0	0	0	1	1	0	1	0	1	0	0	1	1	0	0	1	1	1	0	1	0	0	
1	0	0	0	1	1	0	1	0	1	1	1	0	0	0	1	1	1	0	0	1	0	0	1	1	1	1	0	0	1	0	0	0	0	0	
0	0	0	0	0	1	0	1	1	1	1	1	1	0	1	0	0	1	0	0	0	0	0	1	1	0	0	1	1	1	0	0	0	1	1	
1	0	1	0	1	0	1	0	1	1	1	0	1	1	0	0	0	1	1	0	1	1	1	0	1	1	0	0	1	1	0	1	1	0	0	
1	0	0	1	1	0	0	0	0	0	0	0	1	0	1	0	1	1	0	0	1	1	0	0	0	0	0	1	0	0	1	1	1	1	0	
1	1	0	1	0	0	1	1	1	1	0	0	1	0	1	1	0	0	0	0	0	1	1	1	1	1	0	1	0	1	1	0	0	0	0	
0	0	0	0	0	0	0	0	0	0	1	1	1	1	1	1	1	1	1	0	1	1	0	0	1	0	0	1	1	0	0	0	0	0	0	
1	0	1	0	1	0	1	0	1	0	0	1	0	0	1	0	1	0	1	1	1	1	1	1	1	0	1	1	0	1	1	0	0	0	0	
1	1	0	1	1	1	1	0	0	1	1	1	0	1	1	1	0	1	1	0	0	0	0	0	1	0	1	0	0	0	1	0	0	1	0	
1	1	0	0	0	1	1	0	1	0	1	1	0	0	0	0	1	1	1	0	0	1	0	1	0	1	0	1	0	0	0	1	1	0	0	
0	0	1	0	1	1	1	0	0	0	0	0	1	1	1	0	0	1	0	0	0	1	1	1	0	0	0	0	1	1	1	0	0	0	0	
1	1	0	1	1	1	0	1	0	0	0	1	0	1	0	1	0	1	1	0	1	1	1	1	0	0	0	1	1	1	1	1	0	0	0	
0	0	1	0	0	0	0	1	1	0	0	0	1	0	0	0	1	0	0	1	1	1	1	1	0	1	0	1	1	1	0	1	1	0	1	
0	0	1	1	1	1	0	1	0	0	1	0	1	0	0	0	0	1	1	1	0	0	1	0	1	1	0	1	0	1	1	1	0	1	1	
0	0	1	0	0	0	1	0	1	1	1	0	1	0	1	0	1	0	0	1	0	0	0	0	1	1	1	0	0	0	0	0	1	1	1	
0	1	1	1	0	0	0	0	1	0	1	1	1	1	1	1	0	0	0	0	1	1	0	1	0	1	1	0	1	1	1	1	0	0	1	
1	1	1	1	1	0	0	0	1	0	1	0	0	0	0	1	1	1	0	1	0	1	1	1	1	0	0	0	1	0	0	0	0	1	1	
1	1	1	1	1	0	1	0	0	0	0	0	0	1	0	1	1	0	1	1	1	1	1	0	0	1	1	0	0	0	1	1	1	0	0	
0	1	1	1	1	1	0	1	1	0	0	0	0	0	1	0	0	0	0	0	1	0	0	1	1	0	1	1	1	0	0	1	1	0	0	
1	0	1	0	0	0	0	0	1	0	1	1	0	0	1	0	0	0	1	1	0	0	0	1	1	1	0	0	1	1	1	1	1	1	0	
0	1	0	0	1	0	0	1	0	0	1	1	1	0	0	0	0	0	1	1	0	1	1	0	0	1	1	1	1	0	0	0	0	0	1	
1	0	1	1	0	0	0	1	0	0	1	1	0	0	0	1	0	0	0	0	1	1	0	0	1	0	1	1	0	1	1	1	0	1	0	
0	1	0	0	0	0	1	0	0	0	1	0	1	0	0	1	0	0	1	0	0	0	1	1	1	0	1	0	0	0	1	1	1	1	0	
1	0	1	0	1	0	1	1	0	0	1	1	0	1	0	1	0	1	0	1	0	0	0	1	0	1	0	0	0	0	1	1	0	0	0	
1	1	0	0	0	0	0	0	0	0	0	1	0	1	1	0	0	1	0	1	1	0	1	1	0	1	0	0	0	0	0	1	1	1	1	
0	1	1	0	1	1	0	0	0	1	0	1	0	1	0	1	0	1	0	0	0	1	0	1	1	0	1	1	0	0	1	1	1	0	1	
1	0	1	0	1	1	0	0	1	1	1	1	1	0	0	0	1	0	0	0	1	1	0	1	0	1	1	1	1	0	1	0	1	1	0	
1	0	0	1	0	0	1	1	1	0	1	0	1	0	1	0	1	0	1	1	1	0	1	0	0	1	0	0	1	1	0	0	0	1	0	
1	1	1	0	0	1	1	1	0	0	0	1	1	1	0	0	1	0	1	0	0	1	1	1	1	0	1	1	1	0	0	1	0	1	0	
0	1	0	0	1	0	1	0	1	1	1	1	1	1	0	0	1	0	0	1	1	0	0	1	1	0	0	1	0	0	1	0	0	0	1	
0	1	0	0	1	0	0	0	0	1	0	0	0	1	0	1	1	0	0	1	1	1	0	0	1	1	0	1	1	1	0	1	1	1	0	
0	0	0	1	0	1	1	0	1	1	0	0	0	0	0	1	0	1	1	0	1	1	1	1	0	1	0	1	0	0	1	0	1	1	1	
0	1	1	1	0	1	0	0	0	1	1	1	1	1	1	1	1	1	0	1	0	0	1	1	0	0	0	1	1	1	0	1	1	0	0	
1	0	0	0	1	1	0	0	0	1	1	0	1	0	1	1	0	0	0	0	0	1	1	1	0	0	1	0	0	1	0	1	1	0	1	
0	0	1	1	0	1	0	0	1	0	1	1	0	1	0	1	0	0	1	0	1	0	1	0	1	0	0	1	0	1	0	0	1	0	1	
1	1	0	0	1	0	1	1	0	1	0	0	1	0	1	0	1	1	0	1	0	1	0	1	0	1	1	0	1	0	1	1	0	1	0	
0	0	0	1	1	0	1	1	1	1	0	1	1	0	1	1	0	0	0	0	0	1	0	0	1	0	0	0	1	0	0	1	1	1	0	
1	0	1	1	0	1	1	0	1	1	0	0	0	1	1	1	1	1	0	0	1	0	0	1	1	0	0	0	0	1	1	1	1	1	0	
0	1	0	0	0	1	0	0	1	0	1	1	0	0	1	1	0	1	0	1	0	1	1	0	1	1	1	1	0	1	1	0	1	1	0	
1	0	0	1	1	0	0	0	0	0	0	1	1	1	1	1	0	0	1	1	0	0	1	1	1	1	1	1	1	0	0	0	1	1	0	
1	1	0	1	0	1	1	0	1	0	0	0	0	1	0	0	0	0	0	0	0	0	0	1	0	1	1	1	1	1	0	0	0	1	0	
0	1	0	1	0	1	0	1	0	0	0	1	0	0	1	1	1	0	0	1	0	0	0	1	0	0	1	1	0	0	1	0	0	1	1	
0	1	0	1	1	0	1	0	0	1	1	1	0	0	0	0	1	0	1	0	0	0	0	0	0	0	0	1	1	1	1	1	0	1	1	
1	1	0	0	0	0	1	0	1	1	0	1	0	1	1	1	1	0	0	0	1	1	0	1	0	0	1	0	1	0	0	0	1	0	0	
1	1	0	1	1	1	1	0	1	0	0	1	1	0	1	1	0	1	1	1	1	1	0	0	1	1	0	1	0	0	0	1	0	0	1	
1	1	1	0	1	0	0	1	0	0	1	1	1	1	1	0	1	0	0	1	0	0	0	0	1	0	1	0	1	1	0	1	0	0	0	
1	0	0	1	1	1	0	0	0	1	1	0	0	0	1	0	0	0	1	1	1	0	1	1	0	0	0	1	1	0	1	0	0	0	0	
1	1	1	0	0	1	0	0	0	1	1	0	1	1	0	0	0	0	0	1	1	1	1	0	1	0	0	1	0	0	1	0	1	1	0	
0	1	0	1	1	0	1	0	0	0	1	0	0	1	1	0	1	1	0	0	0	0	1	0	1	1	1	1	1	1	1	0	1	0	0	
0	1	1	1	0	0	1	1	1	0	0	1	0	1	0	0	1	1	1	1	1	0	0	0	1	1	0	1	1	0	1	0	0	1	0	
1	0	0	0	1	1	1	1	0	1	0	0	0	0	0	0	1	1	1	1	0	0	1	0	1	0	0	1	0	0	0	0	1	1	0	
1	0	1	0	0	1	0	1	1	1	0	1	1	0	0	1	0	0	1	1	1	1	0	1	0	0	0	0	0	0	0	1	0	1	1	
1	1	1	0	0	1	1	0	0	1	0	0	1	0	0	1	0	1	1	1	1	0	0	0	1	0	1	0	1	1	0	0	0	1	0	
1	0	0	1	0	0	1	1	0	1	1	1	1	0	0	0	0	1	0	1	0	1	1	1	1	0	1	1	1	0	1	1	1	0	1	
0	0	0	0	0	1	1	0	0	0	0	0	0	0	0	1	1	0	1	1	0	1	0	1	1	0	0	0	1	1	1	1	1	0	1	
0	0	0	1	1	1	1	1	0	0	0	1	0	1	0	0	1	0	0	1	1	1	1	1	1	0	1	0	0	1	0	0	1	1	1	
0	0	0	1	0	0	0	1	0	1	1	0	0	1	1	0	1	1	1	0	1	1	1	1	1	1	1	0	0	0	0	1	0	1	0	
0	0	0	1	1	0	1	0	1	0	1	1	1	1	0	1	0	1	1	1	1	1	0	1	0	0	1	0	1	1	1	0	1	1	0	

invalid rows: 
3	5	7	9	10	14	16	18	22	25	26	27	28	30	31	35	36	37	40	84	90	91	94	100	101	106	115	118	121	124	127	128	132	1	4	6	8	15	23	32	33	38	43	45	46	49	50	52	57	67	68	72	73	81	83	85	97	113	126	

 ----------random covering array (last execution): 
0	0	0	0	0	0	0	0	0	0	0	0	0	0	0	0	0	0	0	0	0	0	0	0	0	0	0	0	0	0	0	0	0	0	0	
1	1	1	1	1	1	1	1	1	1	1	1	1	1	1	1	1	1	1	1	1	1	1	1	1	1	1	1	1	1	1	1	1	1	1	
0	1	0	1	0	1	1	1	1	0	0	0	0	1	0	1	0	0	0	0	1	1	1	1	1	1	0	0	1	0	1	1	0	0	0	
1	0	0	1	0	0	0	1	0	1	1	0	0	1	0	1	0	1	0	0	0	0	1	0	0	1	0	0	0	1	1	1	1	1	0	
1	0	1	0	0	1	0	1	1	1	1	0	0	0	0	0	0	1	0	1	1	1	1	0	1	0	0	1	0	0	1	1	1	0	0	
0	0	0	1	0	0	1	1	0	0	1	1	0	1	1	0	0	0	0	0	1	1	0	0	1	0	1	1	0	0	1	0	0	1	1	
1	1	0	1	0	0	0	1	1	1	0	1	1	0	0	0	1	0	0	0	1	0	0	1	1	0	1	1	0	0	1	1	1	0	0	
1	1	0	0	0	0	1	0	0	0	1	0	1	0	0	0	0	1	0	1	1	1	0	1	1	1	0	0	0	1	0	0	1	1	1	
0	0	1	1	0	0	1	1	0	1	0	0	0	1	0	0	0	0	1	1	0	1	1	0	0	1	1	0	1	0	1	1	1	0	1	
0	0	1	1	1	1	0	1	1	1	0	1	0	1	1	1	1	0	1	0	0	0	1	0	0	0	1	1	1	0	1	1	0	0	0	
0	1	1	1	0	1	0	1	0	0	0	1	1	1	1	0	0	0	1	1	1	1	0	0	1	1	0	0	1	1	1	0	1	1	1	
1	1	1	1	1	0	1	0	0	0	0	0	1	0	1	0	0	1	1	1	0	1	1	1	1	0	0	1	1	0	1	0	0	1	0	
1	0	0	1	0	1	1	1	1	0	0	0	1	1	1	1	1	1	0	0	0	1	1	1	1	0	1	0	0	1	1	0	0	1	1	
0	1	1	0	0	1	1	0	0	1	0	1	0	1	1	1	1	1	0	1	0	0	0	1	0	0	0	1	1	1	1	0	0	0	0	
0	1	0	1	1	0	1	0	0	0	0	1	1	1	1	1	1	0	1	0	0	0	0	1	0	1	1	0	1	1	0	0	0	1	1	
1	1	0	0	0	1	0	0	0	0	0	1	0	1	1	0	0	0	1	1	1	0	1	1	0	1	0	0	0	1	1	1	0	0	0	
1	1	1	1	1	0	0	1	1	1	0	0	0	1	0	0	0	0	1	1	1	1	0	1	0	0	1	0	0	1	1	0	0	1	1	
1	1	0	0	0	1	1	0	1	1	1	1	0	1	0	1	0	0	1	0	1	1	0	0	1	0	0	1	1	1	1	0	0	0	1	
1	0	1	0	1	0	0	1	1	0	1	1	0	1	1	1	1	0	1	0	0	1	0	1	0	1	0	0	0	1	1	0	1	1	0	
0	0	1	1	0	1	0	0	1	1	1	1	0	0	0	1	0	1	1	1	1	1	0	1	1	1	1	1	0	1	0	1	0	1	1	
1	1	1	1	0	1	1	0	0	0	0	0	0	0	0	0	1	1	0	0	0	0	0	1	0	1	1	1	1	1	1	1	1	1	1	
1	1	0	0	1	0	1	1	0	0	0	0	1	1	1	0	1	0	0	0	0	0	1	0	0	0	0	0	1	0	1	0	1	0	0	
0	1	0	0	1	0	1	1	0	1	1	0	1	1	0	0	1	0	1	1	1	0	1	1	0	0	0	1	0	1	1	1	0	1	0	
0	0	0	0	0	1	0	0	0	1	1	1	1	1	1	0	0	1	0	0	1	1	1	1	0	1	1	1	0	1	1	0	1	1	0	
1	0	1	1	0	1	0	0	1	0	1	0	1	1	0	1	1	1	1	1	1	0	0	0	0	0	0	0	1	1	1	0	1	0	1	
0	0	0	0	1	1	1	0	0	0	0	0	1	0	0	1	0	0	1	1	0	1	1	1	1	0	1	0	0	1	1	0	1	0	0	
1	0	1	1	1	0	1	1	0	1	0	1	1	1	1	1	0	1	0	0	1	0	0	1	0	1	0	0	0	0	1	0	1	0	1	
0	1	1	1	1	0	0	0	1	1	1	1	1	0	1	0	0	1	0	1	0	0	1	1	0	1	1	0	1	0	1	0	0	0	1	
1	0	0	0	0	1	1	1	0	0	0	0	0	1	0	1	1	0	1	0	1	1	0	0	1	0	0	1	0	1	0	1	1	1	0	
0	1	1	1	1	1	0	1	0	0	1	0	1	0	1	1	0	0	0	1	1	1	1	0	0	0	1	1	0	1	1	1	1	0	1	
1	0	1	0	0	1	1	1	0	1	1	0	1	1	1	0	1	0	1	1	0	1	0	1	0	1	1	1	0	0	1	1	0	0	0	
0	1	0	1	1	0	0	0	1	1	0	1	0	0	0	1	0	1	0	0	1	0	1	0	1	0	0	0	1	1	0	0	1	1	1	
1	0	0	1	1	0	0	0	1	0	0	0	1	1	0	0	0	1	1	0	0	0	0	0	1	0	1	1	1	1	1	1	1	1	0	
0	1	0	1	1	1	0	1	0	1	1	1	1	0	0	1	1	0	0	1	0	0	0	0	1	0	1	0	0	1	1	0	0	1	0	
0	0	0	0	1	0	0	1	1	0	0	1	0	0	1	1	1	1	1	1	0	1	1	0	1	1	0	1	1	1	1	1	1	0	1	
1	0	1	0	0	1	1	0	1	1	0	1	1	0	0	0	1	0	1	0	0	1	1	0	0	0	0	0	0	0	1	0	1	0	1	
1	0	0	0	1	1	0	1	0	0	1	1	0	0	0	0	0	1	0	0	0	1	0	1	0	0	1	0	1	1	1	0	0	0	1	
0	0	0	1	0	0	1	1	1	0	1	1	0	0	1	0	0	1	1	1	1	0	0	1	0	0	0	0	1	0	1	1	1	1	0	
0	1	1	0	0	0	0	0	0	0	0	1	1	0	0	0	1	1	0	0	1	1	1	0	1	1	0	0	0	0	1	1	0	1	1	
0	0	0	0	1	0	1	0	1	1	1	1	1	0	1	0	0	1	1	0	1	1	0	1	1	1	1	0	1	1	1	1	0	0	0	
0	1	0	1	1	1	0	0	0	1	1	0	0	1	1	0	1	1	1	0	0	1	0	1	1	0	0	0	0	0	0	1	1	0	1	
0	0	1	0	1	0	1	1	1	0	1	0	0	1	1	0	1	0	0	0	1	0	1	1	1	0	1	0	1	1	0	1	0	0	1	
0	1	0	0	0	0	1	1	0	0	1	0	0	0	1	1	0	1	1	0	0	0	0	0	0	1	1	1	0	1	0	0	1	0	1	
0	1	1	0	0	0	0	0	1	1	0	0	1	1	1	1	0	1	1	0	0	1	1	0	0	0	1	0	0	1	0	1	0	1	0	
1	0	0	1	1	0	0	1	1	0	1	0	1	0	0	0	0	0	1	0	1	1	1	0	1	1	1	0	0	0	0	1	1	1	1	
1	0	0	1	1	1	1	1	1	1	1	0	0	1	1	1	0	0	1	1	0	0	0	1	0	0	1	1	1	1	0	0	1	0	0	
0	0	0	1	0	1	0	1	1	0	0	1	1	1	0	0	0	1	1	1	0	0	0	1	0	0	1	1	0	0	0	0	0	0	1	
1	0	0	1	1	1	1	0	0	0	0	1	1	0	1	1	0	0	1	0	1	0	1	1	0	0	0	1	0	0	0	1	1	1	1	
1	0	0	0	0	0	0	1	0	1	0	0	1	1	1	1	1	1	0	1	1	1	1	1	1	0	1	1	1	0	0	0	1	0	1	
1	0	0	1	1	0	0	0	0	1	0	1	0	1	1	0	0	0	0	1	0	1	1	0	0	0	0	1	1	1	0	1	0	1	1	
0	1	1	0	1	1	1	0	1	0	0	1	1	0	1	0	1	0	1	1	1	1	0	1	1	0	1	1	1	0	0	0	0	0	1	
0	1	0	1	1	0	0	1	0	0	1	0	0	1	1	1	0	1	0	1	1	0	0	1	1	1	1	1	1	1	0	1	0	1	0	
0	0	1	1	0	0	1	0	1	1	1	0	1	1	0	0	0	0	1	0	0	0	1	1	1	1	0	1	0	1	0	0	0	0	1	
0	0	0	1	1	1	1	1	1	1	0	0	0	0	0	0	1	1	1	1	1	1	1	1	0	1	0	1	0	1	0	0	1	1	0	
0	1	1	0	0	0	0	1	0	0	0	1	1	1	0	0	1	1	1	0	1	1	0	1	0	0	1	1	1	1	0	1	1	0	0	
1	1	0	1	0	1	1	1	1	0	1	0	1	0	1	0	0	1	0	1	0	1	0	0	0	0	0	0	1	1	0	1	0	0	0	
1	0	0	0	0	0	0	1	0	1	1	1	1	0	0	1	1	0	1	1	0	1	0	1	0	0	0	0	1	0	0	1	0	1	1	
1	0	1	0	1	0	0	0	0	1	1	1	1	0	1	0	1	1	1	1	0	0	0	0	0	0	1	1	0	1	0	0	1	1	1	
1	1	0	0	1	1	1	1	1	1	0	1	1	1	1	0	0	0	0	1	0	0	0	0	1	1	0	1	0	1	0	1	1	0	1	
1	1	1	1	0	0	0	1	1	1	1	1	0	1	1	0	1	1	0	0	1	0	0	0	0	1	0	1	1	0	0	1	0	1	1	
1	1	1	0	1	1	0	0	1	1	0	0	1	0	0	1	1	1	1	1	0	0	1	1	0	1	0	0	1	1	0	1	1	0	0	
0	0	1	0	1	1	0	0	1	0	1	0	1	1	1	0	0	0	0	0	1	1	0	0	0	0	0	1	1	0	0	0	1	1	0	
1	1	1	0	1	1	0	0	0	1	0	0	1	1	0	1	1	0	0	0	0	1	1	0	1	1	1	1	0	1	0	0	0	0	1	
1	0	1	0	1	1	0	1	0	1	0	0	0	0	1	0	0	1	1	1	1	0	0	0	1	1	1	0	0	0	0	0	0	0	0	
0	0	1	0	1	1	1	0	0	0	1	0	0	1	1	1	0	1	1	1	0	1	1	0	0	1	0	0	1	1	0	0	0	1	1	
1	1	1	1	0	0	0	1	0	1	1	0	1	0	1	1	0	0	1	0	1	0	1	1	1	0	0	0	1	1	0	0	1	0	0	
0	0	0	0	1	0	0	1	1	1	1	1	1	1	1	1	0	0	1	1	1	1	1	0	1	0	0	0	0	0	0	0	0	0	0	
0	0	0	1	0	0	0	0	1	0	0	0	1	0	1	1	1	0	0	1	1	1	0	1	0	1	0	0	0	1	0	1	0	0	1	
1	1	0	0	1	1	0	0	1	0	1	1	1	0	1	1	1	1	0	0	1	0	0	1	1	0	0	1	0	1	0	0	0	1	0	
0	1	0	1	0	1	1	1	1	1	1	1	1	0	1	0	1	0	1	0	0	1	1	0	0	1	1	0	1	0	0	0	1	1	0	
1	1	0	0	1	1	0	1	0	0	0	1	0	0	1	1	1	1	0	1	1	1	0	0	0	0	1	0	1	0	1	1	1	1	0	
0	1	0	1	0	0	1	0	1	0	1	1	1	1	0	1	1	0	0	0	0	1	1	1	0	0	0	1	1	1	1	1	1	1	1	
1	1	0	1	0	0	1	0	1	1	0	1	0	1	1	0	1	1	0	1	1	1	1	0	0	0	1	0	0	1	0	0	1	0	0	
0	0	0	0	0	1	0	1	1	1	1	1	0	1	0	1	1	0	0	0	1	0	0	0	0	1	1	0	0	1	0	1	1	0	1	
0	1	0	1	0	1	1	0	0	1	0	0	1	0	0	0	0	1	0	1	1	0	1	0	1	0	1	1	1	0	0	1	0	0	1	
1	1	1	0	0	1	0	1	1	0	0	1	0	0	1	0	0	0	1	0	0	0	1	1	1	0	1	0	0	1	0	1	1	1	1	
1	0	0	1	1	1	1	0	1	1	1	0	0	0	1	1	0	0	0	1	0	0	1	0	1	1	0	0	0	0	1	0	0	1	1	
1	0	1	1	0	1	0	0	1	0	0	1	0	0	1	1	0	1	0	0	0	1	0	0	1	1	1	0	1	0	0	0	1	0	1	
1	0	1	1	0	1	0	1	0	1	0	0	0	0	1	0	1	0	0	0	0	1	0	1	1	1	0	1	1	1	0	0	0	1	0	
1	1	0	0	1	1	1	1	0	1	0	0	1	1	0	1	0	1	1	0	1	1	0	0	0	1	1	0	1	0	0	1	0	1	1	
1	0	0	0	1	0	1	0	1	1	1	0	0	0	0	1	1	1	0	0	0	0	1	1	0	0	1	1	0	0	0	1	0	0	0	
0	1	1	0	0	1	1	1	0	1	1	1	0	0	1	1	1	0	0	1	1	1	1	1	0	1	0	0	0	0	0	0	0	0	1	
1	0	0	0	0	0	1	0	1	1	0	1	0	1	0	0	1	1	1	0	0	0	0	1	1	1	0	0	1	0	0	0	0	1	0	
0	1	1	0	0	1	1	1	1	0	1	0	1	0	0	1	1	1	1	0	1	0	0	1	1	1	1	0	0	0	1	0	1	0	0	
1	1	0	1	0	0	0	0	0	0	1	1	0	1	0	1	0	0	1	1	0	1	1	1	1	1	1	1	1	0	0	0	1	0	0	
1	1	1	1	1	0	1	1	1	0	0	0	0	0	0	1	1	0	1	1	0	0	0	0	1	0	0	0	1	0	0	1	0	0	1	
1	1	1	1	0	1	1	0	0	1	1	0	1	1	0	0	0	0	0	0	1	0	0	1	0	0	1	0	0	0	0	0	0	1	0	
1	0	1	1	0	1	1	0	0	0	1	1	0	1	1	1	1	1	1	1	1	0	1	0	1	0	1	0	0	0	0	1	0	1	0	
0	0	1	0	1	1	1	1	1	1	0	0	1	0	1	0	1	1	0	0	1	0	0	0	0	0	0	0	0	1	1	1	0	1	1	
1	0	0	1	0	1	0	0	0	1	1	0	1	0	1	0	1	0	1	0	1	0	1	0	0	1	1	1	1	1	1	1	0	0	1	
0	1	0	0	1	0	0	1	1	1	0	0	1	0	0	0	0	0	0	0	0	1	0	1	0	1	0	1	1	1	1	0	1	0	1	
0	0	1	0	0	1	1	1	0	1	1	1	1	1	0	0	0	1	0	1	0	0	1	1	1	0	0	0	1	1	0	1	1	1	1	
1	0	1	0	0	0	1	1	1	0	0	1	1	0	0	1	0	0	0	1	1	0	1	0	0	1	1	1	1	1	1	0	0	1	0	
0	1	0	0	1	0	1	0	1	0	1	1	1	1	0	1	0	1	1	1	1	0	1	0	0	0	1	0	0	0	1	1	1	0	1	
0	0	1	1	1	0	0	1	0	0	0	0	1	0	1	0	1	1	0	1	0	0	1	1	0	1	1	0	0	0	0	1	1	1	0	
0	0	1	0	1	1	0	1	0	0	1	0	1	0	0	1	0	0	1	0	0	0	0	1	1	1	0	1	1	0	1	1	0	1	1	
0	0	0	0	0	0	1	0	0	1	0	0	0	0	1	0	1	0	1	1	1	0	0	0	1	0	1	0	1	1	1	0	1	1	1	
0	0	0	0	0	1	1	0	0	0	1	1	1	0	1	1	1	1	0	0	0	0	1	0	1	1	0	1	1	0	0	1	1	0	0	
0	1	1	0	1	0	0	0	0	1	1	1	0	0	0	0	0	0	1	1	1	0	0	0	0	1	0	1	1	0	0	1	1	0	0	
1	1	1	0	0	0	0	0	0	0	1	1	1	1	1	1	0	0	0	0	0	0	0	0	1	0	1	0	1	0	1	1	0	0	1	
1	0	1	0	1	0	0	0	0	0	0	0	0	1	0	1	0	1	0	1	1	0	0	1	1	0	0	1	0	1	1	1	0	0	1	
1	0	1	1	1	0	1	0	0	0	1	1	1	1	0	0	1	0	0	1	0	1	0	0	1	1	1	0	0	1	0	1	1	0	0	
0	0	1	1	1	0	1	1	1	1	1	0	1	0	0	1	1	1	0	0	0	1	0	0	1	0	1	1	1	0	0	0	1	1	1	
0	1	0	0	0	1	0	1	1	1	0	0	0	0	1	1	0	1	1	0	1	0	1	1	0	0	0	1	1	0	1	0	0	1	1	
0	1	1	1	0	0	1	0	1	1	0	0	1	1	1	1	1	0	1	1	1	0	0	0	1	1	0	1	0	0	0	1	1	1	0	
0	1	1	0	0	0	0	1	1	1	1	0	0	1	0	0	1	1	0	1	0	1	0	0	1	1	1	0	1	1	1	0	0	0	0	
0	0	0	0	1	1	1	0	1	0	0	1	0	1	0	0	1	1	0	1	0	1	0	0	0	1	1	1	0	0	1	1	0	1	1	
1	1	1	1	1	0	1	1	0	0	1	1	0	0	0	0	1	1	1	0	1	1	1	0	0	0	0	1	0	1	0	0	0	0	1	
1	0	1	1	1	1	0	0	1	1	0	1	1	1	0	0	1	0	0	1	1	1	1	1	1	0	0	0	1	0	1	1	0	1	0	
0	0	1	1	1	1	1	0	0	1	0	1	0	0	0	1	0	0	0	0	1	1	0	1	0	0	1	0	1	1	0	1	1	0	0	
0	0	0	1	1	1	0	1	0	0	0	1	1	1	0	0	1	1	1	0	1	0	1	0	1	1	0	0	1	1	0	0	0	0	0	
1	1	1	0	0	0	1	0	1	1	1	0	0	0	1	1	0	0	0	1	0	1	0	1	0	0	1	1	0	0	1	1	1	1	1	
0	1	0	0	1	0	1	1	0	1	0	1	0	0	1	0	0	0	0	0	0	1	1	1	1	1	1	1	0	0	0	1	0	1	0	
1	1	1	1	1	1	0	1	1	0	1	1	1	1	0	1	0	1	0	0	0	1	1	1	0	1	0	1	0	0	0	1	0	0	0	
1	0	0	1	1	1	1	1	0	0	1	1	0	0	0	0	1	0	0	1	1	0	0	1	1	1	0	1	1	0	1	0	1	0	1	
0	0	1	0	1	0	0	0	0	1	0	1	0	1	0	1	1	0	1	0	1	0	1	1	1	1	1	1	0	0	1	0	1	1	1	
0	1	1	1	0	1	0	1	0	0	0	0	0	1	0	1	1	0	0	1	0	0	1	0	0	0	0	1	0	0	0	0	1	1	1	
0	0	1	1	0	0	0	0	1	0	1	1	0	0	1	0	1	0	0	1	0	0	1	1	1	0	0	1	0	1	1	0	1	0	0	
0	1	0	0	0	1	0	0	1	0	1	0	0	0	0	0	1	0	1	1	0	1	1	0	1	0	1	1	1	1	0	1	0	1	0	
0	1	1	0	1	0	1	1	1	0	0	1	0	1	0	1	0	1	0	1	0	1	0	1	1	0	0	0	0	0	0	0	1	1	0	
1	1	0	1	0	0	1	1	0	1	0	1	0	0	0	1	1	1	1	1	0	0	1	1	1	1	1	0	0	1	1	1	0	0	1	
0	0	0	0	0	1	0	0	1	1	0	0	1	1	1	1	0	0	0	1	0	0	0	1	1	1	1	0	1	0	1	1	1	1	0	
0	0	1	1	0	0	0	0	0	0	1	0	0	0	0	1	1	1	1	0	1	1	1	1	0	0	1	0	1	0	1	0	0	1	0	
0	0	0	1	1	0	1	0	0	1	1	0	1	1	0	1	1	1	0	1	1	1	0	0	0	1	0	1	1	0	1	0	0	0	0	
1	1	0	0	1	1	0	0	1	0	1	0	0	1	0	0	1	0	0	1	1	0	1	1	0	1	1	0	1	0	0	0	1	1	1	
1	1	0	0	0	0	0	1	1	0	1	0	1	1	1	0	1	1	1	1	0	0	1	0	1	1	0	1	0	0	1	0	0	1	1	
1	1	0	1	1	0	0	0	1	0	0	0	0	0	1	1	1	0	1	0	1	1	0	0	0	1	1	1	0	0	1	0	0	0	0	
0	0	1	1	0	0	1	1	0	1	0	1	1	0	1	1	0	1	1	0	0	1	0	0	1	0	0	1	0	1	1	1	0	0	0	
1	1	0	1	0	1	0	0	0	1	0	1	1	0	0	1	0	1	1	1	0	1	0	0	0	1	0	1	0	0	1	0	1	1	0	
1	1	1	0	1	0	1	0	0	1	1	0	0	0	1	1	1	0	0	0	1	1	1	0	1	1	0	0	1	1	1	1	1	1	0	
0	1	1	1	1	1	1	0	1	0	1	1	0	0	0	0	0	0	1	0	0	0	0	0	0	1	0	0	0	1	1	1	0	1	0	
0	1	1	1	1	1	1	0	1	0	0	0	0	1	1	0	0	1	0	0	1	0	1	0	1	1	1	1	0	1	1	0	1	0	0	
1	0	1	0	0	0	1	0	1	0	0	0	0	1	1	0	0	1	1	0	1	1	1	1	0	1	0	1	1	0	0	1	1	0	1	
1	1	1	0	1	1	1	1	0	1	1	1	0	1	0	0	0	1	1	0	0	0	1	0	1	0	1	1	1	0	1	0	1	1	0	

invalid rows (last execution): 
1	5	6	8	9	10	11	13	16	17	20	22	23	26	29	30	31	34	36	39	45	47	54	58	59	60	62	64	67	68	69	70	71	73	75	76	77	78	80	82	86	87	88	94	95	98	99	100	101	102	103	105	107	112	117	118	119	120	121	124	126	127	129	134	
