forbidden tuples: 
(P_30.0, P_29.0, P_7.0, P_15.1, P_3.0, P_2.0, P_33.1, P_26.0, P_20.1, P_27.0, P_25.1, P_1.0, P_12.1, P_22.0, P_17.0, P_24.1, P_35.1, P_8.1, P_4.0, P_31.0, P_10.1, P_19.1, P_28.0, P_18.0)
(P_14.0, P_4.0, P_7.0, P_24.1, P_6.1, P_3.0, P_10.1, P_8.0, P_11.0, P_16.0, P_30.1, P_9.1, P_13.1, P_12.0, P_26.0, P_21.0, P_5.0, P_22.0, P_19.1, P_28.1, P_27.0, P_23.0, P_31.1, P_18.1, P_17.0, P_1.0, P_20.1)
(P_32.0, P_22.1, P_16.0)
(P_3.1, P_32.0, P_7.0, P_35.1, P_9.1)
(P_19.0, P_28.1, P_25.0, P_34.1, P_26.0, P_16.0, P_17.1, P_3.0, P_32.1)
(P_4.0, P_23.1, P_32.1, P_33.1, P_22.0, P_9.1, P_24.0, P_16.1, P_27.0, P_7.0, P_14.1, P_30.1, P_19.0, P_3.1, P_13.0, P_11.1, P_6.0)
(P_3.1, P_15.0, P_29.0)
(P_33.0, P_26.1, P_27.1, P_14.1, P_17.1, P_12.0, P_11.0, P_10.1, P_7.1, P_32.0, P_1.0, P_15.1, P_21.1, P_28.0, P_16.1, P_9.1, P_34.0, P_6.1, P_2.1, P_23.1, P_8.0, P_25.0, P_20.0, P_24.0, P_4.0)
(P_5.1, P_6.1, P_32.1, P_4.0, P_24.1, P_15.1, P_17.1, P_30.0, P_12.1, P_8.0, P_11.1, P_29.0, P_26.0, P_18.1, P_21.0, P_20.0, P_23.0, P_35.0, P_10.1, P_27.1, P_3.1, P_33.1, P_13.0, P_34.0)
(P_17.1, P_24.0, P_14.1, P_35.1, P_11.1, P_19.1, P_5.0, P_13.0, P_23.1, P_28.0)
(P_23.1, P_24.1, P_22.1, P_33.1, P_26.1, P_29.0, P_15.1, P_10.0, P_35.1, P_3.1, P_18.1, P_32.1, P_14.1, P_34.0, P_25.0)
(P_4.0, P_3.1, P_34.1, P_2.1, P_7.1, P_9.0, P_26.1)
(P_12.1, P_1.0, P_4.1, P_25.1, P_14.0, P_22.0, P_18.0, P_5.0, P_2.0, P_24.1, P_11.1, P_6.0, P_13.0, P_8.1, P_15.0, P_35.1, P_33.0, P_9.0, P_32.1, P_17.0, P_3.1, P_23.1, P_30.1, P_27.0, P_19.1, P_10.1, P_29.1, P_7.1, P_28.0, P_16.1, P_20.0, P_31.1, P_26.0, P_34.1)
(P_34.0, P_33.1, P_1.0, P_10.0)

 ----------original covering array: 
0	0	0	0	0	0	0	0	0	0	0	0	0	0	0	0	0	0	0	0	0	0	0	0	0	0	0	0	0	0	0	0	0	0	0	
1	1	1	1	1	1	1	1	1	1	1	1	1	1	1	1	1	1	1	1	1	1	1	1	1	1	1	1	1	1	1	1	1	1	1	
0	0	0	0	0	0	0	0	0	0	0	0	0	0	0	0	0	0	1	1	1	1	1	1	1	1	1	1	1	1	1	1	1	1	1	
0	1	0	0	0	0	0	0	1	1	1	0	1	0	0	0	1	1	1	0	1	1	0	0	1	1	1	1	0	1	0	0	0	0	0	
0	1	1	0	0	1	0	0	1	1	1	0	0	0	0	1	1	0	1	1	0	0	0	1	1	1	0	1	1	0	0	1	1	0	0	
0	0	0	1	0	0	1	1	0	0	0	0	1	1	0	1	1	0	1	1	0	1	0	1	0	1	0	0	1	1	1	0	0	0	0	
1	1	0	1	0	0	0	0	1	0	1	0	0	1	1	1	0	0	1	1	0	1	1	0	0	1	0	1	1	0	0	0	1	1	0	
1	1	1	0	0	0	1	0	0	1	1	0	1	0	0	0	1	1	0	1	1	0	1	1	0	0	0	0	1	0	1	0	0	1	0	
0	0	1	0	1	1	1	0	1	0	1	0	0	1	0	0	0	0	1	0	1	1	0	1	1	1	0	1	0	1	1	0	0	0	1	
0	0	0	1	1	1	0	1	1	0	0	1	0	1	1	1	0	0	1	0	0	1	0	0	1	1	1	1	0	1	0	1	1	0	1	
1	0	1	1	1	1	1	1	0	0	1	0	1	0	0	0	0	1	1	1	1	1	0	1	0	1	0	0	1	1	0	1	0	1	1	
1	1	1	0	1	1	0	1	0	1	0	1	1	0	0	1	0	0	0	1	0	1	1	1	1	1	0	0	0	0	1	0	0	1	1	
1	1	0	0	0	0	1	1	0	1	0	0	1	1	1	0	0	1	1	1	0	1	1	1	1	1	1	0	0	1	1	1	1	0	0	
0	0	1	1	0	1	0	1	1	1	0	0	0	0	1	1	0	1	0	0	0	0	1	0	0	1	1	0	0	1	1	1	0	1	1	
1	0	0	1	1	0	1	1	0	0	0	1	1	1	1	0	0	1	0	0	1	1	1	0	0	0	1	0	0	1	1	0	0	1	1	
0	1	1	1	1	0	0	1	0	0	0	0	0	0	0	0	0	1	0	0	1	0	1	0	1	1	0	1	1	1	0	1	0	1	0	
0	1	1	0	1	1	1	0	1	0	0	1	1	1	0	0	0	1	1	0	0	1	1	1	0	1	0	0	1	1	0	0	1	1	0	
0	1	0	1	1	0	1	0	1	0	0	0	0	0	0	1	1	1	0	1	0	0	0	1	0	1	1	0	1	1	1	1	1	1	1	
0	1	0	1	1	1	0	1	0	0	1	1	1	0	1	0	1	1	1	0	1	0	1	1	0	1	1	0	0	1	0	0	1	0	0	
0	0	1	1	1	1	1	0	1	1	0	0	1	1	0	1	1	1	0	1	1	1	1	1	0	0	1	1	1	0	0	1	1	0	0	
0	1	0	0	0	1	1	0	0	1	1	0	1	1	1	1	0	1	0	0	1	1	1	0	0	1	0	1	0	0	1	1	0	1	1	
1	1	0	0	0	0	0	1	0	0	1	1	0	0	1	0	0	0	1	0	0	0	0	0	1	1	0	0	0	1	1	0	0	1	1	
1	0	1	0	1	0	0	0	1	0	0	1	1	0	1	1	1	1	1	0	0	0	1	0	1	1	0	1	1	1	1	0	0	1	0	
1	0	0	1	0	0	0	1	1	1	1	0	1	1	0	1	1	1	0	0	1	0	1	1	1	1	0	0	1	1	0	1	0	0	0	
1	1	1	0	1	1	1	0	0	1	1	0	0	0	1	0	1	1	0	0	0	1	0	0	0	1	1	0	1	1	0	1	1	0	1	
1	0	1	0	1	0	0	0	0	0	1	1	0	1	0	0	0	1	0	1	0	0	1	1	1	1	1	0	0	0	1	1	0	0	0	
1	1	0	1	0	1	1	1	1	1	1	1	0	0	0	0	0	0	1	0	1	1	1	0	0	1	1	0	1	1	1	0	0	0	0	
1	0	1	1	0	1	1	1	1	1	0	1	0	1	0	0	1	0	0	0	1	1	1	0	1	1	0	0	0	0	0	0	1	1	1	
0	1	0	0	1	0	0	0	0	0	1	0	1	0	1	1	0	1	1	1	0	0	0	1	0	0	1	1	1	1	1	1	0	0	0	
1	0	1	0	0	1	1	1	0	0	1	1	0	1	0	1	1	1	1	0	0	1	0	1	1	1	1	1	1	0	0	1	0	1	0	
1	1	1	0	1	1	0	1	1	0	0	0	0	1	1	1	1	0	1	0	1	0	1	1	0	1	0	1	0	1	1	1	0	0	0	
0	0	0	1	0	0	1	0	1	1	1	1	1	0	0	0	0	1	0	1	0	1	0	0	1	0	1	0	1	0	0	0	1	1	1	
1	1	0	0	1	0	0	0	0	1	1	1	1	1	0	1	0	1	0	1	0	1	0	0	0	1	0	1	0	1	0	0	1	0	1	
1	0	1	1	0	0	0	0	1	0	0	1	1	1	1	0	1	1	1	1	0	1	0	0	0	1	1	0	0	0	0	1	0	1	0	
0	0	1	1	1	0	1	1	0	1	1	1	0	0	1	1	0	1	1	1	1	0	0	1	1	1	1	1	0	0	0	0	1	0	1	
1	1	0	1	1	1	1	0	1	0	1	0	0	0	1	0	0	0	0	0	0	0	0	1	1	1	0	0	0	0	1	1	1	0	0	
0	1	0	1	0	0	1	0	0	1	0	1	0	1	0	0	1	1	1	0	0	0	1	1	0	1	0	0	0	0	0	1	0	0	1	
0	0	1	1	1	0	0	1	0	1	1	0	1	0	0	0	1	0	1	0	0	1	1	0	0	1	0	1	1	0	1	0	1	0	1	
1	0	0	1	0	1	1	0	0	1	0	0	1	0	1	0	0	0	0	1	1	0	0	1	1	1	0	1	1	0	0	0	0	1	0	
1	0	0	1	1	0	0	1	1	1	0	1	0	1	0	0	1	1	0	1	1	0	1	1	0	1	0	1	1	0	1	0	1	0	1	
0	0	0	0	1	0	1	1	1	1	1	1	0	0	1	0	1	0	0	1	0	1	1	1	0	0	0	1	0	1	0	1	0	1	0	
0	0	0	0	0	1	1	1	0	0	0	1	0	1	1	0	1	1	1	1	0	0	1	0	1	0	0	1	1	1	1	0	1	0	1	
0	0	0	0	1	0	1	1	0	1	1	0	0	1	0	1	1	1	1	0	1	0	0	0	0	0	1	0	0	0	1	0	0	1	0	
1	0	0	0	1	1	0	1	1	1	0	0	1	1	0	0	0	1	0	0	0	0	0	1	1	0	1	1	0	1	0	0	1	1	0	
1	1	0	0	1	0	1	0	0	0	1	1	1	1	0	0	1	0	1	1	1	1	0	1	1	0	0	1	1	0	0	0	1	0	0	
0	1	1	0	1	0	0	1	1	0	1	1	0	1	0	1	1	1	1	0	0	1	1	0	0	0	1	0	0	1	1	1	1	0	1	
1	0	1	1	1	0	1	0	0	1	0	0	0	1	0	1	0	0	1	0	0	1	1	0	0	0	0	0	0	1	0	1	1	0	0	
1	1	0	1	1	0	1	1	0	0	1	1	1	0	0	1	0	0	0	0	0	1	1	0	1	0	1	1	1	0	1	1	0	0	0	
1	1	1	0	0	0	1	1	1	1	1	0	0	1	1	1	0	0	1	1	0	0	1	1	1	0	1	0	1	1	0	0	0	0	1	
0	1	1	1	0	0	1	1	1	0	0	1	1	0	0	1	0	1	0	0	0	1	0	1	1	0	0	1	0	1	0	0	0	0	1	
1	0	1	1	1	1	1	1	0	0	0	1	0	1	1	1	0	0	0	1	0	0	1	1	0	0	0	0	1	0	1	1	1	1	1	
0	0	1	0	0	0	0	1	0	1	0	1	1	1	0	1	1	1	1	1	1	1	1	0	0	0	1	1	1	1	0	0	0	1	1	
1	0	0	0	1	1	1	0	1	0	0	0	0	0	0	1	1	1	0	1	1	1	1	0	1	0	0	0	0	1	1	0	1	0	0	
0	0	1	0	1	0	0	0	1	1	1	1	1	0	1	1	0	1	1	0	1	1	1	1	1	0	0	0	1	0	1	1	1	0	0	
1	0	0	1	1	1	0	0	0	1	1	0	0	1	1	1	0	1	1	0	0	0	1	1	0	0	0	1	1	1	0	0	0	1	1	
1	1	1	0	0	0	0	1	0	1	0	0	0	0	0	0	1	1	1	0	0	1	0	1	0	0	0	1	0	0	1	1	1	1	1	
1	1	1	1	1	0	1	0	1	0	0	0	1	0	1	0	1	0	1	0	0	0	1	1	0	0	1	1	0	0	0	0	0	0	1	
1	1	1	1	1	1	1	1	1	1	1	1	1	1	1	1	1	1	0	0	0	0	0	0	0	0	0	0	0	0	0	0	0	0	0	
1	1	1	1	0	0	1	1	1	0	1	1	0	0	0	1	0	1	1	1	1	0	0	0	0	0	0	1	0	1	1	1	1	1	0	
0	1	0	1	0	1	1	1	1	1	0	0	1	0	1	1	1	0	1	0	1	1	0	0	0	0	0	1	1	1	0	0	1	1	1	
1	1	1	0	1	1	0	0	1	1	1	1	0	0	1	0	0	1	0	0	1	0	1	0	1	0	1	1	0	0	0	1	1	1	1	
1	0	0	0	0	1	0	1	0	0	1	1	1	0	0	1	1	0	0	0	0	0	0	1	0	0	0	0	1	1	0	1	1	0	1	
1	1	0	0	0	1	1	0	1	0	0	1	0	1	1	1	0	1	0	1	1	0	0	1	1	0	1	0	0	1	0	1	0	1	0	
0	1	1	0	1	1	0	1	1	1	0	1	0	1	0	0	0	0	1	1	1	0	0	0	0	0	0	0	1	0	0	1	0	0	0	
0	0	1	0	1	1	1	1	0	1	0	1	1	0	0	0	1	1	0	0	1	0	0	1	1	0	1	0	0	1	1	1	0	0	1	
1	1	0	0	1	1	0	1	1	0	1	0	0	0	0	0	1	1	1	1	0	1	1	0	1	0	1	0	1	0	0	0	0	1	1	
1	0	1	1	1	0	0	1	1	0	0	1	0	0	0	0	1	0	1	1	0	0	0	1	1	0	1	0	1	1	0	0	1	0	0	
1	0	1	0	0	0	1	1	0	0	0	0	0	0	1	0	0	1	0	0	1	1	1	1	0	0	1	1	1	0	0	0	1	0	0	
1	1	0	1	0	0	0	1	0	1	0	1	1	0	1	1	1	1	0	1	0	0	1	0	0	0	1	0	1	0	0	1	1	1	0	
1	0	0	1	1	0	0	1	1	0	1	0	1	1	1	0	1	0	1	0	1	1	0	1	1	0	0	0	0	0	1	1	1	1	1	
0	1	1	1	0	0	0	1	0	1	1	1	1	1	1	0	0	0	1	0	0	0	0	1	0	1	1	1	1	0	0	1	0	1	1	
1	0	0	1	0	0	1	0	0	0	1	0	1	0	1	1	1	1	0	0	0	1	1	1	1	1	1	1	0	1	1	0	1	1	1	
0	1	1	1	0	0	0	1	1	1	1	0	0	1	1	0	0	1	0	0	0	1	0	1	1	0	0	0	1	1	1	0	1	1	0	
0	0	0	1	0	0	1	0	1	0	1	0	0	1	1	0	1	1	1	0	1	0	0	0	0	0	1	1	1	1	0	1	1	0	0	
1	0	1	0	0	0	1	0	1	1	0	0	0	1	0	1	0	0	0	1	0	1	0	0	1	0	0	1	1	0	1	1	0	1	1	
0	1	0	1	1	1	1	1	0	0	1	0	1	1	0	0	0	1	1	1	0	0	1	0	1	0	0	1	0	0	0	1	1	1	0	
0	1	1	0	0	0	1	1	1	0	0	1	1	0	0	0	1	0	0	1	1	1	0	0	1	1	1	0	0	0	1	1	1	0	0	
0	1	0	1	0	1	1	1	0	1	1	0	0	1	0	0	0	0	0	1	1	1	0	1	0	0	1	0	0	0	0	1	1	0	1	
0	1	0	0	0	1	0	1	1	0	0	0	1	0	1	1	0	1	1	1	1	1	1	1	0	0	0	0	0	0	0	1	0	0	1	
1	1	0	0	1	0	1	0	1	1	0	1	1	1	0	0	0	0	1	0	1	0	0	1	0	0	1	1	1	1	1	1	0	1	1	
0	1	0	0	0	0	0	0	1	1	0	1	0	1	1	1	1	0	0	0	0	0	1	0	1	0	1	1	0	0	1	0	1	0	0	
0	0	1	1	0	1	1	1	1	0	0	0	0	0	1	0	1	0	1	0	1	0	1	1	1	0	1	0	1	0	1	1	0	1	0	
0	1	0	1	1	0	0	0	1	1	0	0	1	0	1	0	0	0	0	1	1	0	1	0	0	0	0	0	0	1	1	0	1	0	1	
1	0	0	0	1	1	0	0	0	1	1	0	0	1	1	0	1	0	1	1	1	0	1	0	0	1	1	0	1	0	1	1	1	1	0	
0	1	1	1	1	0	0	0	0	0	1	0	0	1	0	1	1	0	0	1	1	1	1	1	1	0	1	0	0	1	0	0	0	1	1	
0	1	1	0	1	1	1	0	0	0	0	1	0	0	1	0	0	0	1	1	0	1	0	0	0	0	1	1	0	0	1	0	1	1	1	
1	1	0	0	0	1	0	0	1	0	0	0	1	1	0	0	1	0	0	0	0	1	1	0	0	0	0	0	1	1	1	1	0	1	0	
0	1	1	1	1	1	0	1	0	1	0	0	1	1	1	0	1	0	0	1	0	1	0	0	1	0	1	1	1	1	1	1	0	0	0	
1	0	0	0	0	1	1	1	1	1	0	1	1	0	1	0	0	1	1	0	0	0	0	0	0	1	0	1	1	0	1	1	1	0	0	
1	1	0	0	1	0	1	1	1	0	0	0	0	1	1	1	1	1	0	0	1	1	0	0	1	1	0	1	1	0	0	1	0	0	1	
1	0	0	0	0	0	1	0	1	0	1	1	0	0	0	1	0	1	1	0	1	0	1	1	0	1	0	0	0	0	0	0	1	1	1	
1	0	1	1	0	1	1	0	1	1	1	0	1	0	0	0	1	1	1	1	0	0	1	0	1	0	0	1	0	1	1	1	0	0	1	
1	1	1	1	0	1	0	0	0	0	0	0	1	1	0	1	0	1	1	0	1	0	0	0	1	1	1	0	1	0	1	0	1	0	1	
1	0	1	1	1	0	1	0	0	1	1	1	0	1	0	0	1	0	0	0	0	0	0	0	1	1	1	1	1	1	1	0	1	1	0	
1	0	1	0	0	1	0	1	0	1	1	1	1	1	1	0	0	0	1	0	1	1	1	0	1	0	0	1	0	0	0	0	0	0	0	
1	0	0	0	1	1	1	0	0	0	0	1	1	0	0	1	1	0	1	1	1	0	1	0	0	1	1	1	0	0	0	1	0	0	1	
0	0	1	0	1	0	1	1	1	0	1	0	1	1	1	0	0	1	0	1	0	0	0	0	0	1	0	0	1	0	1	0	0	0	1	
1	0	0	1	0	0	0	1	0	1	1	0	0	0	1	1	1	0	0	1	1	0	0	0	1	0	1	1	0	0	1	1	0	0	1	
0	0	1	1	1	1	0	0	1	0	1	1	0	0	0	1	1	0	0	0	1	0	0	0	0	0	0	1	1	0	0	0	0	1	1	
1	1	0	1	0	1	1	1	0	0	0	0	0	1	0	0	1	0	0	1	0	0	0	0	0	1	1	1	0	1	0	0	0	1	1	
0	1	1	0	0	1	1	0	0	1	0	1	0	0	0	1	0	1	0	1	0	0	1	0	0	1	1	1	1	1	0	0	0	0	0	
1	1	1	1	0	1	0	0	0	0	1	1	0	1	1	0	1	1	0	1	1	1	0	1	0	0	0	1	0	1	1	0	0	0	0	
1	0	0	0	0	1	1	0	1	1	1	1	1	1	1	1	1	0	1	1	0	1	0	1	0	0	1	0	0	0	1	0	1	0	1	
0	0	0	0	1	0	1	1	1	1	0	0	1	0	0	1	0	0	1	0	0	0	1	0	1	1	1	0	1	0	0	1	1	1	1	
1	0	1	0	1	1	0	1	1	0	1	0	1	0	1	1	0	0	0	1	1	1	0	0	0	0	1	1	1	1	1	0	1	1	0	
0	0	1	0	0	1	0	0	1	1	0	0	0	1	1	0	1	1	1	1	1	0	0	1	0	1	0	0	0	1	0	0	1	1	1	
0	0	1	1	0	0	1	0	0	1	0	1	1	1	1	1	0	0	0	0	1	0	0	1	0	1	0	1	0	1	1	1	1	0	0	
0	1	0	1	1	1	1	0	0	1	0	1	0	0	1	1	1	1	1	0	0	1	0	1	1	0	0	0	1	0	1	0	0	1	0	
1	1	1	1	0	1	0	0	1	0	0	1	1	0	1	0	0	0	0	1	0	1	1	1	1	1	0	1	1	1	0	1	1	0	1	
0	0	0	1	0	1	0	0	1	0	1	1	0	1	0	0	0	1	0	0	0	1	1	1	0	0	1	1	1	0	1	1	0	0	1	
1	0	0	1	1	0	0	0	0	1	0	1	0	0	1	0	0	1	1	1	1	1	0	0	1	0	0	0	1	1	0	1	0	0	1	
0	1	1	0	0	1	1	1	1	0	1	0	1	1	0	1	1	0	0	0	0	0	1	1	0	1	1	1	0	0	1	0	1	1	0	
0	0	0	1	0	0	0	1	1	0	0	1	1	1	0	1	0	0	1	1	1	0	1	1	1	0	0	1	0	0	1	0	0	1	0	
1	1	0	1	0	1	0	0	0	1	0	1	0	0	0	1	1	0	1	0	1	1	1	1	1	0	1	1	0	1	0	1	1	1	0	
0	1	1	1	0	0	1	0	0	0	1	1	0	0	1	1	1	0	1	1	1	1	1	0	0	1	0	0	1	0	1	1	0	0	1	
0	0	0	1	1	1	1	0	1	0	1	1	1	1	1	1	0	0	0	1	1	0	1	0	1	1	1	0	1	1	0	0	0	0	0	
0	0	1	0	0	1	1	0	0	0	1	0	1	0	1	1	0	0	1	0	0	1	0	0	1	0	1	0	0	1	0	1	0	1	0	
0	0	1	1	0	1	0	1	0	0	1	0	0	0	1	1	1	1	0	1	0	1	1	0	1	1	0	0	0	0	0	0	1	0	0	
0	0	1	0	1	0	0	0	0	0	0	0	1	1	1	1	1	1	0	1	0	0	0	1	1	0	0	1	0	0	0	1	1	1	1	
0	0	1	1	0	1	0	0	0	1	1	1	1	0	0	0	0	0	1	1	0	0	1	1	0	0	1	0	0	1	1	0	1	1	0	
0	1	1	1	1	0	1	0	1	1	0	0	0	1	1	0	0	1	1	1	1	1	1	0	1	1	1	1	0	0	1	0	0	1	0	
1	0	1	0	0	0	0	1	1	0	1	0	1	1	0	0	0	0	0	1	1	0	1	0	0	1	1	1	0	1	0	1	1	0	1	
0	0	0	0	1	1	0	0	0	1	0	0	1	1	1	0	1	0	0	0	0	1	1	1	1	1	1	0	1	0	0	0	0	0	1	
1	0	1	0	0	0	0	0	1	1	0	1	0	0	1	1	1	0	0	0	1	1	0	1	0	1	1	0	1	1	1	0	0	0	1	
0	1	1	0	0	0	1	0	0	0	1	1	1	1	1	0	1	0	0	0	1	0	1	0	1	0	0	0	1	1	0	1	1	1	1	
1	1	1	0	1	0	1	1	0	1	0	0	1	0	1	1	1	0	1	1	1	0	0	0	1	1	0	0	0	1	0	0	1	1	0	
0	1	0	0	1	0	0	1	0	0	0	1	0	1	1	1	0	0	0	0	1	1	0	1	0	1	1	0	1	0	0	0	1	1	0	
1	0	0	1	1	1	0	1	1	1	0	0	0	0	0	1	0	1	1	1	0	1	0	1	0	1	1	1	0	0	1	0	0	0	0	
1	1	1	1	1	0	0	0	1	1	1	0	1	0	0	1	0	0	0	0	1	1	0	1	0	1	1	0	0	0	0	1	0	1	0	
0	1	0	0	0	1	0	1	1	0	1	1	1	0	1	0	1	1	0	1	1	0	0	1	1	1	1	1	1	0	1	0	0	1	1	
0	0	0	1	1	1	0	0	0	0	0	1	1	0	0	0	1	1	0	0	1	1	0	0	0	1	0	1	0	0	1	1	1	1	0	
0	0	0	0	0	1	0	1	0	1	1	1	0	1	0	1	0	1	0	1	1	1	0	0	1	1	0	0	1	1	1	1	1	1	0	
0	1	0	0	1	1	1	1	0	1	1	0	0	0	0	1	0	0	0	0	1	0	1	1	1	0	0	1	1	1	1	0	1	0	1	
0	1	0	1	1	1	0	0	1	1	1	1	1	1	0	1	1	0	1	1	0	0	0	0	1	1	0	0	0	1	1	1	0	1	1	

invalid rows: 
4	9	10	12	15	17	19	26	27	28	32	38	41	42	45	46	47	50	56	59	65	66	68	73	74	77	85	86	92	95	99	102	106	112	118	120	121	122	123	124	126	129	

 ----------pgm covering array: 
0	0	0	0	0	0	0	0	0	0	0	0	0	0	0	0	0	0	0	0	0	0	0	0	0	0	0	0	0	0	0	0	0	0	0	
1	1	1	1	1	1	1	1	1	1	1	1	1	1	1	1	1	1	1	1	1	1	1	1	1	1	1	1	1	1	1	1	1	1	1	
1	1	0	1	1	0	1	0	0	0	0	0	1	1	0	0	0	1	0	1	1	1	1	0	1	0	0	0	1	1	1	0	0	0	1	
0	1	0	0	0	1	0	0	0	0	1	1	1	1	0	0	0	1	0	0	0	1	0	1	0	1	1	0	1	1	0	0	1	0	1	
1	0	0	1	1	0	0	1	0	1	1	0	1	0	0	0	0	0	1	0	0	1	1	1	1	1	1	0	1	0	0	0	1	0	1	
1	1	0	0	1	1	0	1	1	0	1	0	1	1	1	0	1	0	0	0	1	0	0	0	1	0	0	0	1	0	0	0	0	1	0	
1	0	1	0	1	0	1	1	0	0	0	0	1	1	0	1	1	0	0	1	0	0	1	1	0	1	0	0	1	0	0	0	1	1	1	
1	0	1	0	1	1	1	0	1	0	1	1	0	0	0	0	0	1	1	1	1	0	0	0	1	1	1	0	0	0	0	0	1	0	0	
0	1	0	0	0	0	0	0	1	1	0	0	1	1	0	0	1	1	1	0	1	1	0	1	1	0	0	0	1	0	1	1	1	0	1	
0	1	0	1	0	0	0	1	0	1	0	0	1	1	1	1	1	0	0	0	0	1	1	1	0	0	0	1	1	1	1	1	0	1	1	
1	1	1	1	1	1	1	0	1	1	0	1	1	1	1	0	0	1	1	0	0	0	0	0	1	0	0	0	1	0	1	1	1	1	0	
1	0	1	0	0	1	1	1	0	1	0	0	0	1	1	0	0	0	1	1	1	1	0	0	1	1	1	1	1	0	1	1	0	0	0	
1	1	1	1	0	1	0	0	1	0	0	1	1	1	1	1	1	0	0	1	1	1	1	0	1	1	1	0	1	1	0	0	0	0	0	
0	1	0	1	0	0	1	1	0	1	0	1	0	0	1	1	0	0	1	1	1	0	0	1	0	0	1	0	1	1	1	0	0	1	0	
0	1	1	0	0	1	1	0	1	0	0	1	0	1	1	1	1	1	0	1	1	0	0	0	0	0	0	1	0	1	1	1	0	1	0	
0	1	0	1	1	0	1	0	0	0	0	1	0	0	1	0	0	1	1	1	0	1	0	0	0	1	0	0	1	0	0	1	0	1	1	
0	1	0	0	1	1	1	0	1	1	0	1	1	1	0	0	1	0	1	1	0	0	1	1	1	1	0	1	1	0	0	1	0	0	0	
1	1	0	1	1	0	1	1	1	0	1	1	0	0	0	0	0	0	0	0	1	0	1	1	1	1	0	0	1	1	1	1	0	1	0	
0	1	0	0	0	1	0	0	0	1	1	1	1	0	1	1	0	1	0	1	0	0	1	0	1	1	0	1	1	1	0	1	1	1	0	
1	0	0	1	1	1	0	1	1	1	1	1	0	1	0	0	1	1	1	1	0	0	1	1	1	0	1	0	0	1	0	1	0	1	1	
0	0	0	1	0	1	1	1	1	1	0	1	0	1	0	1	1	1	0	1	1	0	0	0	0	1	1	0	1	0	1	0	1	0	1	
0	1	1	0	0	0	1	0	0	0	0	0	1	0	1	1	0	0	0	0	1	1	0	0	0	1	0	1	1	0	1	0	1	0	0	
0	1	1	0	1	1	1	1	0	0	1	1	1	0	0	1	0	0	1	1	1	1	0	1	0	0	0	1	1	0	0	1	0	0	1	
0	1	1	1	1	1	0	1	0	0	1	1	0	0	1	0	1	1	0	1	0	1	0	1	1	0	1	0	1	0	0	0	1	1	0	
0	1	1	1	1	0	0	0	1	1	1	1	0	1	0	1	0	0	1	0	0	0	1	0	0	1	1	0	1	1	1	1	1	0	0	
1	0	1	1	0	0	0	0	0	0	0	1	0	0	0	0	1	0	1	1	1	1	0	0	1	0	0	1	1	1	0	1	1	0	0	
0	1	1	0	1	0	0	0	1	1	0	0	1	1	1	0	0	1	0	1	1	0	0	1	0	1	1	1	1	1	0	0	1	1	0	
0	0	1	0	0	0	1	0	1	1	1	0	0	1	1	0	1	1	1	1	0	1	1	1	0	0	1	1	1	0	1	0	0	1	0	
1	1	0	1	1	1	0	1	0	0	0	1	1	0	0	1	0	0	0	0	1	0	0	0	1	1	0	0	0	1	0	1	1	0	1	
0	0	1	1	1	0	1	1	1	1	1	1	1	1	1	0	1	0	1	0	0	1	0	0	1	0	0	1	1	1	0	0	1	0	1	
0	1	1	1	0	0	0	1	0	1	1	0	1	0	1	1	1	1	1	1	1	0	0	1	1	1	0	0	1	0	0	1	0	0	1	
1	0	0	0	1	1	1	0	1	0	0	1	0	1	0	0	0	0	0	0	0	1	1	1	0	0	1	1	0	1	1	0	1	1	0	
1	1	1	0	0	1	0	1	0	0	0	1	0	1	0	0	1	0	0	0	0	0	1	0	0	1	1	1	1	0	1	1	1	0	1	
1	0	1	1	0	1	1	0	0	0	1	1	1	1	0	1	1	0	1	0	0	0	0	1	0	0	0	1	1	1	0	0	0	1	0	
1	0	0	0	0	0	0	1	1	0	0	1	1	0	1	1	0	1	1	0	0	1	1	0	1	0	1	1	1	1	1	1	1	1	1	
0	0	1	1	0	0	0	0	1	1	0	0	0	0	0	1	0	0	0	0	1	1	1	1	1	1	0	0	1	0	0	1	1	1	0	
0	0	0	1	0	0	0	0	1	0	1	1	1	0	0	0	1	0	0	1	0	0	0	0	1	1	1	1	1	0	1	0	0	1	0	
0	0	0	0	1	1	0	0	0	0	1	0	1	1	1	0	0	0	1	1	1	0	1	0	0	0	1	0	1	0	1	1	1	1	1	
1	0	1	0	1	1	1	0	1	1	0	0	0	0	0	1	0	1	0	0	0	1	0	0	1	0	1	0	1	0	0	0	0	1	1	
1	0	1	0	1	0	0	0	0	0	1	1	0	0	1	0	1	1	0	1	1	0	1	1	1	0	1	1	1	0	1	1	0	1	1	
1	1	0	1	0	0	1	0	1	0	1	0	0	1	1	1	0	0	0	1	0	0	0	1	1	0	1	1	0	0	0	1	1	0	1	
1	1	0	0	1	0	0	0	1	1	1	1	1	0	1	1	1	0	0	1	1	1	1	0	0	0	0	1	0	0	1	0	0	0	1	
0	0	0	0	0	0	1	1	1	0	1	1	1	0	1	0	1	1	0	0	1	0	0	0	0	0	1	0	0	1	0	1	1	0	0	
0	1	1	0	0	1	1	0	0	1	0	1	0	0	1	0	1	0	0	0	0	1	1	1	1	0	1	0	0	1	0	1	0	0	1	
1	0	1	0	1	1	0	0	1	0	1	0	1	1	0	0	1	1	0	0	0	1	1	0	1	1	0	1	0	0	0	1	1	0	1	
0	1	0	1	0	0	0	1	0	0	1	1	1	1	1	0	1	0	1	1	1	0	1	1	0	1	0	1	0	1	1	1	1	0	0	
0	1	1	1	0	0	0	1	1	0	0	0	1	1	0	0	1	0	1	1	0	0	1	0	0	0	1	0	0	0	0	1	0	1	0	
0	0	1	1	1	1	0	1	1	0	0	0	0	1	1	0	0	0	0	1	1	1	0	0	0	1	0	1	0	1	0	1	1	1	1	
1	1	1	0	1	0	0	1	1	0	0	0	1	0	1	1	1	0	1	1	0	1	0	1	1	1	1	0	0	1	1	0	1	0	0	
0	1	0	0	0	1	0	1	1	0	0	1	0	1	1	0	0	0	1	0	0	1	0	1	1	1	0	1	0	0	1	0	0	1	1	
1	0	1	1	1	0	1	1	1	1	0	0	0	0	1	1	1	0	1	1	1	0	1	0	1	0	0	1	0	0	1	1	0	1	0	
1	1	0	0	1	1	1	1	0	0	1	1	1	1	1	0	1	1	1	1	0	0	0	0	0	0	1	1	0	1	1	0	0	0	1	
1	1	1	0	0	0	0	1	1	1	1	1	0	1	0	0	0	1	0	1	1	1	1	1	0	0	0	0	0	0	0	1	0	0	0	
0	0	0	1	1	1	0	1	0	0	0	1	1	1	0	1	0	1	1	1	1	1	1	1	1	0	1	1	0	0	0	1	1	0	0	
0	1	1	0	1	0	1	1	0	1	0	1	1	0	0	1	1	0	0	1	0	0	0	0	1	0	1	0	0	0	1	1	1	1	1	
0	0	1	1	0	0	1	0	0	0	1	1	1	1	1	0	0	0	1	0	1	0	1	0	1	1	1	0	0	0	1	0	0	0	1	
0	0	1	0	0	1	0	0	1	0	1	0	1	0	0	1	0	0	1	1	0	0	0	1	1	1	0	0	0	1	1	1	0	1	1	
0	0	1	0	0	1	0	1	1	1	1	1	0	0	1	1	1	0	1	0	0	0	0	1	0	1	1	1	0	0	0	1	1	1	0	
1	1	1	1	0	0	1	1	1	0	0	1	1	0	1	0	0	1	1	0	1	0	1	1	0	1	0	1	0	0	0	0	1	1	1	
0	1	0	0	1	1	1	1	1	1	1	0	1	1	1	1	0	1	0	0	0	0	1	1	0	1	1	0	0	0	1	0	0	1	1	
0	0	1	1	0	0	1	0	0	1	0	1	0	0	0	1	0	1	1	1	0	1	1	1	0	1	1	1	0	1	1	1	1	0	1	
0	1	1	1	1	1	0	1	0	1	1	0	0	0	1	0	0	0	0	0	0	0	1	0	1	0	0	1	0	0	1	0	1	0	0	
1	1	1	1	0	0	1	1	1	1	0	1	0	0	0	1	1	1	0	0	0	1	0	1	1	1	0	1	0	1	0	0	0	0	0	
1	0	0	1	1	0	0	0	0	1	0	0	1	0	1	0	1	1	1	0	0	0	0	1	0	1	1	1	0	0	0	1	0	0	0	
0	1	0	1	0	1	0	0	1	1	1	1	0	0	1	0	0	1	1	0	1	1	0	0	1	0	1	1	0	1	1	1	0	0	0	
1	0	1	0	1	0	1	0	0	1	1	1	1	1	1	0	0	0	0	1	0	1	0	1	0	1	0	0	0	1	1	1	1	0	0	
1	1	1	0	1	0	0	0	0	0	1	0	1	0	1	0	0	0	1	0	0	1	1	1	1	0	0	1	0	1	0	1	0	1	0	
0	0	1	0	1	0	0	0	1	0	0	1	0	1	1	1	0	1	1	1	0	0	1	0	1	0	0	0	0	1	0	0	0	0	1	
1	0	1	1	1	1	1	1	0	0	1	1	0	0	1	1	0	0	0	1	0	0	1	0	0	1	1	1	0	1	0	0	0	1	0	
0	0	1	1	0	1	1	0	0	0	1	0	1	1	1	1	1	1	0	0	1	1	1	1	1	0	0	0	0	0	1	1	1	1	0	
0	0	0	1	1	1	1	0	0	0	0	0	1	0	1	1	1	0	1	0	0	0	0	0	1	1	1	1	1	1	1	0	1	1	1	
0	1	1	0	0	1	1	1	1	0	1	1	0	1	0	1	0	0	0	1	1	1	1	0	1	0	0	0	1	1	1	0	1	1	1	
0	1	0	0	1	0	1	0	0	0	0	1	0	1	1	1	1	0	1	0	1	1	1	1	1	1	1	0	0	0	0	0	1	1	0	
0	1	0	1	1	0	0	0	1	0	1	1	1	0	0	1	1	1	0	0	0	0	1	1	0	0	0	0	0	1	0	0	1	1	1	
1	0	1	1	1	0	1	1	1	0	0	0	0	1	0	0	1	0	1	0	1	1	0	1	0	0	1	0	0	0	1	0	0	0	1	
1	0	0	1	0	1	1	0	1	1	0	1	1	0	1	0	1	0	0	1	0	1	1	0	0	1	0	0	0	0	0	1	1	1	1	
1	0	0	1	0	1	0	0	1	0	1	0	0	1	1	0	0	1	1	0	1	1	1	1	0	1	0	1	1	1	0	0	0	0	0	
1	0	0	1	0	0	0	0	1	1	0	0	0	1	1	0	1	1	0	0	0	0	1	0	1	1	1	0	0	1	1	0	1	1	0	
1	0	0	1	0	1	0	1	0	1	0	1	1	1	1	1	0	1	0	1	0	0	0	1	1	1	0	0	0	0	1	0	0	0	0	
0	1	1	1	1	1	1	0	1	0	0	0	1	0	0	0	1	1	0	0	1	0	0	1	1	1	1	1	0	1	1	1	0	0	1	
0	0	0	0	0	0	0	1	0	0	1	0	0	0	0	1	1	0	0	1	1	1	1	1	0	1	1	1	0	1	0	0	0	0	1	
0	0	0	1	1	0	1	0	1	1	1	0	1	0	1	1	0	1	1	1	1	1	0	1	1	0	0	0	0	1	0	0	0	1	0	
1	1	0	0	0	1	0	0	0	0	0	0	0	0	0	1	0	1	0	1	1	0	1	1	0	1	1	0	0	0	1	1	0	1	0	
1	0	1	1	1	0	1	0	0	1	1	0	1	0	0	1	1	1	0	1	1	0	1	0	0	0	1	0	1	1	0	1	1	0	0	
1	1	0	0	0	0	1	1	0	0	1	0	0	1	0	0	1	1	1	1	0	1	0	0	1	1	0	0	0	1	1	1	1	1	0	
1	0	0	0	0	0	1	0	1	1	0	0	1	1	0	1	0	0	1	0	1	0	1	0	0	1	0	1	0	1	1	1	0	0	1	
0	1	1	1	1	1	1	0	0	1	1	0	0	1	0	0	1	0	0	1	1	0	0	1	0	1	0	0	0	0	0	0	0	0	0	
1	1	0	1	1	1	0	0	0	1	1	0	0	1	1	1	1	0	1	0	1	1	0	0	0	1	1	0	0	1	0	1	0	1	1	
0	0	1	1	1	1	0	0	1	1	0	1	1	0	1	1	0	0	0	0	1	0	1	1	0	0	1	1	1	0	0	0	0	0	1	
0	0	1	1	1	0	0	1	1	0	1	1	0	1	1	1	1	1	0	0	0	1	0	1	0	1	0	0	1	0	1	1	0	0	1	
0	0	1	0	0	0	1	1	1	0	0	1	1	0	0	0	0	1	0	1	0	0	1	1	1	0	0	1	1	0	1	0	1	0	0	
1	1	1	1	0	1	0	0	1	1	1	1	1	0	0	0	0	0	1	1	1	1	0	1	0	0	1	0	0	0	1	0	1	1	1	
0	0	1	0	1	1	0	1	0	1	0	1	1	0	0	0	1	1	1	0	1	1	1	0	0	1	0	0	1	1	1	0	0	1	0	
0	1	1	0	1	0	1	0	1	0	1	0	0	0	0	0	1	0	1	0	1	1	1	0	0	0	1	1	1	1	0	1	1	1	1	
0	0	1	0	0	1	0	0	0	1	0	0	1	1	1	1	1	1	1	1	0	1	0	0	0	0	1	1	0	0	0	0	1	0	1	
1	0	1	1	0	1	0	1	1	1	1	0	1	0	0	0	0	1	0	1	0	0	0	0	0	0	0	1	1	1	1	1	0	0	1	
1	0	0	0	1	1	0	0	1	0	0	1	0	0	1	1	1	0	1	0	1	0	0	1	0	0	0	0	1	0	1	1	1	0	0	
1	0	1	1	0	0	0	1	0	0	1	0	0	0	1	1	0	1	0	0	1	1	0	0	0	0	1	0	0	1	1	0	1	1	1	
0	0	0	0	1	0	1	1	0	1	1	0	0	0	0	0	0	1	1	0	0	0	0	1	0	0	0	1	0	0	1	1	1	1	1	
1	1	1	0	0	0	1	0	1	1	1	0	0	0	1	0	1	0	0	0	0	0	0	0	0	1	0	0	1	1	1	0	0	1	1	
1	1	0	0	1	0	0	1	1	1	0	1	0	0	0	0	0	0	1	1	0	0	0	0	0	1	1	1	1	1	0	0	0	0	1	
1	1	1	0	0	0	0	0	0	1	1	1	0	1	0	1	1	1	1	0	1	0	0	0	1	1	0	1	0	0	0	0	1	1	1	
1	0	1	0	0	1	0	1	1	1	1	0	1	1	0	1	1	0	0	0	1	0	1	1	1	0	1	1	0	1	1	0	1	0	0	
0	0	0	1	1	1	1	1	1	0	0	0	1	0	1	0	0	0	0	1	0	1	1	1	0	0	1	0	1	1	1	1	0	0	0	
1	1	1	0	1	1	1	1	0	1	0	0	0	1	1	1	0	1	1	0	1	0	1	1	0	0	0	0	0	1	0	1	1	0	1	
1	1	0	0	0	0	1	0	0	1	1	1	1	0	0	1	1	1	1	0	0	0	1	1	1	0	1	0	1	0	1	0	0	0	0	
0	1	0	1	0	1	0	1	1	0	0	0	0	0	0	1	1	1	1	0	1	0	1	0	1	0	1	1	1	0	0	0	0	1	1	
0	0	0	0	1	0	1	1	1	1	1	1	1	1	0	1	0	0	0	0	1	1	0	0	1	1	1	1	0	0	0	1	0	1	0	
1	1	1	1	1	1	0	0	0	1	0	0	0	1	0	1	0	0	1	1	0	1	1	1	1	1	0	1	1	0	1	0	0	1	1	
0	0	0	1	1	0	0	0	0	1	0	1	0	1	0	0	1	0	0	1	1	0	0	1	1	0	0	1	0	1	1	0	1	1	1	
1	1	1	1	1	0	0	0	0	0	0	1	1	1	0	1	0	1	0	0	0	1	0	0	0	0	1	1	0	0	1	1	0	1	0	
0	0	0	0	0	1	1	1	1	1	1	0	0	0	1	0	1	0	1	1	1	0	1	1	1	1	0	0	1	1	0	0	1	0	1	
1	0	0	0	0	1	1	1	0	0	0	0	1	0	1	0	1	1	0	1	1	1	0	1	1	0	0	1	0	0	0	0	0	1	1	
0	1	1	1	0	0	1	1	0	1	1	0	1	1	0	0	0	1	0	1	0	1	1	0	1	1	1	1	0	1	0	0	0	1	1	
1	0	0	1	1	0	0	1	1	0	1	0	1	1	0	1	0	1	1	1	1	0	0	0	0	1	0	1	1	0	1	0	1	1	0	
1	1	0	0	1	1	0	1	1	1	0	0	0	0	0	1	1	1	0	1	0	1	0	1	0	0	0	1	1	1	0	1	1	1	0	
0	1	0	1	0	1	1	1	1	1	0	0	1	1	0	1	0	0	1	0	0	1	0	0	0	0	0	0	0	1	0	0	1	0	0	
1	0	0	0	0	0	0	1	0	1	1	1	0	1	1	1	0	0	1	1	0	1	1	0	0	0	0	0	1	0	0	0	1	1	0	
1	0	0	1	0	1	1	1	0	0	1	1	0	0	0	1	1	0	1	0	0	1	1	0	1	0	0	0	0	0	1	1	0	0	1	
1	1	0	0	0	1	1	0	0	1	0	0	1	0	0	0	0	0	1	1	1	0	1	0	1	0	1	1	0	1	0	0	1	1	0	
1	0	0	0	0	0	1	0	1	0	0	1	1	1	0	1	1	1	1	1	1	1	0	1	0	1	1	0	1	1	0	1	0	1	1	
1	1	1	1	0	1	0	0	0	0	0	0	0	0	1	0	1	1	1	1	0	0	1	1	0	0	0	0	1	1	1	0	1	0	1	
0	0	0	0	1	1	0	0	0	1	1	0	0	1	0	1	1	0	0	1	0	1	0	0	1	0	1	0	1	1	1	1	0	0	0	
0	1	1	0	1	0	0	1	0	0	1	0	0	1	0	1	0	1	1	0	1	0	0	1	1	0	1	1	1	1	1	0	0	0	0	
0	1	0	1	1	1	1	0	1	0	1	0	0	0	0	1	1	1	1	1	0	1	1	0	0	1	0	1	0	0	1	0	1	0	0	
1	1	1	0	0	1	1	1	1	0	1	0	1	0	1	1	0	1	1	0	0	1	1	0	0	1	1	0	1	0	0	1	0	0	0	
0	0	0	0	1	0	1	1	0	0	0	0	0	1	1	1	1	1	0	0	0	0	1	0	1	1	0	1	1	1	0	1	0	0	0	
1	0	1	0	0	0	0	1	0	1	0	1	1	1	1	0	0	0	0	0	1	0	0	1	1	0	1	0	1	1	0	1	0	1	1	
0	0	1	1	0	1	1	1	0	0	0	0	0	1	0	0	0	1	1	0	0	0	0	1	1	1	1	0	1	1	0	1	1	1	0	
1	0	0	0	1	1	1	0	0	1	1	1	0	0	1	1	0	1	0	0	1	1	0	1	1	1	0	1	1	1	1	0	1	0	1	
0	0	0	1	0	1	1	0	0	1	1	1	0	1	0	0	0	1	0	0	1	0	1	0	0	0	0	1	1	0	0	1	0	1	1	
1	1	0	1	1	0	1	1	0	1	0	1	0	1	1	0	1	1	0	0	1	1	1	0	0	0	1	1	1	0	0	0	1	0	0	
0	1	0	0	1	0	0	1	1	1	0	0	0	0	1	0	0	1	0	1	1	1	1	0	1	1	1	0	0	0	1	1	1	0	1	
1	1	0	1	0	1	1	1	0	1	1	0	1	0	0	0	1	0	0	0	1	1	0	1	0	1	1	1	1	0	1	1	1	1	0	

invalid rows: 
3	4	5	24	28	30	32	50	75	77	92	93	113	114	132	68	89	22	43	46	54	91	125	8	45	47	53	55	57	61	63	80	87	102	103	111	

 ----------random covering array (last execution): 
0	0	0	0	0	0	0	0	0	0	0	0	0	0	0	0	0	0	0	0	0	0	0	0	0	0	0	0	0	0	0	0	0	0	0	
1	1	1	1	1	1	1	1	1	1	1	1	1	1	1	1	1	1	1	1	1	1	1	1	1	1	1	1	1	1	1	1	1	1	1	
0	1	0	1	1	1	1	0	0	1	0	0	1	0	1	1	1	0	0	0	0	1	0	1	0	0	1	1	0	0	1	0	1	0	1	
1	0	0	0	1	0	0	1	0	1	0	0	1	1	1	1	0	0	1	0	0	1	0	1	0	1	0	0	1	0	1	0	0	1	0	
1	0	0	1	0	1	0	1	0	0	1	0	0	1	1	1	1	0	1	0	1	1	1	1	0	1	0	0	0	0	0	0	1	0	1	
1	0	1	0	1	0	0	0	0	1	0	1	0	0	1	0	1	1	0	0	0	1	1	0	1	0	0	1	1	0	0	0	1	0	1	
0	1	1	1	0	0	1	1	1	1	0	0	0	0	1	0	1	0	1	0	0	1	1	1	1	1	0	0	0	1	0	0	1	0	0	
1	1	0	0	0	0	1	1	1	0	1	1	0	1	0	0	1	0	1	0	0	0	0	0	0	0	0	1	1	0	1	0	1	1	1	
0	0	1	0	1	0	0	1	0	1	1	1	0	0	1	1	0	0	0	0	1	1	0	1	0	1	1	1	0	0	1	1	0	0	1	
0	0	1	1	1	1	0	0	0	1	0	0	1	0	1	1	0	1	0	1	1	1	1	1	1	1	1	0	0	1	0	1	0	0	0	
0	1	0	0	1	1	0	1	1	1	1	1	0	0	1	0	1	1	0	0	1	1	0	0	1	0	1	0	1	0	1	1	1	1	1	
0	1	0	0	0	0	1	0	1	1	1	0	0	1	1	1	1	1	1	1	1	0	1	0	0	0	1	1	1	0	0	1	0	0	1	
0	0	1	1	1	1	1	0	1	1	0	1	1	1	1	1	1	1	1	0	0	1	0	0	0	0	0	1	1	1	0	0	0	1	1	
0	1	0	0	1	1	1	0	0	0	1	0	1	1	1	0	0	1	0	0	1	0	1	0	1	1	1	1	0	1	0	0	0	1	0	
0	1	1	0	1	0	1	0	1	1	0	1	1	0	0	0	0	1	0	1	0	0	0	0	1	0	1	1	1	1	1	1	0	1	0	
0	1	0	0	1	1	1	0	0	0	1	0	0	0	1	1	0	1	1	0	0	0	0	1	1	0	0	0	0	0	1	1	1	1	0	
0	1	1	1	1	0	1	0	0	1	1	1	0	0	1	0	0	0	1	1	1	1	0	0	0	1	0	0	1	0	0	1	1	1	1	
1	1	0	1	1	1	0	0	0	0	0	1	1	0	1	0	1	0	1	0	0	0	1	0	1	1	1	1	0	0	0	1	1	1	1	
1	0	0	1	1	0	1	1	0	0	0	0	1	0	1	0	0	1	1	1	1	1	0	0	1	0	0	0	1	1	1	1	0	1	1	
1	0	1	1	0	1	1	0	0	1	1	1	1	1	0	0	1	0	0	0	1	0	1	1	1	1	0	0	1	0	1	1	1	1	1	
0	1	1	0	0	1	1	1	0	1	0	1	0	1	1	0	0	0	1	0	1	0	1	1	0	0	1	1	1	1	1	0	0	1	0	
0	1	0	0	1	0	0	1	1	0	0	0	0	0	1	1	0	1	1	1	0	1	0	0	0	0	1	1	0	1	0	0	0	0	0	
1	1	0	0	1	0	1	0	1	0	1	0	0	0	1	1	0	0	0	1	0	1	1	1	0	1	0	1	1	1	0	1	1	1	0	
1	0	1	0	1	1	1	1	1	0	0	0	0	1	1	1	0	1	0	0	0	0	1	0	1	1	0	0	1	0	1	0	1	1	1	
1	0	0	1	1	1	0	1	1	1	1	1	1	1	1	0	0	0	1	0	1	0	0	0	0	0	1	0	0	1	0	1	1	1	0	
0	0	1	0	0	1	1	1	1	0	1	0	1	0	1	1	1	0	0	1	0	0	0	0	0	0	0	1	0	0	0	1	0	1	1	
0	0	0	0	1	0	1	1	1	1	0	1	1	1	1	0	0	1	1	1	1	1	0	0	1	1	0	1	0	0	1	0	1	0	0	
1	1	1	1	0	0	1	0	1	1	1	1	0	1	1	1	0	1	0	1	1	0	0	0	1	1	1	0	0	0	1	0	0	0	0	
0	0	0	0	1	1	0	1	0	0	0	0	1	0	0	0	1	0	1	0	0	1	1	1	0	0	0	1	1	1	0	1	1	1	1	
1	1	1	0	0	1	0	1	1	1	1	1	1	0	1	1	0	1	0	1	1	1	1	1	0	0	0	0	0	0	0	0	1	1	1	
1	0	1	0	1	1	1	0	1	0	1	0	0	0	1	0	0	1	1	0	1	1	1	1	0	1	0	1	0	1	1	1	0	0	1	
0	1	0	1	0	0	0	1	0	1	0	1	1	1	0	1	1	0	0	1	0	0	0	0	1	1	1	0	1	0	0	0	1	1	0	
0	0	1	1	1	0	0	1	1	1	0	0	0	1	1	0	1	0	1	1	0	0	1	1	0	0	1	0	1	0	0	1	0	1	0	
1	1	1	0	0	1	0	0	1	1	1	0	1	0	1	0	1	0	0	1	0	1	0	0	1	1	0	0	1	1	0	0	0	1	0	
0	0	0	1	0	0	0	1	0	0	1	1	1	1	1	1	1	1	0	1	0	1	1	1	1	0	1	0	0	1	1	1	0	1	1	
0	0	0	1	0	1	0	1	1	0	0	1	0	0	1	1	0	0	1	0	1	0	0	0	1	1	0	1	0	1	0	1	0	0	1	
1	0	1	0	0	1	1	0	0	0	0	1	0	1	1	0	0	0	1	1	0	1	0	0	1	0	1	0	0	0	0	0	0	1	1	
1	0	0	1	0	0	1	1	0	1	1	0	0	1	1	0	0	1	0	0	0	1	0	1	1	0	1	1	1	0	0	1	1	0	0	
0	1	0	0	0	0	0	0	1	0	0	1	0	1	1	1	1	0	0	0	1	0	0	1	1	0	0	0	1	1	1	0	1	0	1	
1	0	1	1	0	0	1	0	1	0	0	0	0	1	1	0	1	1	0	1	0	0	0	1	1	1	1	1	0	0	1	1	1	1	1	
1	1	0	0	1	1	1	1	0	1	0	1	0	1	0	0	1	1	0	1	0	0	0	1	0	1	0	0	0	1	0	1	0	0	1	
1	0	1	1	1	0	1	0	0	0	0	1	0	0	0	1	1	1	0	1	1	1	0	1	0	0	1	1	0	1	0	0	1	1	0	
1	1	1	0	0	0	0	1	0	0	0	1	1	1	0	0	0	1	0	0	0	1	1	0	0	0	0	1	0	0	1	1	0	1	0	
0	1	1	1	1	0	0	0	1	0	0	0	1	1	0	1	0	1	0	0	1	0	0	1	0	1	0	0	1	0	0	1	0	1	1	
1	0	1	1	0	0	0	1	1	1	0	1	0	0	0	1	1	0	1	1	0	1	0	1	0	0	0	0	1	0	1	1	1	0	1	
1	0	1	1	1	1	1	1	0	1	1	0	1	0	0	0	0	1	1	1	0	1	1	0	0	1	1	1	0	0	0	1	0	1	0	
0	0	1	1	1	1	1	0	1	1	1	1	0	1	0	0	0	0	0	0	0	1	1	0	1	0	0	0	0	0	0	1	0	0	0	
0	0	0	0	0	1	1	1	1	1	0	1	1	0	0	1	0	1	1	1	0	0	1	1	1	0	0	1	1	0	0	1	1	0	0	
0	0	1	0	1	0	1	1	1	0	1	1	1	1	0	1	1	1	1	0	0	1	1	0	0	1	1	0	0	1	0	0	1	0	1	
0	0	0	0	1	0	0	0	0	1	1	1	0	0	0	1	0	1	1	1	0	0	1	1	1	1	1	0	1	0	0	0	0	1	1	
0	1	1	1	0	1	1	0	1	0	1	1	0	0	0	0	1	1	0	1	1	0	1	0	1	0	1	1	0	1	0	1	1	0	1	
1	1	1	0	1	0	1	0	0	1	1	0	1	1	0	0	1	1	0	1	0	1	1	1	0	0	1	0	1	0	1	0	1	1	0	
1	0	0	1	1	0	1	0	1	1	0	1	0	0	0	1	1	0	0	0	1	0	1	0	0	1	0	1	0	0	1	1	0	1	0	
0	0	0	1	0	1	1	1	0	1	1	0	0	1	0	1	0	0	0	1	0	1	1	0	0	1	0	1	1	1	1	1	1	1	1	
0	1	1	0	1	0	1	1	1	0	0	0	0	1	0	0	0	0	0	0	1	1	1	1	1	0	1	0	0	1	0	1	1	1	1	
1	1	0	1	0	1	0	0	1	1	1	0	0	1	0	0	0	1	1	0	0	1	0	1	0	0	1	1	0	0	0	0	0	1	1	
1	0	0	0	0	0	1	0	1	0	1	1	1	0	0	0	0	0	1	0	0	1	0	1	1	1	1	0	1	1	0	1	0	0	1	
1	0	1	0	0	0	0	1	1	0	1	1	0	1	0	0	0	1	1	1	1	0	1	0	1	1	0	0	1	1	0	1	0	1	0	
0	1	0	1	1	1	0	1	1	0	1	1	0	0	0	0	1	1	1	1	0	1	1	1	1	1	0	1	0	0	1	0	0	1	0	
1	1	0	1	1	0	0	0	0	1	0	1	0	1	0	0	0	1	1	0	1	1	1	1	1	1	1	0	1	1	1	0	1	0	0	
0	1	0	1	0	1	1	1	1	0	1	0	1	1	0	1	0	0	1	1	1	0	0	1	0	1	1	0	0	1	1	1	0	1	0	
1	0	0	1	1	1	0	1	1	0	0	0	0	0	0	0	0	1	0	1	1	0	1	0	0	0	1	0	1	0	0	0	1	0	1	
0	1	1	0	1	1	0	0	1	0	0	1	1	0	0	1	1	0	1	1	1	0	1	0	0	1	0	0	0	1	1	0	0	1	1	
0	0	1	0	0	1	0	0	0	0	1	0	0	1	0	0	1	1	1	1	1	1	0	0	0	1	0	0	0	0	1	1	1	0	0	
1	0	0	0	1	1	0	0	0	0	1	1	1	1	0	1	0	1	0	1	1	0	0	0	0	0	1	1	1	0	1	1	0	1	1	
1	1	0	0	0	0	1	1	1	1	0	0	1	0	0	1	1	1	1	0	1	1	0	0	0	1	1	0	0	0	0	1	1	1	0	
1	0	0	1	1	0	0	0	1	0	1	0	1	0	0	1	1	1	0	1	0	1	0	0	1	1	0	0	0	0	0	1	1	0	1	
0	0	0	1	0	0	1	0	1	1	1	1	1	0	0	0	0	1	0	0	0	0	0	1	0	0	0	0	0	1	1	0	1	1	1	
1	1	0	1	0	1	1	0	1	0	0	0	1	1	0	0	1	1	1	1	0	0	1	0	1	0	0	0	1	1	0	0	1	1	0	
1	1	1	1	0	1	0	1	1	1	0	0	0	0	0	1	0	1	0	0	0	1	0	0	1	1	1	1	1	1	1	1	0	0	1	
0	1	1	0	0	1	0	1	0	0	1	0	1	1	1	0	0	1	1	1	0	1	0	1	1	0	1	0	1	1	0	0	1	0	1	
1	1	0	1	1	0	1	1	1	1	0	1	1	0	1	1	0	0	0	0	0	0	1	1	1	0	1	1	1	1	0	0	0	1	1	
0	1	1	1	1	0	0	1	0	1	1	0	0	1	0	1	0	1	1	0	0	0	0	0	1	1	0	1	0	1	0	0	1	1	1	
1	0	1	1	1	1	0	1	0	0	0	1	1	0	0	0	0	0	0	0	0	1	0	1	1	1	0	0	0	1	1	0	1	1	0	
0	1	1	0	0	1	0	0	1	1	1	1	0	1	0	1	1	0	0	0	0	0	1	1	0	1	1	1	0	0	0	0	1	0	0	
0	1	1	1	0	1	1	1	0	0	0	1	0	0	0	1	1	1	1	0	1	1	0	1	1	0	0	0	1	0	0	1	0	1	0	
1	0	0	1	0	1	0	0	0	1	1	1	1	0	1	1	1	1	1	1	0	0	0	0	0	1	0	1	1	0	1	0	0	0	0	
0	0	1	1	0	1	0	1	0	1	0	1	1	1	0	0	1	1	1	0	1	0	0	0	1	0	1	0	0	0	1	0	0	0	1	
0	0	0	0	0	1	1	0	0	1	0	0	0	0	0	0	1	1	1	0	1	1	1	0	0	1	1	0	1	1	1	0	0	1	1	
0	1	1	0	1	1	0	0	1	0	0	1	1	1	0	0	0	0	1	1	0	1	0	1	0	1	1	1	1	0	1	1	1	0	1	
1	0	1	1	0	0	1	0	0	0	0	0	1	1	0	1	0	0	1	1	0	0	1	1	0	1	0	1	0	1	0	0	0	0	0	
1	1	0	0	0	1	1	0	0	0	1	1	1	0	0	1	0	1	0	0	1	1	0	0	1	1	0	1	0	1	1	0	1	0	1	
0	0	0	1	1	0	1	0	0	0	0	0	0	1	0	0	1	0	1	0	0	0	0	0	1	1	1	1	1	1	1	1	0	0	0	
1	1	1	1	0	1	1	1	1	0	0	0	1	1	1	0	1	0	0	0	1	1	0	0	0	0	0	1	0	1	1	1	1	0	0	
1	1	1	0	1	0	1	1	0	1	1	0	1	0	0	1	1	0	1	0	0	0	1	0	1	0	1	0	0	0	1	1	0	0	1	
0	1	0	1	0	0	0	0	0	1	1	1	1	0	0	0	1	0	1	1	1	1	0	1	0	0	1	1	0	1	0	1	0	0	0	
1	1	1	0	1	1	1	0	1	1	0	0	0	0	0	0	0	0	1	0	1	0	0	0	0	1	0	1	1	0	0	0	1	0	0	
1	0	1	0	1	1	0	0	0	1	1	0	1	1	0	1	1	1	1	0	1	0	0	1	1	0	0	1	1	1	0	1	1	0	0	
0	0	0	1	0	1	0	0	1	0	0	1	0	1	1	0	0	1	0	1	1	1	0	1	0	1	0	1	1	1	0	0	1	1	0	
1	0	1	0	0	1	0	0	1	1	0	1	0	0	1	1	0	1	1	0	0	0	1	1	0	1	1	0	0	1	1	1	1	1	0	
0	1	0	1	0	0	1	1	1	0	0	1	0	0	1	0	0	0	0	1	0	1	1	0	0	1	1	0	0	0	1	0	0	1	1	
1	0	0	0	1	1	1	1	1	0	1	1	0	1	0	1	1	0	0	0	1	1	0	1	1	1	1	1	1	0	0	0	0	1	0	
0	0	1	1	0	0	0	0	1	0	1	0	1	0	1	1	0	0	1	0	1	1	1	0	1	0	1	1	1	0	1	0	1	1	0	
1	1	1	1	1	0	0	1	1	0	1	1	1	1	1	1	0	0	0	1	0	0	0	1	1	0	0	1	0	0	0	1	1	0	0	
0	0	1	0	0	0	1	1	1	1	1	0	0	1	0	1	0	1	0	1	1	1	0	1	0	0	0	0	1	1	1	0	0	0	0	
1	0	0	0	0	1	1	0	1	0	0	1	1	0	1	0	1	0	0	1	1	1	1	1	0	0	1	0	1	0	1	1	0	0	0	
0	0	1	0	0	0	0	1	0	0	1	1	0	0	1	0	1	1	0	0	0	0	0	0	0	1	1	1	1	1	0	1	1	1	0	
1	0	0	0	0	1	0	1	1	0	0	0	1	1	0	1	1	1	0	0	0	0	1	1	1	0	1	1	0	1	1	0	0	0	0	
1	1	0	0	0	0	0	1	0	0	1	0	0	0	0	0	0	0	0	1	1	0	1	1	1	1	1	0	0	0	1	1	1	0	0	
1	1	1	0	1	0	0	0	1	0	0	1	1	0	1	0	1	1	1	0	1	0	0	1	1	0	1	0	0	0	0	0	0	0	0	
0	0	0	0	1	0	1	0	0	0	1	1	1	1	1	0	1	0	1	1	1	0	1	1	0	0	0	0	0	0	0	0	1	1	0	
1	0	1	0	1	0	0	1	1	1	1	0	0	0	0	0	1	0	1	1	1	0	0	1	1	0	0	1	0	1	1	0	0	1	1	
1	0	1	1	0	0	0	1	1	1	0	1	1	1	0	0	1	0	0	1	1	1	1	0	0	1	1	1	1	1	0	0	0	0	1	
0	1	0	1	0	1	1	0	0	0	0	1	1	1	1	1	0	1	0	0	0	1	1	0	0	1	1	0	1	0	0	1	1	0	0	
0	1	0	1	1	0	0	1	1	1	1	0	1	0	0	0	1	1	0	0	1	0	1	1	0	1	0	1	1	1	1	1	1	0	0	
1	1	1	1	1	0	0	0	0	0	1	0	0	1	1	0	1	0	0	0	1	1	0	0	0	1	1	0	0	1	1	0	0	1	1	
0	0	1	1	1	1	0	0	0	0	1	1	0	1	1	0	0	0	0	1	0	0	1	1	1	0	0	1	1	1	1	0	0	0	1	
1	1	0	0	0	0	0	0	0	1	0	1	0	1	0	1	0	0	1	1	1	1	1	0	1	0	0	1	0	1	0	1	1	1	1	
0	0	0	1	1	1	1	0	1	1	1	0	0	0	1	1	1	0	1	1	1	0	0	1	1	1	1	0	1	1	0	0	1	0	1	
0	0	1	0	0	1	1	1	0	1	0	0	1	0	0	0	0	0	0	1	1	0	0	1	1	1	1	1	0	0	0	0	1	1	1	
0	0	0	0	1	1	0	0	1	1	0	0	0	1	0	1	1	0	0	1	0	1	0	0	1	0	1	0	0	1	1	1	1	1	0	
1	1	1	1	0	0	1	1	0	0	1	1	1	0	1	0	0	1	1	0	1	0	1	1	0	1	0	1	1	0	0	0	0	0	1	
0	1	1	0	0	0	1	0	0	0	0	0	0	0	0	1	1	1	0	1	0	1	1	1	1	1	0	1	1	0	1	0	0	0	1	
1	1	0	1	1	1	1	0	1	1	0	0	1	1	0	1	0	0	1	1	1	1	1	1	1	0	0	0	0	0	1	0	0	0	1	
1	0	0	0	0	1	1	1	0	1	1	1	0	0	1	0	1	0	1	1	0	1	1	0	1	0	1	1	0	1	1	0	1	0	0	
0	0	1	0	1	0	1	1	0	0	0	1	1	0	1	1	1	0	0	1	1	0	1	0	1	1	0	0	1	1	1	1	1	0	0	
0	1	0	0	1	1	0	1	0	1	1	1	1	0	0	1	0	0	0	0	1	1	1	0	0	0	0	0	1	1	0	0	0	0	0	
1	0	0	1	0	0	1	1	0	1	1	0	0	0	1	1	1	1	0	0	1	0	1	0	1	0	0	0	0	1	0	0	0	1	0	
1	1	1	1	0	1	0	0	0	0	1	0	0	0	0	1	1	0	0	0	0	0	1	1	0	0	1	0	1	1	0	1	0	1	1	
0	1	0	1	1	0	1	1	0	0	1	0	1	1	0	0	1	0	0	1	1	1	0	0	1	0	0	1	1	0	0	0	0	0	1	
0	1	1	0	0	0	1	0	0	1	1	1	1	1	1	1	1	0	1	0	0	1	0	1	1	1	0	1	0	1	1	1	0	1	0	
0	0	1	1	1	1	1	1	1	0	1	0	1	0	1	0	1	1	0	0	0	0	0	1	0	1	1	0	1	0	1	0	0	0	0	
1	0	1	0	0	0	1	0	0	1	0	0	1	1	1	1	0	0	0	0	1	0	0	0	0	0	1	0	1	1	0	1	1	0	1	
1	0	0	0	1	0	0	0	1	1	1	0	1	1	1	0	0	0	0	1	0	0	1	0	0	1	1	1	0	1	1	0	1	0	1	
1	1	1	1	1	1	1	1	0	0	1	1	0	0	0	1	0	0	1	1	0	0	0	0	0	0	1	0	1	1	1	0	1	0	0	
1	1	0	1	1	0	0	0	1	0	1	1	0	1	1	1	1	1	1	0	0	1	1	0	0	0	0	0	1	1	1	1	0	0	0	
0	1	1	1	0	0	0	0	0	1	0	0	1	0	1	0	0	1	1	1	0	0	1	0	0	0	0	0	0	1	1	1	1	0	1	
0	0	0	0	0	0	0	0	1	1	0	0	1	1	1	0	1	1	0	0	1	1	1	1	1	1	0	1	0	0	0	1	0	1	1	
0	1	0	0	0	1	0	1	1	1	1	0	1	1	1	0	0	0	1	0	0	0	1	0	1	1	0	0	1	0	1	1	0	0	1	
1	1	0	0	0	0	0	1	0	0	0	0	1	0	1	1	1	1	1	1	1	0	0	1	0	1	1	1	1	1	1	0	1	1	1	
1	1	0	1	0	1	0	0	0	1	0	0	0	0	1	0	0	0	0	1	1	0	0	1	1	0	0	1	1	0	1	1	0	1	0	
0	1	1	1	1	1	0	1	0	1	0	0	0	1	1	1	1	1	0	1	1	0	1	0	0	0	0	1	0	0	1	0	1	1	0	
0	0	0	1	1	0	1	1	0	0	0	1	0	1	0	1	0	1	1	0	1	0	1	1	0	0	1	1	0	0	1	1	1	0	1	
1	1	1	0	1	1	0	1	0	0	0	0	0	1	1	1	1	0	1	1	1	1	1	0	1	1	1	1	1	0	0	1	0	0	0	

invalid rows (last execution): 
6	7	27	30	34	37	39	42	43	46	47	49	51	52	55	56	59	60	63	64	71	73	74	75	78	79	80	81	85	89	91	102	103	104	106	110	115	116	120	121	133	
