forbidden tuples: 
(P_5.0, P_15.1, P_14.1, P_4.0, P_7.0)
(P_12.1, P_1.0, P_13.1)
(P_9.1, P_3.0, P_14.0, P_17.0, P_5.1, P_2.0, P_12.1, P_4.1, P_16.1, P_18.0, P_1.0, P_20.0, P_7.0, P_19.0)
(P_14.0, P_6.1, P_8.1, P_13.1, P_19.0, P_20.0, P_3.0, P_2.1, P_18.0, P_4.0, P_10.1, P_11.0, P_7.0)

 ----------Identity covering array: 
1	0	0	0	1	1	0	1	1	1	1	0	0	1	1	1	1	0	1	1	
1	0	1	1	1	0	1	1	1	0	1	0	1	1	1	1	1	0	0	1	
0	0	0	0	0	1	1	0	1	1	0	0	0	0	0	1	0	1	0	0	
0	0	1	0	0	0	0	0	1	1	0	1	1	0	1	1	0	0	1	1	
0	0	1	1	1	1	0	1	0	0	1	0	0	1	0	1	0	0	0	1	
0	1	1	1	1	1	1	1	1	1	0	1	1	0	0	1	0	1	0	0	
0	0	0	1	1	1	0	1	1	1	0	0	0	0	1	1	1	0	0	1	
0	1	1	0	1	0	1	0	0	0	0	0	1	0	1	1	0	1	0	0	
0	1	0	0	1	1	1	1	0	1	1	0	1	1	1	0	0	1	0	0	
1	0	1	1	0	0	1	0	1	1	0	1	0	1	0	1	0	1	1	1	
1	1	1	1	1	1	1	1	1	1	1	0	0	0	1	0	1	1	0	1	
1	1	0	0	1	0	1	1	0	1	1	1	1	0	1	0	0	0	1	1	
0	1	1	1	1	1	1	0	1	0	1	0	1	1	0	0	1	0	0	0	
0	1	1	0	0	1	1	1	1	1	1	0	1	1	1	1	0	0	1	1	
0	0	1	1	0	0	1	0	0	1	0	0	1	1	0	0	0	0	0	1	
1	0	1	0	0	1	0	0	0	0	0	0	1	1	1	1	1	0	1	0	
1	0	1	1	1	1	0	1	1	1	0	0	1	1	0	0	1	0	1	1	
0	1	0	0	0	1	1	0	1	0	0	1	1	1	0	1	1	0	0	0	
1	0	0	0	1	0	1	0	1	0	0	1	0	1	1	1	1	1	0	0	
1	0	0	0	1	1	1	0	1	0	1	0	1	0	1	0	0	0	1	1	
0	0	0	1	1	1	0	0	1	0	1	0	1	0	1	1	1	1	0	0	
0	0	1	0	1	0	1	1	1	1	1	0	1	0	0	0	0	1	1	0	
1	0	1	0	1	1	1	1	1	0	1	1	1	0	0	1	1	0	0	1	
0	1	1	1	0	0	0	1	0	0	0	0	1	1	0	0	0	0	0	1	
0	0	0	1	1	0	0	0	0	1	1	1	0	0	1	0	0	1	0	1	
1	0	1	1	0	0	1	1	1	0	1	1	0	0	1	0	0	0	0	1	
0	1	0	1	0	1	0	0	1	0	0	0	1	0	0	1	0	0	1	1	
0	1	1	0	0	1	0	0	1	1	1	1	0	1	1	1	1	1	0	0	
1	0	0	0	0	0	1	1	1	0	0	1	1	0	0	1	0	1	1	0	
1	0	1	1	1	0	1	0	0	1	0	1	1	0	1	0	1	1	1	0	
1	1	1	0	1	0	1	0	0	0	1	1	0	0	0	0	1	1	0	0	
0	0	1	1	1	0	0	1	1	0	0	0	0	0	0	1	0	0	1	0	
1	1	1	0	1	1	1	1	1	0	0	1	1	1	1	0	0	1	0	1	
0	0	1	1	0	1	1	0	1	1	1	1	0	0	0	0	0	0	0	1	
0	1	1	1	0	1	0	1	1	0	0	0	0	0	0	0	0	1	0	0	
0	0	0	0	0	1	1	1	0	0	0	1	0	1	1	1	0	0	1	1	
1	1	0	1	0	0	1	0	0	1	0	1	0	0	0	1	1	0	0	0	
0	0	1	0	1	0	0	1	0	1	0	1	1	1	1	1	0	1	1	0	
1	0	1	0	1	1	1	0	1	1	0	0	0	1	1	0	0	0	0	0	
0	1	0	0	1	0	1	0	1	1	0	0	1	0	1	1	0	1	1	1	
0	0	0	1	1	1	1	1	0	0	1	0	0	0	0	0	1	0	1	1	
0	1	0	0	1	0	1	1	1	0	1	0	0	1	1	0	1	0	0	1	
1	1	1	1	0	0	1	0	1	0	0	0	0	1	1	0	1	0	0	1	
1	1	0	1	0	1	0	1	1	0	1	0	1	1	1	0	1	1	0	0	
0	1	0	1	0	0	1	0	1	1	1	0	1	0	1	0	0	0	0	0	
1	1	0	1	1	0	0	1	1	1	1	0	1	1	0	1	1	1	1	1	
1	1	0	1	1	0	1	1	0	0	0	0	1	0	0	0	1	1	0	1	
1	0	1	1	1	0	0	0	1	0	0	1	0	1	1	0	0	0	1	0	
1	1	1	0	1	1	0	0	1	1	0	1	0	0	1	0	1	1	1	1	
0	1	1	1	1	0	1	1	0	1	0	0	0	0	1	0	0	0	1	1	
0	0	0	1	1	1	1	0	0	0	0	0	1	1	0	1	1	1	1	0	
0	1	0	0	0	1	0	1	1	1	0	1	1	1	0	1	1	1	1	1	
0	1	0	1	1	1	0	1	0	1	0	0	1	0	1	0	1	1	1	0	
0	0	0	0	0	0	0	1	1	0	1	0	1	0	1	1	0	1	0	1	
1	1	1	1	1	1	1	1	1	1	1	0	0	0	0	0	0	0	1	0	
0	1	1	1	1	0	0	1	0	0	1	1	1	0	1	0	1	0	0	0	
1	0	0	0	0	1	0	1	1	1	0	0	1	1	0	1	1	0	0	0	
1	1	0	0	0	1	1	1	1	0	0	0	0	0	1	1	1	1	1	1	
1	1	0	0	0	0	0	1	0	1	1	0	0	0	0	0	1	1	0	0	
0	0	0	0	0	1	1	1	1	1	1	0	1	0	1	1	1	0	1	0	
0	0	0	1	1	0	0	0	0	0	0	0	1	1	1	0	1	0	0	0	
1	0	1	1	1	0	0	1	1	1	1	1	0	0	0	1	1	1	0	0	
1	0	0	1	1	1	0	0	1	0	0	0	1	1	1	1	0	1	1	1	
0	1	0	1	1	0	1	0	1	1	0	1	0	0	0	0	0	1	1	1	
1	0	0	0	0	0	1	1	0	1	0	0	1	1	1	0	0	1	0	1	
1	1	1	1	1	0	1	0	1	0	0	1	1	0	1	1	0	0	0	1	
0	1	1	1	0	1	0	0	1	1	0	1	1	1	1	0	1	0	1	0	
1	0	1	1	0	1	1	1	1	1	0	1	0	1	1	0	1	1	0	0	
0	1	1	1	1	1	0	1	1	0	0	0	0	1	1	1	1	1	1	0	
0	1	0	0	0	0	0	0	0	1	0	0	0	1	1	1	1	0	1	0	
1	0	0	0	1	0	0	0	0	1	1	1	0	1	0	1	0	0	0	0	
0	1	0	1	0	0	0	0	0	0	0	1	1	1	1	1	1	1	1	0	
0	1	1	0	1	1	0	1	1	0	0	0	1	0	0	0	1	0	0	1	
0	0	1	0	1	0	0	0	1	0	1	0	0	1	0	1	0	1	0	1	
0	1	1	1	1	0	0	1	0	1	0	0	0	0	0	0	1	0	1	0	
1	1	1	1	0	1	0	0	1	1	1	0	0	1	0	1	1	0	1	1	
0	0	1	0	1	1	1	1	1	0	1	1	0	0	1	1	0	1	1	1	
1	1	0	0	0	1	1	1	1	1	0	0	0	1	0	0	1	1	1	0	
1	1	1	0	1	0	0	0	1	1	1	0	1	1	1	0	1	1	1	0	
0	1	1	0	0	1	0	0	0	0	1	0	0	0	1	0	1	0	1	1	
1	1	0	0	0	1	1	0	1	1	1	1	0	1	1	0	0	0	0	1	
0	0	0	0	1	0	0	1	0	0	1	0	0	1	0	1	1	0	1	1	
1	0	1	1	0	0	0	0	0	0	1	0	1	0	0	0	0	1	1	0	
1	0	1	1	1	1	0	0	0	0	1	1	0	1	1	0	1	1	0	1	
1	0	0	1	0	1	1	1	1	1	1	0	1	0	0	1	0	1	0	1	
1	0	0	0	1	0	0	0	0	1	0	0	1	0	0	1	1	1	0	1	
1	1	0	1	0	0	0	0	0	1	1	1	1	1	1	1	0	1	1	1	
0	1	0	0	1	1	1	0	0	0	0	1	0	0	1	1	1	0	1	1	
0	0	0	1	1	0	1	1	0	1	0	0	0	0	1	1	1	1	0	0	
0	0	1	1	1	0	1	0	0	0	1	0	0	1	1	1	1	0	1	0	
1	0	1	1	1	1	0	1	0	1	0	0	0	1	0	0	0	1	1	1	
1	1	0	1	0	1	0	0	0	1	0	0	0	1	1	1	0	1	0	1	
1	0	0	0	0	0	1	0	1	1	0	0	1	0	0	0	1	0	1	1	
0	0	0	1	0	0	1	1	1	0	0	1	0	1	0	1	1	0	1	1	
0	1	1	0	0	0	0	0	1	0	1	0	1	0	0	0	1	0	1	0	
1	1	1	1	1	0	1	0	1	0	1	1	1	0	0	0	1	1	1	1	
0	1	1	1	1	0	0	1	1	1	1	1	1	1	0	0	1	1	0	1	
0	1	1	1	0	0	0	0	0	1	1	1	0	0	0	1	0	1	1	0	
0	1	0	1	0	0	1	1	1	0	0	1	1	1	1	1	0	1	0	1	
0	1	1	0	0	0	1	1	0	1	0	1	0	0	1	0	1	1	0	1	
0	0	0	1	0	1	1	0	1	0	1	0	0	1	1	1	1	0	0	1	
1	1	1	0	0	1	0	1	0	1	0	1	0	1	1	0	0	1	1	0	
1	1	0	0	0	1	1	0	0	0	1	0	1	1	0	1	1	1	0	1	
1	0	1	0	1	0	0	1	0	0	0	0	0	0	1	0	0	0	0	1	
0	0	0	1	0	0	0	0	1	0	1	0	0	1	0	0	0	0	1	1	
1	1	0	0	1	1	0	0	0	0	0	0	0	1	0	0	1	0	0	1	
1	1	0	1	1	1	0	0	1	1	1	1	1	0	0	0	0	1	1	0	
0	1	1	0	0	1	1	1	0	1	0	0	0	0	1	1	0	0	0	0	
0	0	0	1	0	1	1	1	1	1	1	1	1	1	1	0	0	1	1	1	
1	1	0	1	1	0	0	1	0	1	0	1	0	1	1	0	1	0	0	1	
1	0	0	1	0	1	1	1	0	0	0	0	1	0	0	1	0	0	0	0	
1	0	1	1	1	0	0	0	1	1	0	0	1	0	1	0	0	1	0	1	
1	1	0	0	0	0	0	1	1	1	1	0	0	0	0	0	0	0	1	1	
0	1	0	1	1	1	0	1	0	1	1	1	0	1	0	1	1	1	0	0	
0	0	0	0	0	1	0	1	0	0	0	1	1	1	1	0	1	1	0	1	
0	1	1	0	1	0	1	1	1	1	1	1	0	0	1	1	0	0	1	0	
1	0	0	0	1	0	0	1	1	0	0	1	0	1	1	0	1	1	1	1	
0	0	0	0	1	0	1	1	1	1	0	0	1	1	0	1	0	0	0	1	
0	1	1	0	1	0	1	0	0	1	1	1	1	1	1	1	1	0	0	1	
0	1	0	1	0	0	0	1	0	0	1	0	1	0	1	1	0	0	1	0	
0	0	0	0	0	0	1	0	1	0	1	1	1	1	1	0	1	1	1	0	
1	0	0	0	1	1	0	1	0	1	1	0	1	0	1	0	1	0	0	1	
1	1	1	1	1	0	0	0	0	0	0	1	1	1	0	1	1	1	0	0	
0	1	1	1	0	1	1	0	0	1	0	1	1	0	1	0	1	0	0	1	
1	1	0	0	1	0	0	0	1	1	0	1	0	0	0	1	1	0	1	0	
0	0	1	1	1	1	1	0	0	0	1	0	1	0	1	0	0	1	0	1	
0	0	1	0	1	1	1	0	0	1	0	0	0	1	1	0	1	1	1	1	
1	1	1	1	0	0	0	0	1	0	0	0	0	1	0	1	0	0	0	0	
0	0	1	1	0	0	1	0	1	1	1	1	1	0	0	1	1	0	1	0	
1	1	0	1	1	0	0	1	1	0	0	0	1	1	0	0	0	0	1	0	
1	1	1	0	0	1	0	0	0	1	0	0	1	0	0	0	0	1	0	1	
1	1	1	0	0	0	0	0	1	0	0	0	0	1	1	1	0	1	1	1	
0	0	1	1	0	0	0	1	1	1	1	0	0	1	1	0	0	1	0	0	
0	0	1	0	0	1	0	1	1	1	0	0	0	0	0	1	1	1	1	1	
1	1	0	0	1	0	1	1	1	1	1	1	1	0	1	1	1	1	0	0	
0	0	0	0	0	1	0	0	0	1	1	0	1	1	0	0	0	0	1	0	
0	0	0	0	0	0	1	1	0	1	1	1	0	1	0	1	0	1	0	1	
0	0	0	1	0	0	0	1	1	1	0	1	1	0	0	0	1	1	1	0	
0	0	0	0	0	1	1	0	0	1	0	1	1	0	1	1	0	1	0	0	
0	0	0	0	0	0	1	0	0	0	0	0	0	0	0	0	0	1	1	1	
0	1	1	0	1	0	0	0	1	1	1	0	0	0	1	1	1	0	0	1	
1	1	1	1	0	1	0	1	0	0	0	1	0	0	0	0	1	0	1	1	
1	0	1	0	0	1	1	1	0	0	1	0	0	1	0	0	0	0	1	0	
1	0	0	0	1	0	0	1	1	0	1	1	1	1	0	0	0	0	0	0	
1	1	0	1	1	0	1	1	0	0	1	0	0	1	0	1	0	1	0	0	
1	0	1	0	0	0	1	1	0	0	0	1	1	0	1	1	1	0	1	1	
1	1	1	0	0	0	1	1	1	1	0	1	1	1	0	0	0	0	0	0	
1	1	0	1	1	0	0	0	0	0	0	1	1	1	0	1	0	0	1	1	
0	0	0	1	1	1	1	0	0	1	0	1	1	1	1	0	0	0	1	1	
1	1	0	1	1	1	1	1	1	0	1	1	0	1	0	1	1	0	1	0	
1	0	1	0	0	0	0	0	0	1	0	1	0	1	0	0	1	0	1	0	
0	1	0	0	1	1	1	0	1	1	1	0	0	0	0	1	1	1	1	0	
0	1	0	1	0	0	0	1	0	0	1	1	0	1	1	0	0	1	0	1	
0	1	1	0	1	0	1	1	1	0	0	1	0	1	0	0	0	0	1	1	
0	0	1	1	0	1	1	1	1	0	0	0	1	0	1	0	0	0	1	0	
1	0	1	0	0	0	0	0	1	1	1	0	0	1	1	1	1	1	1	1	
0	0	1	0	1	1	0	0	0	0	0	1	1	0	0	0	0	0	1	0	
1	0	0	0	0	1	0	0	0	0	1	1	1	0	0	1	1	0	1	1	
1	1	1	0	0	0	0	1	1	0	1	1	0	1	1	1	1	0	1	0	
0	1	0	0	1	1	0	0	1	0	1	1	1	1	1	1	0	0	0	1	
1	1	0	1	1	1	0	0	1	1	0	1	1	0	0	1	1	1	0	1	
0	0	1	0	0	0	1	0	0	0	1	1	1	1	1	0	0	0	0	0	
0	0	0	1	1	1	0	1	1	0	0	1	0	1	1	1	0	1	0	1	
1	0	0	1	0	1	0	1	1	0	0	1	0	0	0	0	0	1	0	1	
1	1	0	0	0	0	0	0	0	0	0	1	1	0	1	0	0	0	0	0	
1	0	0	0	0	1	0	0	0	0	1	1	0	0	0	1	0	1	0	0	
0	1	0	1	1	1	1	0	1	0	0	1	0	0	1	0	1	0	0	0	
0	0	0	0	0	1	0	0	1	0	0	0	0	0	1	0	0	0	0	0	
1	1	1	0	1	1	0	1	0	0	1	0	0	0	1	1	1	1	0	0	
0	1	1	1	1	1	0	0	0	1	0	0	0	0	0	1	0	1	0	1	
0	1	1	0	0	0	0	0	1	0	1	1	1	0	0	0	0	1	0	1	
1	1	0	0	1	0	1	0	0	1	1	1	0	1	0	0	1	1	1	1	
0	0	1	1	0	1	0	1	1	0	1	1	1	1	0	1	0	1	1	0	
1	1	0	0	0	0	1	0	1	0	1	0	1	1	0	1	0	0	1	0	
0	1	0	1	0	0	0	0	1	1	0	0	0	0	1	0	1	1	1	1	
0	0	0	1	1	0	1	0	0	0	1	1	1	0	0	1	0	0	0	0	
1	0	1	1	0	0	1	0	0	1	1	0	1	1	0	1	1	1	0	0	
1	1	0	0	1	1	1	1	0	0	0	1	0	0	1	1	0	1	0	1	
1	0	0	1	0	0	1	1	1	1	0	0	0	1	1	1	0	0	1	0	
1	1	1	1	0	0	0	1	1	1	0	0	1	0	1	1	1	0	0	0	
1	1	0	1	0	0	1	1	0	1	1	1	1	1	0	0	1	0	1	0	
1	1	1	0	0	1	1	0	0	1	0	1	0	0	0	1	0	0	1	1	
0	1	0	0	1	0	0	1	0	0	0	1	0	0	0	1	0	1	1	0	
0	0	0	1	1	0	1	0	1	1	1	0	0	1	0	0	1	1	0	0	
0	0	1	1	0	0	0	0	0	0	0	1	0	0	1	1	1	1	0	1	
1	1	0	0	1	1	0	1	0	1	0	0	1	0	0	1	0	0	1	0	
0	0	1	1	0	1	1	0	0	1	1	0	0	1	1	1	0	1	1	0	
0	1	1	0	0	1	1	0	0	0	1	1	1	1	0	1	0	0	1	1	
1	0	0	1	0	1	1	0	1	0	0	1	1	1	0	0	0	1	0	1	
0	1	1	1	0	1	1	0	0	0	1	0	0	1	0	0	1	1	1	1	
1	0	1	0	1	1	1	0	1	1	1	1	1	1	0	0	0	1	1	1	
0	0	0	1	1	1	0	0	1	1	0	1	0	1	0	1	0	0	1	0	
1	0	0	1	1	0	1	1	1	0	1	1	0	0	1	0	0	1	1	0	
0	0	1	1	0	1	1	1	1	0	1	0	1	0	0	1	1	1	0	1	
0	1	0	1	0	1	1	0	1	0	1	1	0	0	0	1	1	1	1	1	
0	1	1	1	1	0	0	1	1	0	0	1	1	0	1	0	0	1	1	1	
1	0	1	1	1	0	0	1	0	1	1	1	0	0	0	1	0	0	1	1	
0	0	0	0	1	1	0	0	1	1	0	1	0	0	0	0	1	1	0	1	
0	0	1	1	1	1	0	0	0	1	1	0	1	0	1	1	1	1	1	1	
0	1	1	0	1	0	0	1	0	1	1	1	1	0	0	1	0	0	0	1	
0	1	1	1	1	0	1	0	1	0	1	1	0	1	1	1	0	1	1	0	
1	0	0	1	0	0	0	0	1	1	1	1	1	1	1	1	1	0	0	1	
1	1	0	1	1	0	0	0	0	0	1	0	0	0	1	1	1	0	1	1	
0	0	0	0	0	0	0	1	0	1	1	1	0	0	1	0	1	0	1	0	
0	1	0	1	1	0	0	0	0	1	1	0	1	1	0	0	0	0	1	1	
0	1	0	0	1	0	0	0	1	1	0	0	1	1	0	0	0	1	0	0	
1	1	0	1	1	1	1	0	1	1	0	0	1	1	1	1	1	0	1	1	
1	0	1	1	0	1	0	0	0	1	0	0	0	0	0	0	1	0	0	0	
1	0	1	1	1	1	1	0	0	1	0	1	0	1	0	1	1	0	0	1	
1	0	1	0	0	1	0	1	1	1	1	1	1	0	1	0	0	1	1	1	
1	0	1	1	1	1	1	0	1	0	0	0	0	0	0	1	1	1	1	1	
1	0	1	0	0	1	0	0	1	0	0	0	1	0	0	0	1	1	0	0	
0	0	1	0	1	0	0	0	1	0	0	1	1	1	0	0	1	0	0	1	
0	1	0	0	0	0	0	1	1	0	0	1	0	0	0	1	1	0	0	1	
1	1	1	1	0	0	1	1	0	1	1	0	0	0	1	1	0	1	0	1	
0	1	0	1	0	1	1	1	1	1	0	0	0	1	0	0	0	0	1	1	
1	1	1	1	0	0	1	1	0	1	0	0	1	0	0	1	0	1	1	0	
0	1	0	1	0	1	0	1	1	1	1	1	0	0	1	1	0	0	1	0	
0	0	1	0	1	1	0	1	0	1	1	1	1	0	0	0	1	1	0	0	
0	0	1	1	0	0	0	1	0	0	1	0	1	1	1	0	1	1	1	1	
1	0	1	0	0	0	0	1	0	1	1	0	1	1	0	0	1	0	0	1	
1	0	0	1	1	1	0	1	1	0	0	1	1	0	1	1	1	0	1	0	
1	0	0	1	0	0	0	1	0	0	0	0	0	1	0	1	1	1	1	0	
1	0	1	0	0	0	1	0	0	1	1	0	0	0	1	1	0	0	0	0	
0	0	0	1	1	0	1	1	0	0	1	1	1	0	1	1	1	1	1	1	
0	0	1	0	0	1	1	1	1	1	1	1	0	1	0	0	1	0	0	0	
1	1	1	0	1	0	1	1	0	0	0	0	1	1	1	0	1	0	1	0	
1	0	0	0	1	1	1	1	0	1	0	1	0	0	0	0	0	0	0	0	
1	1	1	1	1	1	0	0	0	1	1	0	1	1	1	0	0	0	0	0	
0	1	1	0	0	1	1	0	0	0	0	1	0	1	0	1	0	1	0	1	
1	1	1	0	1	0	1	1	0	1	0	0	0	1	0	1	1	1	1	1	
1	1	1	1	0	1	0	1	0	0	0	1	1	1	1	1	0	0	0	1	
0	1	0	0	1	1	1	1	1	1	0	1	1	0	1	0	1	0	1	0	
0	1	0	0	0	1	1	1	0	0	1	1	1	0	0	0	0	1	1	0	
0	1	1	1	0	0	1	1	1	0	1	0	0	0	0	1	1	0	0	0	
1	1	0	1	0	0	1	0	1	1	1	1	0	1	1	0	0	1	0	0	
0	0	1	0	1	0	1	0	1	1	1	1	0	0	0	0	1	0	1	1	
0	0	1	0	1	1	1	0	0	0	0	0	1	0	0	1	1	0	0	1	
1	0	0	1	0	0	0	1	0	1	0	1	1	0	1	0	0	1	0	0	
1	0	0	1	1	1	1	1	0	1	1	1	1	1	1	1	0	0	0	0	
1	0	0	0	0	1	0	1	0	0	1	0	0	1	1	1	0	0	0	1	
1	0	0	1	0	1	1	0	0	0	0	1	0	0	1	0	0	1	1	0	
1	1	0	1	1	1	1	0	0	0	0	0	0	1	1	0	0	1	1	0	
1	0	1	0	1	1	1	1	0	1	1	1	1	1	0	1	1	1	1	1	
1	1	1	0	1	1	0	0	1	1	1	0	1	1	0	1	0	1	0	0	
1	1	0	0	0	1	1	1	0	0	1	0	0	0	1	0	1	0	0	0	
1	0	1	1	0	1	1	1	0	0	0	1	1	1	0	0	1	1	1	1	
1	1	0	1	1	0	1	0	1	1	1	0	0	0	0	1	0	0	0	1	
1	0	0	1	0	1	1	1	0	1	1	1	0	1	1	1	1	1	1	0	
1	1	1	1	0	0	1	1	0	0	1	1	0	1	1	0	0	0	1	1	
0	1	1	1	1	0	1	0	0	1	0	1	0	1	1	1	0	0	0	0	
1	1	1	0	0	1	1	0	1	0	1	0	1	0	1	1	1	1	1	0	
0	0	1	1	1	1	0	1	0	0	1	1	0	1	1	0	1	0	1	0	
0	1	1	0	0	1	1	0	1	1	0	0	1	1	1	0	1	1	0	1	
0	1	0	0	1	0	0	1	0	0	0	0	1	1	1	0	0	1	1	1	
0	1	1	0	1	1	0	0	0	1	1	1	0	1	1	0	0	0	1	1	
1	0	1	1	1	0	1	1	1	1	1	0	1	0	1	0	1	0	1	0	
1	0	0	0	1	1	0	0	0	0	1	1	1	1	0	0	1	1	1	0	
0	0	1	0	1	1	0	0	0	1	0	1	1	1	1	1	1	0	0	0	
0	1	1	1	0	0	1	1	0	1	1	0	0	0	1	0	1	1	1	0	
0	1	0	1	0	1	0	0	0	0	1	1	0	1	0	0	0	0	0	0	
0	0	1	1	1	0	1	1	1	1	0	1	1	1	1	1	1	1	1	1	
0	0	0	0	0	0	1	1	0	0	0	0	0	1	0	0	1	0	0	0	
0	0	0	0	0	1	0	0	0	1	0	1	1	1	0	0	0	1	1	1	
0	1	1	0	0	0	0	1	0	0	1	0	1	1	0	1	1	1	0	0	
1	0	0	0	1	0	0	0	0	1	1	0	0	0	1	1	0	1	1	0	
0	1	0	0	1	1	1	1	1	0	1	0	0	0	0	0	0	1	0	1	
0	0	1	1	1	0	1	1	0	0	0	1	0	1	0	0	0	1	0	0	
1	0	1	0	0	1	0	1	1	1	0	1	0	1	1	1	0	0	0	1	
1	1	1	1	1	1	1	0	0	1	1	1	1	0	1	1	0	0	1	0	
0	0	0	0	1	1	0	1	1	0	1	0	0	1	0	0	0	1	1	0	
1	0	1	0	0	0	1	1	1	1	0	0	0	0	0	0	0	1	0	1	
1	0	1	1	0	1	0	0	1	0	1	1	1	0	1	1	0	0	0	0	
0	1	0	0	1	0	0	1	1	1	0	1	0	1	1	0	0	0	0	0	
0	1	0	1	0	0	1	1	0	1	0	0	1	0	0	1	1	0	0	1	
1	0	0	0	0	0	1	0	0	0	1	1	1	0	1	0	1	1	0	1	
1	1	1	0	0	1	1	0	1	0	0	1	0	0	0	0	0	0	1	0	
0	0	0	1	0	1	0	1	0	1	1	1	1	0	0	0	0	0	0	1	
1	0	1	0	1	1	1	1	1	0	0	0	1	1	1	1	0	1	0	0	
1	1	1	0	1	1	0	1	1	0	0	0	0	0	0	1	0	0	0	0	
1	1	0	1	0	1	0	1	1	0	1	1	1	0	1	0	1	0	1	1	
1	1	1	1	1	1	0	1	0	0	1	0	1	0	0	1	0	1	1	1	
1	0	0	1	0	1	1	0	0	1	1	0	0	0	1	0	1	0	1	1	
0	1	0	1	0	0	1	0	1	0	0	0	1	1	0	1	0	1	1	0	
0	0	0	0	1	0	0	1	0	0	1	0	0	0	1	1	0	0	0	0	
1	0	0	1	1	0	0	0	1	0	1	0	0	0	0	0	1	0	0	0	
0	1	1	0	1	1	0	0	0	0	1	1	0	0	1	0	0	1	1	0	
1	1	1	1	0	1	1	1	0	0	1	1	1	0	1	1	1	1	0	0	
0	0	1	0	0	0	1	0	0	0	0	1	0	0	0	1	1	1	1	0	
0	1	0	0	0	1	0	1	0	1	1	0	0	1	1	1	1	1	1	1	
0	1	1	0	1	1	1	1	0	1	0	1	1	1	0	1	1	0	1	0	
1	1	0	0	1	1	1	0	0	1	1	0	1	0	0	0	1	0	0	0	
1	1	1	0	0	0	0	1	1	0	1	1	0	1	0	0	1	1	0	1	
1	0	1	0	1	0	1	0	0	0	1	0	1	1	0	1	0	0	1	1	
0	0	1	0	1	0	0	0	1	0	0	0	0	0	1	0	1	1	1	0	
0	0	0	1	0	1	0	0	0	1	0	0	1	1	0	1	1	0	0	0	
1	0	0	0	0	1	0	0	1	0	0	0	0	0	1	1	1	1	1	0	
0	1	0	0	1	0	0	0	0	0	1	1	1	0	0	0	1	1	1	1	
0	0	0	1	1	0	0	1	1	0	1	1	1	1	0	0	1	0	1	1	
0	1	1	0	0	0	0	0	1	0	1	0	0	1	1	1	1	0	0	1	

invalid rows: 
4	6	16	18	28	38	52	56	67	70	72	97	99	102	109	115	119	121	124	129	132	138	139	149	156	157	159	160	162	171	173	176	188	196	200	213	219	225	233	234	241	259	262	264	269	278	290	291	298	299	300	

 ----------Greedy covering array: 
1	0	0	1	1	1	1	1	0	1	1	0	1	0	0	1	1	1	1	0	
0	0	1	1	1	1	1	1	1	1	1	1	1	0	0	1	0	0	1	1	
1	0	0	0	0	0	0	1	0	0	1	1	0	0	1	0	0	1	0	0	
0	1	1	0	0	0	1	1	1	1	1	0	0	0	0	0	1	1	0	0	
1	0	1	0	1	1	1	0	0	0	1	0	1	0	0	0	0	0	1	1	
1	1	1	0	1	1	0	1	1	0	1	1	0	1	1	0	0	1	0	1	
1	0	0	0	1	1	1	1	0	1	1	0	0	0	0	1	0	1	0	1	
0	0	1	0	1	0	0	0	1	1	1	1	0	1	1	0	0	0	0	0	
1	0	0	0	1	1	0	0	1	1	0	1	1	1	1	0	0	1	1	0	
0	1	1	1	0	0	1	1	0	0	1	1	1	0	1	0	1	1	0	1	
1	0	1	1	1	1	1	1	0	1	0	1	0	1	1	1	0	1	1	1	
0	1	0	1	1	1	1	0	1	1	0	1	0	1	0	0	1	1	1	0	
1	0	1	0	1	0	0	1	1	0	0	1	1	1	0	1	0	0	1	1	
1	0	1	0	0	1	1	1	1	1	1	1	1	1	0	0	1	1	1	0	
0	0	1	0	0	0	1	0	1	0	0	1	1	0	0	0	0	1	0	1	
1	0	1	1	0	0	0	0	1	1	1	0	1	0	0	1	1	0	0	0	
1	0	1	1	1	1	1	1	1	0	0	0	1	0	0	1	1	1	0	1	
1	1	0	0	0	0	0	1	1	0	1	1	1	1	0	1	0	0	0	0	
0	1	0	1	1	0	0	1	0	1	1	1	1	0	1	1	0	0	0	0	
1	0	0	1	1	0	1	1	1	1	0	1	0	0	0	0	1	0	1	0	
1	0	0	0	1	0	0	1	1	1	1	0	0	0	1	1	0	0	1	1	
0	0	1	0	1	1	0	1	1	0	0	1	0	0	1	0	1	1	1	0	
1	1	1	1	1	1	1	1	1	0	1	1	0	0	0	1	0	0	1	0	
0	0	1	0	0	1	1	0	1	0	0	0	1	1	0	0	0	0	0	1	
0	1	0	0	1	0	1	0	0	1	0	0	0	0	1	0	0	1	1	1	
0	1	1	1	0	1	1	1	0	1	0	1	0	0	0	0	0	0	1	1	
1	0	0	0	0	0	1	1	1	0	1	0	0	1	0	0	1	0	0	1	
1	1	1	0	0	0	0	1	0	1	1	0	1	1	1	1	0	1	1	0	
0	1	0	1	0	1	0	1	1	0	1	1	0	0	1	0	1	0	0	0	
0	1	1	1	1	0	0	0	1	1	0	1	0	0	1	1	1	1	0	1	
0	1	1	1	1	0	0	0	0	0	0	1	0	1	1	1	0	0	1	0	
0	0	1	0	1	1	0	1	0	0	1	0	0	0	0	0	1	0	0	1	
1	1	1	1	1	1	1	1	1	1	0	1	1	1	1	0	0	0	0	0	
1	1	1	0	0	0	1	1	0	0	0	1	0	0	0	0	0	1	1	1	
1	0	1	0	0	1	0	1	0	0	0	0	0	1	1	0	0	0	0	1	
1	1	0	0	0	1	1	0	0	1	1	1	1	0	0	0	1	0	0	0	
0	1	0	1	0	0	0	0	0	0	1	1	0	1	0	1	0	1	0	1	
0	1	1	0	1	1	0	0	1	1	1	0	1	0	1	0	1	1	0	0	
1	0	1	1	1	0	0	1	0	1	0	1	1	0	0	0	0	1	0	0	
0	0	0	0	1	0	1	1	1	1	1	1	0	1	1	0	1	1	0	0	
1	0	0	0	1	1	1	0	0	0	0	1	0	0	0	1	1	0	1	1	
0	0	0	0	1	1	1	1	0	1	0	1	1	1	0	1	0	0	1	0	
0	0	1	1	0	0	1	1	0	1	0	1	1	1	0	1	0	0	0	1	
1	0	0	1	0	1	0	1	1	1	0	0	1	1	1	1	0	0	1	1	
0	0	0	0	0	0	0	1	1	1	0	1	0	1	0	0	0	1	1	1	
0	0	0	1	1	1	1	1	1	0	1	0	1	1	1	1	1	1	1	1	
0	0	0	1	1	1	1	0	1	0	0	1	0	1	1	1	0	0	0	1	
0	1	1	1	1	0	0	1	0	1	0	0	1	0	0	0	1	0	0	1	
1	1	1	1	1	0	1	1	0	1	0	0	0	1	1	1	1	1	0	0	
0	0	1	0	1	1	1	0	0	1	0	1	0	1	0	0	1	1	0	1	
1	0	0	0	1	0	0	0	1	0	1	1	1	0	1	1	1	0	0	1	
1	1	0	0	0	1	1	1	1	0	1	0	1	1	1	1	1	1	0	0	
1	0	0	0	1	1	0	0	1	1	0	0	0	1	1	1	1	1	0	1	
0	0	0	0	0	1	1	1	1	1	1	0	0	0	1	0	0	0	1	0	
1	0	1	1	1	1	0	1	0	0	0	1	0	1	0	0	1	1	1	1	
0	1	1	0	1	1	0	0	1	1	0	0	0	1	0	1	0	0	1	1	
1	0	0	1	0	1	0	1	1	0	1	0	1	0	0	1	0	1	0	0	
1	0	0	1	0	1	1	1	0	1	1	1	0	1	1	1	1	0	0	0	
0	0	0	1	0	1	0	0	0	0	0	0	0	1	1	1	0	1	1	0	
1	0	0	0	0	1	0	1	1	1	1	1	0	0	0	1	1	1	1	0	
0	0	0	0	1	0	0	0	1	1	0	0	1	0	0	1	0	0	0	1	
0	1	1	1	1	1	0	1	0	0	1	0	0	0	1	1	0	1	1	1	
1	0	0	1	1	0	1	1	1	1	1	0	1	0	1	0	1	0	0	1	
0	1	0	0	1	0	1	1	0	0	0	1	0	1	1	0	1	1	0	1	
0	0	0	1	0	1	1	0	1	1	0	1	1	0	1	0	0	1	0	0	
0	1	1	1	1	0	1	1	1	1	1	1	0	1	0	0	0	0	0	1	
1	1	1	0	0	0	0	1	1	1	0	0	1	1	0	1	1	1	0	1	
1	1	1	1	0	1	0	1	0	1	0	1	1	0	1	1	0	1	0	1	
1	0	1	0	1	1	0	1	0	1	1	0	1	1	1	1	1	0	0	1	
0	0	0	0	0	0	0	0	0	1	1	0	1	1	0	1	1	1	0	0	
0	1	0	1	1	0	0	0	0	0	1	0	1	0	0	0	0	1	1	0	
0	1	0	0	0	0	0	0	1	1	1	0	1	1	1	1	1	0	0	1	
1	0	1	0	1	1	1	1	1	0	0	0	0	1	0	1	0	0	0	0	
0	0	1	0	1	0	1	1	0	0	1	0	1	0	1	0	0	0	1	0	
0	0	1	0	1	1	0	0	0	0	0	0	0	1	0	1	1	1	0	1	
1	0	1	1	0	0	1	1	0	0	1	0	1	1	0	1	1	1	1	1	
1	1	1	0	1	1	1	1	0	1	1	1	0	0	1	0	1	0	1	0	
1	0	0	1	0	1	0	1	0	0	0	1	1	1	1	1	1	1	0	0	
0	0	1	1	1	0	0	1	1	1	0	0	1	1	1	1	1	1	1	0	
1	0	1	0	0	0	1	0	0	1	0	0	0	1	0	1	1	0	1	0	
1	1	0	1	0	0	1	1	0	1	0	1	1	1	0	0	0	1	1	0	
0	0	0	0	1	1	1	0	0	0	1	0	1	0	0	1	1	0	1	0	
0	0	1	1	0	0	0	0	1	0	0	0	0	0	1	0	1	0	1	1	
1	1	1	1	1	0	1	0	0	1	0	0	1	0	1	1	0	0	1	1	
1	0	0	1	0	1	1	1	1	0	1	1	0	0	1	0	0	1	1	1	
0	0	0	1	1	0	1	0	1	0	1	0	0	0	1	1	0	1	0	0	
0	1	0	1	0	0	1	0	1	1	1	0	1	1	1	0	1	1	1	1	
1	1	0	0	1	0	1	0	0	1	1	1	0	1	0	1	1	0	0	0	
0	0	0	0	1	1	0	0	0	1	1	1	0	0	1	1	0	1	0	1	
0	0	1	0	1	0	0	0	0	1	1	1	1	0	0	1	1	0	1	1	
1	0	1	1	1	1	1	0	0	0	0	0	1	0	1	0	1	1	0	1	
1	0	0	1	0	0	1	0	0	1	1	0	1	1	1	0	0	1	0	1	
0	0	0	1	0	0	1	1	1	0	0	1	0	0	0	1	1	1	0	0	
0	1	0	0	0	1	1	1	0	0	1	1	1	0	0	1	1	0	0	1	
0	0	1	0	0	0	0	1	1	0	0	0	0	1	0	1	1	0	1	0	
0	1	1	1	1	0	1	1	1	0	0	1	0	1	1	1	1	0	1	1	
0	1	1	0	1	1	1	1	1	0	0	0	1	1	1	1	0	1	1	1	
0	1	1	0	0	0	0	0	0	0	1	0	0	1	1	0	1	1	1	1	
0	1	0	0	0	1	1	1	1	1	1	1	1	1	1	0	0	0	0	1	
0	1	1	0	0	1	1	0	0	1	0	1	0	1	1	1	0	1	0	0	
1	0	0	0	0	0	1	1	0	1	1	1	1	0	0	1	0	0	1	1	
1	1	1	1	0	1	0	0	0	1	0	0	1	1	1	0	1	1	0	0	
1	0	0	1	0	0	1	0	1	0	1	1	1	1	1	1	0	0	1	0	
0	0	1	1	1	1	1	0	0	1	0	0	0	0	0	0	0	0	0	0	
0	0	0	0	0	0	1	1	0	0	0	0	1	0	0	0	1	0	1	1	
1	0	0	1	1	0	1	0	0	0	0	0	1	1	0	1	0	0	0	0	
1	1	0	1	1	0	0	1	1	0	0	0	0	1	1	0	1	1	1	1	
1	0	1	0	0	1	0	0	0	1	1	1	0	1	0	0	0	1	0	0	
1	1	0	0	0	1	1	1	1	1	0	1	1	0	1	0	1	1	1	1	
0	1	0	1	1	1	1	0	0	1	0	0	1	1	0	1	0	1	0	1	
1	0	0	1	0	1	0	0	1	0	1	1	0	0	0	0	0	0	0	1	
0	0	1	1	1	0	1	1	1	1	0	0	0	0	1	0	0	1	0	1	
0	0	0	1	0	1	1	1	0	0	0	0	0	1	0	0	1	1	1	0	
1	1	0	0	1	1	0	0	0	0	1	0	1	1	1	1	0	1	1	1	
1	1	0	0	0	1	1	0	1	1	0	0	1	0	1	1	0	0	0	0	
0	1	1	0	1	1	0	1	0	1	1	1	0	1	0	0	1	1	1	0	
0	1	0	1	1	1	1	1	0	1	0	0	1	0	1	1	1	0	0	0	
0	0	0	0	1	1	1	1	1	0	1	1	1	0	0	0	0	1	0	0	
0	1	1	0	1	0	1	0	1	1	1	1	1	1	0	1	0	1	1	0	
0	0	0	0	0	1	0	0	1	1	1	0	0	1	0	0	1	0	1	1	
0	1	0	0	0	0	0	1	1	1	0	1	1	0	1	1	1	0	1	0	
1	0	0	1	1	1	1	0	1	1	0	0	0	0	0	1	0	1	1	0	
0	1	1	1	1	0	0	0	1	0	1	0	1	1	1	1	0	0	0	1	
1	1	1	0	0	0	1	0	1	1	0	1	0	1	0	1	0	1	0	1	
0	1	0	1	1	0	0	1	0	0	1	0	0	1	0	1	1	1	0	0	
1	0	1	0	1	0	1	0	1	1	0	1	0	0	1	0	0	0	1	1	
1	0	1	0	1	0	1	0	0	1	0	1	1	0	1	1	1	1	0	0	
0	0	1	1	0	0	0	1	0	0	1	0	1	1	0	0	0	0	0	1	
0	1	1	0	0	0	0	1	1	0	1	1	0	0	0	1	1	1	1	1	
0	0	0	1	1	1	0	1	1	0	0	0	1	1	0	0	1	0	0	1	
1	0	1	1	0	0	1	0	1	0	0	0	0	1	1	0	0	1	0	0	
0	0	1	1	0	0	1	1	0	1	1	0	1	1	1	0	1	0	0	0	
0	0	1	0	0	1	0	1	0	1	0	0	1	0	1	0	0	1	1	1	
1	0	1	0	0	1	1	1	0	0	1	0	0	0	1	1	1	1	0	0	
0	1	0	1	1	1	0	1	1	1	1	1	0	1	1	1	0	1	1	0	
1	0	0	0	0	0	0	0	1	0	0	0	1	0	0	0	1	1	1	0	
0	1	0	0	0	1	1	0	0	0	1	1	1	0	1	0	0	1	1	0	
0	1	0	0	0	1	0	1	1	0	0	0	0	0	1	1	1	1	0	1	
1	1	0	0	0	0	0	0	1	1	1	1	0	0	1	0	0	1	0	0	
0	0	0	0	0	0	1	0	0	0	0	1	0	0	1	0	1	0	0	0	
0	0	1	0	1	0	1	1	0	1	1	0	0	1	0	1	0	1	1	0	
1	1	1	1	0	1	1	0	0	0	0	0	0	1	0	1	1	0	0	1	
1	0	1	1	0	1	0	0	0	0	0	1	1	0	0	0	1	0	1	0	
0	1	0	1	1	1	0	1	1	0	0	0	1	0	0	0	0	0	1	0	
0	0	0	1	1	1	0	0	0	0	1	1	1	1	1	0	0	0	1	1	
0	1	1	1	0	1	1	0	1	1	1	1	0	0	0	1	1	0	0	0	
0	1	1	1	0	1	0	1	1	0	0	1	1	1	0	0	0	1	0	0	
0	1	0	1	1	0	1	0	1	0	1	0	1	1	0	0	1	0	0	1	
1	1	0	0	1	0	1	0	1	1	0	1	1	0	0	0	1	1	0	1	
1	1	0	1	1	1	0	1	0	0	1	1	1	1	0	1	1	0	1	1	
0	1	1	1	0	0	0	0	0	0	0	0	1	0	0	1	1	1	0	0	
1	0	0	0	1	0	0	1	0	0	1	1	0	1	1	1	1	1	1	0	
0	1	0	0	0	1	1	0	0	1	0	0	1	1	1	0	0	0	1	1	
0	1	1	0	1	1	1	1	0	0	0	1	1	1	0	0	1	0	0	0	
1	0	1	0	0	1	0	1	1	1	0	1	0	0	0	0	1	0	0	1	
0	0	1	1	0	0	1	1	0	1	1	0	1	0	1	1	1	1	1	0	
1	1	1	0	1	0	0	0	1	0	0	0	0	0	0	0	1	0	0	0	
1	1	0	1	0	0	1	0	1	0	1	0	0	0	0	1	1	0	1	0	
0	1	1	1	0	1	0	1	0	1	1	0	1	1	0	1	1	0	1	0	
1	1	0	0	1	0	1	1	1	1	1	0	1	1	0	0	0	0	1	0	
1	1	0	1	1	0	1	1	1	0	1	0	0	1	1	1	0	1	0	1	
0	1	1	0	0	0	0	0	1	1	0	1	1	0	0	0	0	0	1	0	
1	1	0	0	1	1	1	1	0	1	1	0	1	0	1	0	0	0	0	1	
1	1	0	1	0	1	1	1	0	0	0	0	0	0	1	0	0	0	0	1	
0	1	0	1	0	0	0	0	1	1	0	0	0	1	0	0	0	0	0	0	
1	1	0	1	0	0	0	0	0	0	1	0	0	0	1	0	0	0	1	0	
1	1	0	0	1	0	0	1	0	1	0	1	0	1	0	1	0	0	0	1	
1	0	0	0	0	0	0	1	0	1	0	0	0	0	0	0	0	0	0	0	
1	0	1	1	1	1	0	0	0	1	1	0	0	1	1	1	0	0	1	0	
1	0	1	0	1	0	1	0	0	0	1	0	0	1	1	0	0	1	0	1	
0	1	1	0	0	0	1	1	1	0	0	0	0	1	1	0	0	0	1	0	
0	1	0	1	1	0	1	0	0	0	0	1	1	1	1	1	1	1	1	0	
1	1	1	0	0	1	0	1	1	0	1	0	1	0	1	0	1	0	1	1	
0	0	0	1	0	0	0	1	1	0	1	1	1	1	0	0	1	0	1	0	
0	0	0	0	0	0	1	1	0	1	0	0	0	1	1	1	1	1	0	1	
0	1	0	0	1	0	0	0	1	0	1	1	0	0	0	0	0	0	1	1	
0	0	1	1	0	0	0	0	1	0	1	1	1	0	1	1	0	1	1	1	
1	1	0	1	1	1	1	0	0	1	1	1	0	1	1	0	0	0	0	0	
0	0	0	1	0	1	0	1	0	1	1	1	1	0	0	0	1	1	0	1	
0	0	1	1	0	1	0	1	1	1	1	0	0	1	0	1	0	1	0	1	
0	1	0	1	0	1	0	0	1	0	0	1	1	1	0	1	1	1	1	1	
1	1	1	1	0	0	1	0	0	0	1	1	0	1	0	0	1	1	0	0	
0	1	0	0	1	1	0	0	0	0	1	0	0	1	1	0	1	0	0	0	
0	0	0	0	1	0	0	1	0	0	0	1	1	0	1	1	0	1	1	1	
0	1	1	0	0	0	1	0	0	1	1	0	0	0	1	1	0	0	0	1	
1	0	0	1	1	1	0	0	1	0	1	0	0	1	0	0	1	1	0	0	
1	0	1	0	0	0	0	0	0	1	1	1	1	0	1	0	1	1	1	1	
1	1	1	0	0	0	1	0	1	0	1	1	1	1	0	0	1	0	1	0	
1	1	0	1	0	0	1	1	1	0	0	1	1	0	1	0	0	0	0	1	
1	0	1	0	0	0	1	0	0	0	0	1	1	1	1	1	1	0	1	1	
1	1	1	1	1	0	1	1	1	0	0	1	1	0	1	0	1	1	1	0	
1	1	0	0	1	0	0	1	0	0	1	0	1	0	0	0	1	1	0	1	
0	1	0	1	1	1	0	1	0	1	0	1	0	0	1	0	1	0	1	1	
1	0	1	0	0	1	1	1	1	0	1	1	0	0	1	1	0	0	1	1	
1	1	0	0	0	0	1	1	0	0	1	1	0	1	1	1	1	0	1	1	
0	1	1	0	1	1	1	1	1	1	0	0	0	1	1	0	1	0	0	1	
0	1	1	1	1	1	1	0	0	0	1	0	0	0	0	0	1	1	1	1	
1	1	0	0	1	0	1	1	0	0	0	0	0	0	1	1	0	1	0	0	
1	0	1	0	1	0	1	0	1	1	1	0	0	0	1	1	1	1	1	1	
0	1	1	0	1	1	1	0	1	0	1	0	0	1	0	0	0	1	1	0	
0	1	1	0	1	0	0	1	0	1	1	1	1	1	1	0	1	0	1	1	
0	1	0	1	0	0	1	1	1	1	1	0	1	0	0	1	0	1	1	1	
0	0	0	1	1	0	1	0	0	1	1	0	0	1	0	1	1	0	1	1	
0	1	0	0	0	1	0	0	0	1	0	0	0	0	0	1	1	1	1	0	
0	0	0	0	1	0	1	0	1	0	0	0	1	1	0	0	1	1	1	1	
0	0	0	0	1	0	0	1	1	0	0	0	1	1	1	0	0	1	0	0	
1	0	0	1	1	0	1	1	1	1	1	1	1	1	0	1	1	1	0	1	
1	0	1	1	0	0	0	0	0	0	0	0	0	0	0	1	0	1	0	1	
1	1	1	1	1	0	1	0	0	0	1	1	1	0	0	1	0	1	0	1	
1	1	1	1	0	1	1	1	1	1	0	0	0	0	1	0	1	1	1	0	
1	0	1	1	1	0	1	1	0	0	1	1	0	0	1	1	1	0	0	1	
1	0	1	1	0	0	0	1	1	0	0	0	0	0	1	1	0	0	0	0	
0	1	1	0	1	0	1	1	1	0	0	0	1	0	0	1	0	0	0	0	
0	1	0	0	0	1	1	1	0	0	1	0	0	1	0	1	0	0	0	0	
0	0	1	1	0	1	1	0	0	1	1	1	0	1	1	0	0	1	1	1	
1	0	0	0	0	1	1	1	0	0	0	1	1	1	0	0	1	1	0	1	
0	0	1	1	0	1	0	0	1	0	1	1	0	1	1	0	1	1	0	1	
1	1	0	0	0	1	0	1	0	1	1	0	0	1	0	0	1	1	1	1	
1	1	1	0	1	1	0	0	1	0	0	0	0	0	1	1	0	1	1	0	
0	0	1	0	0	1	1	0	1	1	0	0	1	0	1	1	1	0	1	1	
0	0	1	1	0	1	1	0	1	0	0	0	1	0	0	1	0	1	1	0	
1	1	0	1	1	1	0	1	1	1	1	0	0	0	0	1	1	0	0	1	
0	0	0	1	0	1	0	0	0	0	1	0	1	0	1	1	1	0	0	1	
0	0	1	1	0	0	0	0	0	1	1	1	0	0	0	0	0	1	1	0	
0	1	0	0	1	1	1	0	1	1	1	1	0	0	1	1	1	0	1	1	
1	1	1	0	0	1	0	1	0	0	0	1	1	0	0	1	0	1	1	0	
0	0	1	1	1	1	0	0	1	1	0	1	1	1	0	1	1	0	0	0	
1	1	0	1	1	1	0	0	0	0	0	1	0	0	0	0	0	1	0	0	
1	0	1	1	1	0	0	0	1	1	0	0	1	1	0	0	0	1	1	1	
1	1	1	0	0	0	1	0	0	0	1	1	1	1	1	0	0	0	0	0	
0	0	1	1	1	1	1	0	0	0	1	1	1	1	1	1	1	1	0	0	
1	1	1	1	0	1	1	0	1	1	1	0	1	1	0	0	0	0	0	1	
1	1	0	0	1	1	0	1	1	1	0	1	0	1	0	1	1	1	0	0	
1	1	0	0	0	1	0	0	1	0	0	1	0	1	1	0	1	0	1	0	
0	0	1	0	0	1	0	1	0	0	1	1	0	1	0	1	0	0	1	1	
0	1	0	1	0	0	0	1	0	1	0	1	1	1	1	0	0	1	1	1	
0	1	1	0	1	0	1	1	0	0	0	1	0	0	0	1	1	1	1	0	
1	0	1	0	1	0	1	0	1	0	1	1	0	0	0	1	0	0	0	0	
0	1	0	1	0	1	0	0	1	1	0	0	0	0	1	0	0	1	0	1	
1	1	0	1	1	1	0	0	1	1	1	1	1	0	0	0	0	1	1	1	
1	0	0	1	0	1	1	0	0	1	1	0	1	0	0	0	0	0	1	0	
1	1	0	1	0	0	0	0	0	1	0	1	0	0	1	0	1	0	0	1	
1	0	0	1	1	0	0	0	0	1	0	1	1	1	1	0	1	0	0	1	
1	1	1	1	1	1	1	0	1	0	1	1	1	0	1	1	1	1	1	0	
1	0	1	1	1	0	0	1	1	0	1	0	1	1	1	0	0	1	1	0	
1	0	0	1	0	1	0	0	0	1	0	1	0	1	0	1	0	0	1	0	
1	1	1	1	0	1	1	0	1	0	0	1	1	0	1	1	1	0	0	1	
0	0	0	1	1	0	1	1	0	0	1	1	0	1	0	0	0	1	1	1	
1	1	0	1	0	1	0	0	0	1	1	1	1	0	1	1	1	1	1	1	
0	1	1	1	0	1	1	0	0	1	0	1	1	1	0	0	1	0	1	1	
0	1	1	0	1	0	0	0	0	1	1	1	1	1	0	0	0	1	0	1	
1	0	1	1	0	0	0	1	1	1	1	1	0	1	1	1	1	0	1	0	
1	1	1	0	1	1	0	0	0	1	0	0	1	0	0	1	1	0	1	1	
1	0	1	0	0	0	1	1	1	1	0	1	1	1	1	1	0	1	0	0	
0	0	0	0	1	1	1	0	1	1	0	0	1	1	1	0	1	0	0	0	
1	1	1	0	1	0	1	0	0	1	0	0	1	1	0	0	1	1	1	0	
0	0	1	1	1	1	0	1	1	1	0	1	0	0	0	1	1	1	1	1	
1	1	0	1	1	0	0	0	1	0	0	0	1	0	1	1	1	0	1	0	
1	1	1	0	1	0	0	0	1	1	1	0	1	0	0	1	0	1	0	0	
0	0	1	0	0	1	0	0	0	1	0	1	0	1	1	1	1	1	1	1	
1	1	0	0	0	0	0	0	0	0	0	0	1	1	0	0	0	0	1	1	
0	1	1	0	1	1	1	1	1	1	1	1	1	0	1	1	1	1	0	1	
0	0	0	0	0	1	0	0	0	0	0	1	1	0	0	1	0	0	0	0	
1	1	0	0	0	0	1	0	1	0	0	0	1	0	1	0	1	1	0	0	
0	0	1	0	0	1	0	0	1	0	1	0	1	1	1	1	0	0	1	0	
0	0	0	1	1	0	0	0	0	1	1	0	0	0	1	0	1	1	1	0	
1	0	0	0	1	1	1	1	0	0	0	1	0	1	1	0	0	0	1	0	
0	1	1	0	1	1	0	0	0	0	0	1	1	0	1	0	0	0	0	1	
1	1	1	1	0	1	1	1	0	1	1	0	1	0	0	0	0	1	0	0	
1	1	1	1	1	0	0	0	1	1	1	1	0	1	0	0	1	1	1	1	
1	0	0	0	1	1	0	1	0	0	0	0	1	0	1	0	1	0	1	0	
0	0	1	1	0	1	1	1	0	0	0	1	0	0	1	0	0	1	0	0	
1	1	1	1	0	0	0	1	1	1	1	0	0	0	0	0	0	0	1	1	
0	1	0	0	1	1	0	1	0	1	0	0	1	1	0	0	0	1	0	0	
0	0	0	0	0	1	1	0	1	0	1	1	0	1	0	1	0	1	0	1	
0	1	0	1	0	0	1	0	1	1	0	1	0	0	1	1	0	0	1	0	
1	1	1	1	0	0	0	1	0	0	0	1	0	1	0	0	1	0	0	0	
1	1	0	0	0	1	1	0	1	0	0	0	0	0	0	0	0	1	1	1	
1	0	1	1	1	1	0	1	1	1	1	1	1	0	1	0	0	0	0	0	
1	0	1	1	1	1	0	1	0	0	1	0	0	1	0	0	0	0	0	0	
1	1	0	1	0	1	1	1	1	1	0	0	0	1	0	1	1	0	1	1	
1	0	1	1	1	1	1	0	1	0	1	0	0	1	1	0	1	0	1	1	
1	0	0	1	0	0	1	0	0	1	0	1	0	0	0	1	1	1	1	1	
0	0	0	0	0	0	0	1	1	0	1	1	1	1	1	0	1	0	0	1	
0	0	0	0	1	1	0	0	0	1	1	0	0	0	0	0	0	0	1	0	
0	0	0	1	1	0	0	1	0	0	0	0	0	0	0	1	0	0	1	1	
1	1	1	0	1	0	0	0	0	1	0	0	0	1	1	0	1	0	1	0	
1	1	1	1	0	1	0	0	1	1	1	1	0	1	1	1	0	0	1	1	
0	1	1	0	0	0	0	0	0	0	1	1	0	0	1	1	1	0	0	0	
1	0	0	0	0	1	1	0	0	1	1	0	1	1	1	1	1	1	1	0	
1	1	1	0	1	1	0	0	1	0	1	1	1	1	0	1	1	1	0	0	
1	0	0	1	1	0	0	0	1	0	0	1	0	1	0	1	0	1	1	0	
0	1	1	1	0	1	1	1	0	0	0	0	1	1	1	1	0	0	1	0	
0	0	1	1	1	0	1	0	1	0	1	1	1	0	0	0	1	0	1	0	
0	0	1	0	1	0	0	1	0	1	0	0	0	0	1	1	1	0	0	0	
1	0	0	0	0	0	0	0	1	0	1	0	1	0	0	1	0	1	0	1	
1	0	0	1	0	0	0	1	0	1	1	0	0	0	1	1	1	0	0	0	
0	1	0	0	1	0	1	0	1	0	0	0	0	1	1	1	1	0	1	0	
0	1	0	0	1	1	1	1	1	0	0	0	1	0	0	1	1	0	1	1	
0	0	1	0	0	0	1	1	0	1	1	0	1	1	0	1	0	0	1	0	

invalid rows: 
2	10	15	19	42	43	65	90	94	99	118	119	121	137	145	147	154	162	172	174	177	179	181	184	201	227	231	236	250	251	262	263	268	284	294	28	35	72	98	234	260	265	

 ----------random covering array (last execution): 
1	1	1	0	1	0	1	1	1	0	1	1	0	1	1	1	0	1	0	0	
1	1	0	1	1	0	1	1	1	1	0	1	0	1	0	1	1	1	1	0	
0	0	0	0	0	0	0	1	0	0	1	0	1	0	1	0	0	1	1	0	
1	0	1	1	0	0	0	1	1	1	1	0	0	0	0	0	0	1	0	1	
1	1	0	0	1	0	1	0	0	1	0	0	0	1	1	0	1	1	0	0	
0	0	0	1	1	1	0	1	0	1	1	0	1	1	1	0	1	1	1	1	
1	0	0	0	1	0	0	1	1	0	1	1	0	1	1	0	1	1	0	0	
0	0	0	1	0	1	0	0	1	1	0	0	1	1	0	0	0	1	1	0	
0	1	0	1	1	1	1	0	1	0	1	0	1	1	1	0	0	0	1	0	
1	1	1	0	0	0	0	1	0	1	1	0	1	0	0	1	1	1	1	1	
1	0	0	0	1	1	1	1	1	1	1	1	1	1	1	1	1	0	1	0	
1	0	1	1	1	1	1	0	1	0	1	0	0	1	0	1	0	0	1	1	
0	1	0	1	0	1	1	1	0	1	0	1	0	1	1	0	1	0	1	0	
1	1	1	1	1	1	1	1	1	1	1	0	0	0	1	0	0	1	1	0	
1	1	0	1	0	0	0	0	0	1	1	0	0	0	0	0	1	0	1	0	
0	1	1	1	0	0	0	0	1	1	0	1	0	0	1	1	0	1	0	0	
1	1	1	1	1	0	0	1	0	1	1	1	0	1	1	1	1	0	0	0	
0	1	0	1	0	1	0	1	0	0	0	1	0	0	1	0	0	1	1	1	
0	1	0	0	0	0	0	1	1	0	0	1	1	1	0	1	0	1	1	1	
1	0	1	1	0	0	1	1	1	0	0	0	0	1	1	1	0	0	1	0	
0	0	0	1	0	0	1	1	1	0	0	1	1	1	1	0	1	1	0	0	
0	0	1	1	1	0	1	1	0	1	1	0	1	1	0	0	0	0	1	0	
1	0	0	1	1	0	1	1	0	1	0	1	0	1	1	1	0	1	1	1	
1	1	0	1	1	1	0	0	0	1	0	0	0	0	0	0	1	0	0	0	
1	0	0	0	0	0	1	0	1	0	1	0	1	1	0	0	1	0	0	1	
1	0	0	0	1	0	1	1	1	1	0	0	0	0	0	1	1	0	1	1	
1	0	1	1	0	1	0	1	0	0	0	0	0	0	1	0	1	1	0	0	
0	1	0	0	0	1	1	1	1	1	1	1	1	0	1	0	0	1	0	1	
0	0	1	1	1	0	0	1	0	0	0	0	1	0	0	1	0	1	1	1	
0	0	1	1	0	0	0	0	1	1	1	1	1	1	0	1	1	0	1	1	
0	0	0	0	0	1	1	0	0	1	0	1	1	1	0	1	0	0	1	1	
0	0	1	0	1	0	0	1	0	1	0	0	0	1	0	0	1	1	0	0	
1	1	0	1	1	1	0	1	1	1	0	0	1	1	1	1	0	0	1	1	
1	0	0	0	0	0	1	1	0	1	1	0	0	0	1	0	1	0	1	1	
0	0	0	0	1	1	0	1	0	1	0	0	1	0	1	0	1	0	0	0	
1	1	1	0	1	0	0	0	1	0	0	0	0	0	1	0	0	1	1	1	
0	0	0	0	0	1	0	0	0	0	1	1	0	0	0	1	1	1	1	1	
0	1	1	1	1	0	0	0	1	1	1	0	1	1	0	0	0	1	0	1	
0	1	0	0	0	0	0	1	1	1	1	0	0	1	1	1	0	0	1	0	
1	0	1	1	0	1	0	1	1	0	1	0	1	1	0	0	0	1	1	0	
1	0	1	0	1	0	1	0	0	0	0	1	0	1	1	0	1	0	1	0	
1	1	0	0	1	1	1	1	1	0	0	1	0	1	0	0	0	0	1	0	
1	1	0	0	0	1	0	1	1	1	0	1	0	0	0	1	1	0	1	0	
0	1	0	1	1	1	1	1	1	0	0	1	1	0	1	1	1	0	0	0	
0	0	0	1	0	1	1	1	1	0	1	0	0	0	0	0	1	0	1	0	
1	1	1	1	1	1	1	1	0	0	1	1	1	1	0	1	1	1	0	0	
1	0	0	1	1	1	0	0	0	0	0	1	1	1	0	1	1	0	1	0	
0	1	1	0	0	0	0	1	1	1	0	0	0	1	0	1	1	0	0	1	
1	0	1	0	0	1	0	1	1	1	1	1	1	1	1	1	0	0	0	1	
1	0	1	0	1	1	0	0	1	1	1	0	0	1	0	0	1	0	1	0	
0	1	1	1	0	0	0	0	0	0	0	1	1	1	1	0	1	1	1	0	
1	1	1	1	1	1	0	1	0	0	1	1	1	0	1	0	0	1	0	1	
0	0	1	1	1	1	0	0	1	0	1	1	1	1	1	0	1	0	0	0	
1	0	0	1	1	0	1	1	1	0	0	0	1	0	0	0	0	1	0	0	
0	0	1	0	1	1	1	1	0	1	1	0	0	1	1	1	1	0	1	0	
0	0	0	1	1	1	1	0	1	1	0	1	0	1	0	0	1	0	0	1	
0	1	0	1	1	0	0	1	0	0	1	1	0	0	1	1	0	1	0	0	
1	0	1	0	1	1	0	1	1	0	0	1	1	0	1	1	0	1	1	0	
0	0	0	0	1	1	1	0	0	0	1	1	1	0	0	1	0	0	0	0	
0	0	1	1	1	0	1	1	1	0	1	1	0	0	1	0	0	1	1	0	
0	1	0	1	0	0	0	0	1	0	0	1	0	1	0	0	1	0	0	0	
0	0	0	0	1	0	1	1	0	1	1	1	1	1	0	1	1	1	0	1	
1	1	1	1	0	0	0	1	1	0	0	0	1	1	1	1	1	1	0	0	
1	0	1	0	0	1	0	1	0	0	1	0	1	1	0	0	1	0	1	1	
1	1	0	1	1	0	0	0	1	0	1	0	1	0	0	1	0	0	1	0	
1	0	0	1	0	1	0	1	1	1	0	0	0	1	0	1	1	1	1	1	
0	1	1	1	0	1	0	1	1	1	1	1	0	0	1	0	1	0	0	1	
0	1	0	0	1	0	0	1	1	1	1	1	1	0	1	1	1	0	1	1	
0	1	1	0	1	1	0	1	1	1	0	1	1	1	1	0	1	1	0	0	
0	1	1	0	0	1	0	0	1	0	1	1	0	0	0	0	0	1	0	0	
0	1	0	0	0	0	1	0	0	0	1	0	0	1	0	1	0	1	0	1	
0	1	1	1	0	1	0	0	1	0	0	1	1	0	0	0	1	1	0	1	
1	0	0	1	1	1	0	1	0	1	0	1	0	1	1	0	0	0	0	0	
1	1	0	0	0	0	1	1	0	1	0	0	1	1	0	0	0	1	0	0	
0	0	1	0	1	1	0	0	0	1	1	1	0	1	0	0	1	0	0	0	
1	1	1	0	0	1	1	1	0	1	1	1	0	0	1	1	1	1	0	0	
1	0	1	0	1	0	1	1	1	1	0	0	1	1	1	0	0	1	1	1	
0	1	1	0	1	1	0	1	0	0	1	1	1	0	1	1	0	0	1	0	
0	1	1	1	0	1	1	1	1	1	1	1	1	1	0	1	0	0	0	0	
1	0	1	0	0	1	1	0	1	1	0	1	0	0	1	0	0	0	0	0	
1	1	0	0	0	1	1	1	1	0	1	0	0	0	1	1	0	0	1	1	
1	1	1	0	1	0	1	0	0	0	0	1	0	1	0	0	0	1	0	0	
0	0	1	1	0	0	1	0	0	1	0	0	1	0	0	1	1	0	0	0	
1	1	0	0	0	0	1	0	1	1	0	1	1	1	1	1	1	0	0	1	
1	0	0	1	1	0	1	1	0	0	1	0	1	0	1	1	1	1	1	0	
1	0	0	1	0	0	0	0	0	0	1	1	1	1	0	1	0	1	0	0	
1	1	1	1	0	1	1	0	1	0	1	0	1	0	0	1	1	1	0	1	
1	0	1	0	0	1	0	0	1	0	0	1	0	1	1	0	0	1	1	1	
0	0	0	0	1	0	0	0	1	0	1	1	1	1	0	0	1	1	1	0	
0	1	1	0	0	0	1	0	1	1	0	1	0	1	0	0	1	1	1	0	
1	1	1	0	1	0	0	0	0	1	1	0	1	1	1	1	1	0	0	0	
1	1	0	0	0	1	0	0	1	0	1	0	1	0	1	1	1	1	0	0	
1	0	1	1	0	0	0	1	0	0	1	1	0	0	0	1	0	0	1	0	
1	1	1	0	1	0	0	1	0	0	0	1	0	0	0	0	1	1	1	1	
0	0	1	1	0	1	1	1	0	1	0	1	0	0	0	0	0	0	0	0	
1	0	1	1	0	1	1	1	0	1	0	1	1	1	0	1	1	0	1	1	
1	1	0	1	1	1	1	1	0	1	1	1	1	1	0	0	1	0	0	1	
0	0	1	0	0	1	1	0	0	1	1	0	1	0	0	0	1	1	0	1	
1	1	0	1	1	1	0	1	1	0	0	0	1	0	0	0	1	1	1	1	
1	0	0	0	1	1	0	0	1	1	1	1	1	0	0	0	0	0	1	1	
1	1	0	0	0	0	1	1	1	0	0	1	0	0	1	0	1	1	1	0	
0	1	1	0	1	1	0	0	1	1	1	0	1	0	1	1	0	0	0	1	
1	1	0	1	0	1	1	0	0	0	0	1	1	0	1	1	0	1	1	0	
1	0	0	0	1	0	0	0	1	1	0	0	0	1	0	1	0	0	0	0	
1	1	1	0	0	0	1	1	0	0	0	0	0	0	0	0	1	0	0	0	
1	1	0	0	0	1	0	0	0	0	0	1	0	1	1	1	0	0	0	0	
0	0	1	1	0	1	1	1	0	0	1	0	1	1	1	1	1	0	0	1	
0	0	0	0	1	1	0	0	1	1	1	0	0	0	1	0	0	1	1	0	
1	1	1	1	1	0	1	1	1	0	1	0	1	0	1	0	1	0	1	1	
1	1	0	0	1	1	0	0	1	0	1	1	0	1	0	1	1	0	0	1	
0	0	0	1	1	0	0	0	0	0	0	0	0	0	1	1	1	1	1	0	
1	0	0	1	0	0	0	1	1	1	1	0	1	1	0	1	1	0	0	0	
1	0	1	0	1	1	1	1	0	0	1	0	0	0	0	1	0	0	0	0	
0	1	0	0	1	1	1	0	0	0	1	1	1	1	1	0	1	1	0	1	
1	1	0	1	1	0	0	0	1	0	0	1	1	0	1	0	0	0	0	1	
0	0	1	0	1	1	1	1	1	1	1	0	0	1	0	0	0	1	1	1	
1	1	1	0	1	0	0	1	1	0	0	1	1	1	0	1	0	0	0	1	
1	1	0	1	1	0	0	1	0	0	1	0	0	1	0	0	0	1	1	0	
1	1	0	1	0	1	1	0	1	1	1	1	0	1	0	0	0	1	1	1	
0	0	1	1	1	1	1	0	1	0	0	0	0	0	0	0	1	1	0	0	
0	1	1	1	0	0	1	1	1	0	0	1	1	0	0	0	0	0	1	1	
1	0	0	1	1	0	1	0	1	0	1	1	0	1	1	1	0	0	0	0	
0	1	0	1	0	1	0	0	0	1	0	1	1	1	0	1	1	1	0	1	
1	0	0	1	0	1	0	0	1	1	1	1	0	0	1	0	1	0	1	1	
0	0	1	0	0	1	0	1	0	0	1	1	0	1	0	1	0	1	0	1	
1	0	0	1	0	0	1	0	1	1	0	0	1	1	1	0	1	0	1	0	
1	1	1	0	0	0	0	0	1	1	1	1	1	1	1	0	0	0	1	0	
0	1	0	0	0	1	0	1	0	1	0	0	0	0	0	1	1	1	0	0	
0	0	1	1	0	0	1	1	0	1	1	1	0	0	0	0	1	1	1	1	
0	1	1	1	1	1	0	1	0	0	0	0	0	1	0	1	1	0	0	0	
1	0	0	1	0	1	0	0	0	1	1	0	1	0	1	1	0	0	0	0	
1	1	1	0	0	1	0	1	1	1	0	0	1	0	0	1	0	1	0	0	
0	1	0	0	1	0	1	1	1	1	1	0	1	0	0	0	1	0	0	0	
1	0	1	0	1	0	0	1	0	1	1	1	1	0	1	0	0	1	0	0	
0	0	0	1	1	1	1	1	1	0	1	1	1	1	0	1	0	1	1	1	
0	1	1	1	0	0	1	0	0	0	1	0	0	0	1	0	0	0	0	0	
1	1	0	0	1	0	1	0	0	0	1	0	1	0	0	0	0	1	1	1	
0	0	1	1	1	0	0	1	0	0	1	1	1	0	0	0	1	0	0	1	
0	0	0	1	0	0	0	0	1	0	1	0	1	0	1	0	0	1	1	1	
1	0	1	0	0	0	0	0	0	0	0	0	1	0	0	0	0	0	1	0	
1	0	0	0	0	1	1	1	1	1	1	1	0	1	0	0	0	1	0	0	
1	0	1	0	1	1	0	0	0	1	0	1	0	0	1	1	1	0	0	1	
0	1	1	0	1	0	1	0	0	1	0	0	0	0	1	1	0	0	1	0	
0	1	0	1	1	0	1	1	0	0	0	0	0	1	0	1	0	0	0	1	
0	1	0	0	1	1	1	0	0	0	0	0	1	1	0	1	1	1	1	0	
1	0	1	1	1	0	0	0	1	1	0	1	0	0	0	1	0	1	1	1	
0	1	0	1	1	1	0	1	0	1	1	0	0	0	0	1	0	0	1	1	
1	1	1	1	0	1	0	0	0	0	0	0	0	1	0	1	1	1	0	1	
1	1	1	1	0	0	0	0	1	0	1	0	0	1	1	0	1	0	1	1	
0	1	1	0	1	1	1	1	0	0	0	1	0	1	1	1	1	1	1	1	
0	1	1	0	0	0	0	0	0	1	1	1	0	0	0	1	0	0	0	1	
0	0	1	0	0	1	1	1	0	0	1	1	1	1	1	0	0	1	1	0	
1	1	0	0	1	1	1	0	1	0	0	0	1	0	0	0	1	0	0	1	
1	1	1	0	1	1	0	1	0	1	0	0	0	1	0	0	0	0	1	1	
0	0	1	1	1	0	0	1	1	1	0	0	0	0	1	0	1	0	1	0	
1	1	1	0	0	0	1	1	1	1	1	1	1	0	0	1	0	1	0	0	
0	0	1	1	0	0	0	0	0	1	0	0	0	1	1	0	0	0	0	1	
1	0	1	1	0	0	1	0	0	0	0	1	0	0	1	1	0	1	0	1	
0	1	1	0	1	1	1	1	1	1	0	1	0	0	0	1	0	1	0	1	
1	1	0	1	0	1	1	1	1	0	0	0	0	1	1	0	0	1	0	1	
1	0	0	1	0	1	0	1	0	0	1	1	1	1	1	1	1	1	0	1	
0	1	0	1	0	0	1	0	1	1	0	0	0	0	0	0	0	0	1	1	
1	1	0	0	1	0	0	1	1	0	0	0	1	1	1	0	1	1	0	1	
1	0	0	0	1	0	0	1	0	0	0	0	1	0	1	1	1	0	0	1	
0	0	0	1	0	1	0	0	1	0	0	0	0	0	0	1	0	0	0	1	
0	0	0	0	0	0	1	0	0	0	0	0	1	0	1	1	0	1	0	1	
0	0	0	0	0	1	0	1	1	0	0	1	0	1	1	0	1	0	1	1	
0	0	0	0	0	0	0	1	1	0	0	0	0	0	1	0	0	0	0	0	
0	0	0	0	1	1	1	0	1	1	0	1	1	1	1	1	0	1	0	0	
1	0	0	0	0	1	0	0	0	1	1	0	1	1	1	0	1	1	0	0	
1	0	0	1	0	1	1	1	0	1	0	0	1	0	0	0	0	0	0	1	
1	1	1	0	0	1	1	0	0	0	1	1	1	1	0	1	0	0	1	1	
0	1	1	1	1	0	1	1	0	1	0	0	1	0	1	0	1	1	0	1	
0	1	1	1	0	1	1	1	0	0	0	0	0	0	0	1	0	1	1	0	
1	0	1	0	0	1	0	1	1	0	1	1	1	0	0	0	1	0	0	0	
0	0	0	1	0	0	1	0	0	0	0	0	0	1	0	0	1	1	1	1	
0	1	0	1	0	0	1	0	0	1	1	1	1	0	0	1	1	1	1	0	
1	0	0	0	1	1	0	0	1	0	0	0	1	1	1	1	0	1	1	1	
0	1	1	0	1	0	0	1	1	0	1	0	0	0	0	1	1	1	1	0	
0	0	0	1	1	1	0	1	1	1	1	1	0	0	0	1	1	1	0	0	
0	1	1	1	1	1	1	0	0	0	1	1	0	0	0	1	1	0	1	1	
1	0	1	0	0	1	0	0	0	1	1	0	0	0	1	1	0	1	1	1	
0	0	1	0	1	1	0	0	0	0	0	0	1	1	0	0	0	1	0	1	
0	1	0	0	0	0	1	1	0	0	1	1	1	1	0	0	1	0	1	0	
1	0	0	0	0	0	0	0	1	1	0	1	1	0	0	0	1	1	0	1	
0	0	1	1	1	1	0	0	0	0	1	0	0	1	1	1	0	1	0	0	
0	1	1	0	0	0	1	0	1	1	1	0	1	0	1	0	1	1	1	0	
1	1	1	1	0	1	1	0	0	1	0	0	0	0	1	0	0	1	1	1	
1	1	0	1	0	0	0	1	0	0	0	0	1	0	1	1	1	0	1	1	
1	1	1	0	0	1	1	0	0	1	0	1	1	0	1	0	1	0	1	0	
1	1	1	1	0	0	1	1	0	1	1	0	1	1	1	1	0	0	1	1	
0	1	1	0	0	0	0	1	0	0	1	0	0	1	1	0	1	1	0	1	
0	0	1	0	1	0	1	1	1	0	0	0	1	1	0	1	1	0	1	1	
1	0	0	1	1	0	1	1	0	1	0	1	1	0	1	0	1	1	1	0	
1	0	1	0	0	1	1	1	0	0	0	1	1	0	1	0	1	1	1	1	
1	0	1	1	1	1	0	1	1	1	0	0	1	1	0	0	1	0	0	1	
1	0	1	0	1	0	1	0	0	1	1	0	0	1	0	1	1	1	0	1	
1	0	0	0	0	0	0	1	0	0	1	1	1	1	1	0	0	0	0	1	
1	0	1	1	0	0	1	0	1	1	1	1	1	1	1	0	1	1	0	0	
1	0	0	1	1	1	1	0	0	1	1	0	0	1	0	0	0	1	0	1	
0	1	1	0	0	1	1	1	1	1	0	0	1	1	0	0	1	1	1	1	
1	1	0	1	0	0	1	1	1	0	1	1	0	0	0	1	1	1	0	1	
1	0	1	0	0	1	1	0	1	0	0	1	0	1	0	1	1	1	0	0	
0	0	1	0	1	0	1	0	1	0	1	1	0	0	0	0	0	0	0	1	
1	1	1	1	0	1	1	0	0	0	1	0	0	1	0	0	1	0	0	0	
0	1	0	1	0	1	0	1	0	0	1	0	1	1	0	0	0	0	0	0	
1	1	1	1	0	1	0	1	1	0	1	1	0	1	1	1	1	1	1	0	
0	0	0	0	0	0	0	0	0	1	1	1	0	0	1	1	1	0	0	0	
1	1	0	0	0	0	0	0	0	1	1	1	0	1	1	1	1	1	1	1	
1	0	1	1	1	0	1	1	1	1	1	0	1	0	1	1	0	0	0	1	
1	0	1	0	0	0	0	1	0	1	0	1	1	1	1	1	1	1	1	0	
0	0	0	1	0	0	0	1	0	1	0	1	1	0	1	1	0	0	0	0	
1	1	0	1	0	0	0	1	0	1	0	1	0	1	0	0	0	0	0	1	
1	0	0	0	1	1	0	1	0	0	0	1	0	0	0	0	0	1	0	1	
1	0	0	0	1	1	1	0	1	1	1	0	1	0	0	1	1	1	1	0	
1	1	1	0	1	1	0	1	0	0	1	0	0	0	1	0	1	0	1	0	
0	0	1	1	1	1	0	0	0	1	1	0	1	0	0	1	1	1	1	0	
0	0	1	0	1	1	1	1	1	0	1	0	0	0	1	0	1	1	0	1	
0	0	0	1	1	0	1	0	0	1	1	1	1	1	1	0	0	0	0	1	
1	1	1	1	1	0	1	0	1	1	0	1	1	0	0	0	1	0	0	0	
1	1	0	1	1	0	1	0	0	1	1	1	0	0	0	1	0	0	0	0	
0	0	1	1	1	0	0	1	1	0	0	1	0	1	1	1	1	1	0	1	
0	1	1	0	1	0	0	0	0	0	0	1	1	0	0	1	1	1	0	0	
0	0	0	0	0	0	1	0	1	1	1	0	0	0	0	1	0	1	1	0	
1	0	1	1	1	0	1	0	1	0	0	1	1	1	0	0	1	1	1	1	
0	1	0	0	1	0	1	1	0	1	1	1	0	0	1	0	0	0	1	1	
0	1	1	1	1	1	0	0	1	1	0	1	0	1	0	1	0	0	1	0	
0	0	0	0	1	0	0	0	0	0	1	0	0	1	1	1	0	0	1	1	
0	1	0	1	0	1	1	0	1	1	1	0	0	1	1	1	1	0	0	0	
1	1	0	0	0	1	0	0	0	1	0	0	1	0	1	0	0	1	1	1	
1	1	1	0	1	1	0	0	0	1	1	1	1	1	0	1	0	1	1	0	
1	1	0	1	1	1	0	0	1	1	0	0	0	0	1	1	1	1	0	1	
0	0	1	1	1	1	0	1	1	0	1	1	0	1	1	0	0	0	1	1	
0	0	1	1	1	1	1	0	0	0	0	0	1	0	1	0	0	0	1	1	
0	0	0	0	1	1	1	1	0	1	0	1	0	0	0	0	1	1	1	0	
0	1	0	0	0	1	1	1	1	0	1	0	1	0	0	1	1	0	1	1	
1	0	1	0	0	0	1	1	0	1	1	1	0	1	0	0	0	0	1	1	
1	0	0	1	0	0	0	0	0	1	0	1	0	1	1	0	0	1	1	0	
0	0	0	1	1	0	0	0	1	0	1	0	1	0	0	1	1	0	0	1	
0	1	0	1	1	0	1	0	1	0	1	0	0	1	1	1	1	1	1	1	
1	1	0	0	1	0	1	0	1	0	0	0	0	0	1	1	0	1	0	0	
0	0	1	0	0	0	0	0	1	0	0	0	1	0	1	1	1	0	1	1	
0	1	1	0	0	1	0	0	1	0	0	0	1	1	1	1	1	0	1	0	
1	1	1	1	1	0	1	0	0	1	1	1	1	1	1	1	0	1	1	1	
0	1	0	1	0	1	1	1	0	1	1	0	1	1	1	1	0	1	0	0	
0	0	0	0	1	1	1	0	1	0	0	1	0	0	1	1	0	0	1	0	
1	1	1	1	1	0	0	0	0	1	0	1	1	0	1	1	1	0	1	1	
1	0	0	0	0	1	1	1	0	0	1	0	0	1	0	1	1	1	1	0	
0	1	1	0	1	0	1	0	1	0	1	1	1	0	1	1	1	1	1	1	
1	1	1	0	1	1	1	0	1	1	0	0	0	0	0	1	1	0	1	1	
0	1	0	0	0	1	0	0	1	1	1	0	0	1	0	0	1	1	1	1	
0	0	1	1	0	1	1	1	1	1	0	1	1	0	1	1	0	1	1	0	
0	1	1	0	1	0	1	0	1	1	0	1	0	1	1	0	1	0	0	1	
1	1	0	1	0	1	0	1	1	1	1	1	1	0	1	0	0	0	1	0	
1	1	1	1	1	1	0	0	1	0	0	0	1	1	0	0	0	0	0	0	
1	1	1	0	0	1	1	0	1	1	1	0	0	1	1	0	0	0	0	1	
0	0	1	1	1	0	1	1	1	1	1	1	0	1	0	1	1	0	1	0	
0	1	1	1	0	0	1	0	0	0	0	1	1	1	1	1	0	0	0	1	
0	1	0	1	0	0	0	0	1	1	1	1	0	1	1	0	0	1	0	1	
0	0	1	0	1	1	1	0	1	1	1	1	1	0	0	0	1	0	1	0	
0	1	0	0	0	1	1	0	0	0	0	0	0	0	1	0	1	0	0	1	
1	1	1	1	1	0	0	1	1	1	1	1	1	1	0	0	1	1	1	1	
0	1	0	0	1	0	0	0	0	0	0	1	0	0	0	0	0	0	1	0	
1	1	1	1	0	0	0	0	0	0	1	0	1	0	1	0	0	0	0	1	
0	1	0	1	1	1	1	0	0	1	0	1	1	0	0	0	0	1	0	0	
0	0	1	0	0	0	1	0	1	0	1	0	1	1	0	1	0	1	0	0	
1	0	0	0	1	1	1	1	0	0	0	0	1	1	1	0	0	0	1	0	
0	1	0	0	1	0	0	0	0	1	0	0	1	1	0	0	1	0	1	1	
1	1	0	0	1	0	0	1	1	1	1	0	0	0	1	1	0	1	0	1	
0	0	1	1	0	1	1	0	1	1	1	0	0	1	1	1	1	1	1	1	
0	1	1	0	1	0	1	1	0	0	0	0	1	1	1	0	0	0	0	0	
1	0	0	0	1	0	0	1	0	1	1	0	1	0	0	1	0	0	1	0	
0	0	0	1	0	0	1	1	1	1	0	0	0	0	1	1	1	1	0	1	
0	1	0	0	1	1	0	1	1	0	1	0	0	1	0	0	0	0	0	1	
1	0	0	1	1	1	0	0	0	0	1	1	0	0	0	0	1	1	1	0	
1	0	0	1	0	0	1	0	1	0	0	1	1	0	0	1	0	0	1	1	
0	0	1	0	0	1	0	1	0	1	0	0	0	0	1	1	0	0	1	1	
1	0	0	1	1	0	1	0	0	0	1	0	0	0	1	0	1	0	0	1	
0	1	0	1	1	0	0	1	1	1	0	0	1	1	1	1	0	1	1	0	
0	0	0	0	1	1	0	1	0	1	0	0	0	1	1	1	0	1	0	0	
1	0	1	1	1	1	1	1	1	0	0	1	0	0	1	1	1	0	0	1	
1	0	1	1	1	1	1	0	0	1	0	0	1	1	1	1	1	1	0	0	
1	0	1	0	0	0	1	0	1	0	1	1	0	0	1	1	1	0	1	0	
0	1	1	1	0	1	0	1	0	0	0	0	1	0	0	0	1	1	1	0	
0	0	0	0	1	0	1	0	1	0	0	0	0	1	0	0	0	1	0	0	
0	0	0	0	0	0	1	1	0	0	0	1	0	1	0	1	1	0	0	0	
0	0	1	0	0	1	1	0	1	1	0	0	1	1	1	0	0	0	0	1	
0	0	0	1	1	1	1	0	1	1	0	1	1	0	1	1	1	1	1	1	
0	0	1	0	0	0	0	0	0	1	0	1	1	0	0	0	0	1	1	1	
1	1	1	0	1	1	1	0	1	0	1	1	1	0	1	0	0	1	0	0	
0	1	1	1	1	1	0	0	0	1	1	1	0	1	1	0	0	1	1	1	
0	0	0	1	0	1	1	0	0	0	1	1	0	1	1	1	0	0	1	0	
1	1	0	0	1	1	1	1	0	1	0	1	1	0	0	1	0	0	0	1	
1	1	1	1	0	0	1	0	0	1	0	0	0	1	0	1	0	1	1	0	
0	0	1	0	0	0	0	1	1	1	0	1	1	1	0	0	0	0	0	0	
0	1	0	1	0	0	0	0	0	0	1	1	0	0	1	0	1	1	0	0	
0	0	1	0	0	0	0	1	1	0	0	1	1	0	1	1	0	1	0	0	
1	0	1	1	0	1	1	0	0	0	0	1	1	1	0	0	0	0	0	1	
1	1	1	1	1	0	1	1	0	0	0	1	0	1	0	0	1	0	0	1	
1	1	0	0	0	1	1	1	1	1	0	1	0	0	0	0	0	1	0	0	

invalid rows (last execution): 
19	21	28	30	31	39	44	49	51	53	59	62	68	69	72	78	79	88	89	106	114	121	123	127	135	138	152	167	169	170	177	184	192	198	209	211	212	219	223	243	249	252	258	260	265	288	289	295	297	
