forbidden tuples: 
(P_20.1, P_1.0, P_15.0, P_18.1, P_9.1, P_10.1, P_14.0, P_3.0, P_5.0, P_13.0, P_2.1, P_11.0)
(P_8.0, P_11.0, P_2.0, P_6.1, P_16.1)
(P_16.0, P_18.1, P_19.1, P_17.1, P_11.0, P_4.1, P_7.0, P_9.0, P_3.1, P_15.1, P_14.1, P_20.0, P_5.1, P_10.0, P_12.1, P_13.0, P_6.1, P_1.1, P_8.1)
(P_19.1, P_14.1, P_16.0, P_15.1, P_17.1, P_5.0, P_6.0, P_20.0, P_9.1, P_3.1, P_12.0, P_4.0, P_11.1, P_7.1)
(P_1.1, P_16.0, P_6.1, P_18.0, P_7.1, P_19.1, P_11.1, P_13.1, P_8.1, P_20.1, P_9.0)
(P_12.1, P_15.1, P_20.0, P_6.0, P_8.1, P_2.0, P_19.0, P_14.0, P_18.0, P_11.0, P_16.0, P_13.1, P_7.0, P_3.0, P_4.0, P_5.0, P_9.1, P_10.1, P_17.0)
(P_5.0, P_12.1, P_10.0, P_2.0, P_20.0, P_19.0, P_13.0, P_11.1, P_6.0, P_4.0, P_3.0, P_17.0)
(P_14.0, P_17.1, P_6.0, P_13.1, P_9.0, P_8.0, P_12.0)
(P_5.0, P_17.1, P_14.1, P_4.0, P_10.0, P_12.0, P_18.1, P_7.0, P_15.1, P_3.1, P_16.1, P_2.0, P_8.0, P_9.0, P_6.0, P_11.0, P_1.0, P_13.1, P_20.1, P_19.0)
(P_18.0, P_14.1, P_1.1, P_20.1, P_19.0, P_15.0, P_9.0, P_2.0, P_4.1, P_12.1, P_6.0, P_3.0, P_5.0, P_16.1, P_7.1)
(P_20.1, P_2.1, P_13.0, P_1.1, P_5.0, P_3.0, P_12.0, P_19.0, P_4.1, P_6.1, P_9.0, P_14.1, P_7.1, P_17.0, P_15.0, P_10.1, P_16.0, P_18.0)
(P_18.0, P_6.1, P_19.0, P_10.0, P_9.1, P_14.0, P_7.0, P_11.0, P_20.0, P_12.1, P_4.0, P_2.0, P_1.1, P_15.0, P_17.0, P_13.0, P_8.1, P_3.1, P_5.1)
(P_1.0, P_7.1, P_5.0, P_15.1, P_18.1, P_16.0, P_12.1, P_13.0, P_14.0, P_6.0, P_3.0, P_19.1)
(P_12.1, P_8.0)
(P_4.1, P_14.0)

 ----------Identity covering array: 
1	0	0	0	1	1	0	1	1	1	1	0	0	1	1	1	1	0	1	1	
1	0	1	1	1	0	1	1	1	0	1	0	1	1	1	1	1	0	0	1	
0	0	0	0	0	1	1	0	1	1	0	0	0	0	0	1	0	1	0	0	
0	0	1	0	0	0	0	0	1	1	0	1	1	0	1	1	0	0	1	1	
0	0	1	1	1	1	0	1	0	0	1	0	0	1	0	1	0	0	0	1	
0	1	1	1	1	1	1	1	1	1	0	1	1	0	0	1	0	1	0	0	
0	0	0	1	1	1	0	1	1	1	0	0	0	0	1	1	1	0	0	1	
0	1	1	0	1	0	1	0	0	0	0	0	1	0	1	1	0	1	0	0	
0	1	0	0	1	1	1	1	0	1	1	0	1	1	1	0	0	1	0	0	
1	0	1	1	0	0	1	0	1	1	0	1	0	1	0	1	0	1	1	1	
1	1	1	1	1	1	1	1	1	1	1	0	0	0	1	0	1	1	0	1	
1	1	0	0	1	0	1	1	0	1	1	1	1	0	1	0	0	0	1	1	
0	1	1	1	1	1	1	0	1	0	1	0	1	1	0	0	1	0	0	0	
0	1	1	0	0	1	1	1	1	1	1	0	1	1	1	1	0	0	1	1	
0	0	1	1	0	0	1	0	0	1	0	0	1	1	0	0	0	0	0	1	
1	0	1	0	0	1	0	0	0	0	0	0	1	1	1	1	1	0	1	0	
1	0	1	1	1	1	0	1	1	1	0	0	1	1	0	0	1	0	1	1	
0	1	0	0	0	1	1	0	1	0	0	1	1	1	0	1	1	0	0	0	
1	0	0	0	1	0	1	0	1	0	0	1	0	1	1	1	1	1	0	0	
1	0	0	0	1	1	1	0	1	0	1	0	1	0	1	0	0	0	1	1	
0	0	0	1	1	1	0	0	1	0	1	0	1	0	1	1	1	1	0	0	
0	0	1	0	1	0	1	1	1	1	1	0	1	0	0	0	0	1	1	0	
1	0	1	0	1	1	1	1	1	0	1	1	1	0	0	1	1	0	0	1	
0	1	1	1	0	0	0	1	0	0	0	0	1	1	0	0	0	0	0	1	
0	0	0	1	1	0	0	0	0	1	1	1	0	0	1	0	0	1	0	1	
1	0	1	1	0	0	1	1	1	0	1	1	0	0	1	0	0	0	0	1	
0	1	0	1	0	1	0	0	1	0	0	0	1	0	0	1	0	0	1	1	
0	1	1	0	0	1	0	0	1	1	1	1	0	1	1	1	1	1	0	0	
1	0	0	0	0	0	1	1	1	0	0	1	1	0	0	1	0	1	1	0	
1	0	1	1	1	0	1	0	0	1	0	1	1	0	1	0	1	1	1	0	
1	1	1	0	1	0	1	0	0	0	1	1	0	0	0	0	1	1	0	0	
0	0	1	1	1	0	0	1	1	0	0	0	0	0	0	1	0	0	1	0	
1	1	1	0	1	1	1	1	1	0	0	1	1	1	1	0	0	1	0	1	
0	0	1	1	0	1	1	0	1	1	1	1	0	0	0	0	0	0	0	1	
0	1	1	1	0	1	0	1	1	0	0	0	0	0	0	0	0	1	0	0	
0	0	0	0	0	1	1	1	0	0	0	1	0	1	1	1	0	0	1	1	
1	1	0	1	0	0	1	0	0	1	0	1	0	0	0	1	1	0	0	0	
0	0	1	0	1	0	0	1	0	1	0	1	1	1	1	1	0	1	1	0	
1	0	1	0	1	1	1	0	1	1	0	0	0	1	1	0	0	0	0	0	
0	1	0	0	1	0	1	0	1	1	0	0	1	0	1	1	0	1	1	1	
0	0	0	1	1	1	1	1	0	0	1	0	0	0	0	0	1	0	1	1	
0	1	0	0	1	0	1	1	1	0	1	0	0	1	1	0	1	0	0	1	
1	1	1	1	0	0	1	0	1	0	0	0	0	1	1	0	1	0	0	1	
1	1	0	1	0	1	0	1	1	0	1	0	1	1	1	0	1	1	0	0	
0	1	0	1	0	0	1	0	1	1	1	0	1	0	1	0	0	0	0	0	
1	1	0	1	1	0	0	1	1	1	1	0	1	1	0	1	1	1	1	1	
1	1	0	1	1	0	1	1	0	0	0	0	1	0	0	0	1	1	0	1	
1	0	1	1	1	0	0	0	1	0	0	1	0	1	1	0	0	0	1	0	
1	1	1	0	1	1	0	0	1	1	0	1	0	0	1	0	1	1	1	1	
0	1	1	1	1	0	1	1	0	1	0	0	0	0	1	0	0	0	1	1	
0	0	0	1	1	1	1	0	0	0	0	0	1	1	0	1	1	1	1	0	
0	1	0	0	0	1	0	1	1	1	0	1	1	1	0	1	1	1	1	1	
0	1	0	1	1	1	0	1	0	1	0	0	1	0	1	0	1	1	1	0	
0	0	0	0	0	0	0	1	1	0	1	0	1	0	1	1	0	1	0	1	
1	1	1	1	1	1	1	1	1	1	1	0	0	0	0	0	0	0	1	0	
0	1	1	1	1	0	0	1	0	0	1	1	1	0	1	0	1	0	0	0	
1	0	0	0	0	1	0	1	1	1	0	0	1	1	0	1	1	0	0	0	
1	1	0	0	0	1	1	1	1	0	0	0	0	0	1	1	1	1	1	1	
1	1	0	0	0	0	0	1	0	1	1	0	0	0	0	0	1	1	0	0	
0	0	0	0	0	1	1	1	1	1	1	0	1	0	1	1	1	0	1	0	
0	0	0	1	1	0	0	0	0	0	0	0	1	1	1	0	1	0	0	0	
1	0	1	1	1	0	0	1	1	1	1	1	0	0	0	1	1	1	0	0	
1	0	0	1	1	1	0	0	1	0	0	0	1	1	1	1	0	1	1	1	
0	1	0	1	1	0	1	0	1	1	0	1	0	0	0	0	0	1	1	1	
1	0	0	0	0	0	1	1	0	1	0	0	1	1	1	0	0	1	0	1	
1	1	1	1	1	0	1	0	1	0	0	1	1	0	1	1	0	0	0	1	
0	1	1	1	0	1	0	0	1	1	0	1	1	1	1	0	1	0	1	0	
1	0	1	1	0	1	1	1	1	1	0	1	0	1	1	0	1	1	0	0	
0	1	1	1	1	1	0	1	1	0	0	0	0	1	1	1	1	1	1	0	
0	1	0	0	0	0	0	0	0	1	0	0	0	1	1	1	1	0	1	0	
1	0	0	0	1	0	0	0	0	1	1	1	0	1	0	1	0	0	0	0	
0	1	0	1	0	0	0	0	0	0	0	1	1	1	1	1	1	1	1	0	
0	1	1	0	1	1	0	1	1	0	0	0	1	0	0	0	1	0	0	1	
0	0	1	0	1	0	0	0	1	0	1	0	0	1	0	1	0	1	0	1	
0	1	1	1	1	0	0	1	0	1	0	0	0	0	0	0	1	0	1	0	
1	1	1	1	0	1	0	0	1	1	1	0	0	1	0	1	1	0	1	1	
0	0	1	0	1	1	1	1	1	0	1	1	0	0	1	1	0	1	1	1	
1	1	0	0	0	1	1	1	1	1	0	0	0	1	0	0	1	1	1	0	
1	1	1	0	1	0	0	0	1	1	1	0	1	1	1	0	1	1	1	0	
0	1	1	0	0	1	0	0	0	0	1	0	0	0	1	0	1	0	1	1	
1	1	0	0	0	1	1	0	1	1	1	1	0	1	1	0	0	0	0	1	
0	0	0	0	1	0	0	1	0	0	1	0	0	1	0	1	1	0	1	1	
1	0	1	1	0	0	0	0	0	0	1	0	1	0	0	0	0	1	1	0	
1	0	1	1	1	1	0	0	0	0	1	1	0	1	1	0	1	1	0	1	
1	0	0	1	0	1	1	1	1	1	1	0	1	0	0	1	0	1	0	1	
1	0	0	0	1	0	0	0	0	1	0	0	1	0	0	1	1	1	0	1	
1	1	0	1	0	0	0	0	0	1	1	1	1	1	1	1	0	1	1	1	
0	1	0	0	1	1	1	0	0	0	0	1	0	0	1	1	1	0	1	1	
0	0	0	1	1	0	1	1	0	1	0	0	0	0	1	1	1	1	0	0	
0	0	1	1	1	0	1	0	0	0	1	0	0	1	1	1	1	0	1	0	
1	0	1	1	1	1	0	1	0	1	0	0	0	1	0	0	0	1	1	1	
1	1	0	1	0	1	0	0	0	1	0	0	0	1	1	1	0	1	0	1	
1	0	0	0	0	0	1	0	1	1	0	0	1	0	0	0	1	0	1	1	
0	0	0	1	0	0	1	1	1	0	0	1	0	1	0	1	1	0	1	1	
0	1	1	0	0	0	0	0	1	0	1	0	1	0	0	0	1	0	1	0	
1	1	1	1	1	0	1	0	1	0	1	1	1	0	0	0	1	1	1	1	
0	1	1	1	1	0	0	1	1	1	1	1	1	1	0	0	1	1	0	1	
0	1	1	1	0	0	0	0	0	1	1	1	0	0	0	1	0	1	1	0	
0	1	0	1	0	0	1	1	1	0	0	1	1	1	1	1	0	1	0	1	
0	1	1	0	0	0	1	1	0	1	0	1	0	0	1	0	1	1	0	1	
0	0	0	1	0	1	1	0	1	0	1	0	0	1	1	1	1	0	0	1	
1	1	1	0	0	1	0	1	0	1	0	1	0	1	1	0	0	1	1	0	
1	1	0	0	0	1	1	0	0	0	1	0	1	1	0	1	1	1	0	1	
1	0	1	0	1	0	0	1	0	0	0	0	0	0	1	0	0	0	0	1	
0	0	0	1	0	0	0	0	1	0	1	0	0	1	0	0	0	0	1	1	
1	1	0	0	1	1	0	0	0	0	0	0	0	1	0	0	1	0	0	1	
1	1	0	1	1	1	0	0	1	1	1	1	1	0	0	0	0	1	1	0	
0	1	1	0	0	1	1	1	0	1	0	0	0	0	1	1	0	0	0	0	
0	0	0	1	0	1	1	1	1	1	1	1	1	1	1	0	0	1	1	1	
1	1	0	1	1	0	0	1	0	1	0	1	0	1	1	0	1	0	0	1	
1	0	0	1	0	1	1	1	0	0	0	0	1	0	0	1	0	0	0	0	
1	0	1	1	1	0	0	0	1	1	0	0	1	0	1	0	0	1	0	1	
1	1	0	0	0	0	0	1	1	1	1	0	0	0	0	0	0	0	1	1	
0	1	0	1	1	1	0	1	0	1	1	1	0	1	0	1	1	1	0	0	
0	0	0	0	0	1	0	1	0	0	0	1	1	1	1	0	1	1	0	1	
0	1	1	0	1	0	1	1	1	1	1	1	0	0	1	1	0	0	1	0	
1	0	0	0	1	0	0	1	1	0	0	1	0	1	1	0	1	1	1	1	
0	0	0	0	1	0	1	1	1	1	0	0	1	1	0	1	0	0	0	1	
0	1	1	0	1	0	1	0	0	1	1	1	1	1	1	1	1	0	0	1	
0	1	0	1	0	0	0	1	0	0	1	0	1	0	1	1	0	0	1	0	
0	0	0	0	0	0	1	0	1	0	1	1	1	1	1	0	1	1	1	0	
1	0	0	0	1	1	0	1	0	1	1	0	1	0	1	0	1	0	0	1	
1	1	1	1	1	0	0	0	0	0	0	1	1	1	0	1	1	1	0	0	
0	1	1	1	0	1	1	0	0	1	0	1	1	0	1	0	1	0	0	1	
1	1	0	0	1	0	0	0	1	1	0	1	0	0	0	1	1	0	1	0	
0	0	1	1	1	1	1	0	0	0	1	0	1	0	1	0	0	1	0	1	
0	0	1	0	1	1	1	0	0	1	0	0	0	1	1	0	1	1	1	1	
1	1	1	1	0	0	0	0	1	0	0	0	0	1	0	1	0	0	0	0	
0	0	1	1	0	0	1	0	1	1	1	1	1	0	0	1	1	0	1	0	
1	1	0	1	1	0	0	1	1	0	0	0	1	1	0	0	0	0	1	0	
1	1	1	0	0	1	0	0	0	1	0	0	1	0	0	0	0	1	0	1	
1	1	1	0	0	0	0	0	1	0	0	0	0	1	1	1	0	1	1	1	
0	0	1	1	0	0	0	1	1	1	1	0	0	1	1	0	0	1	0	0	
0	0	1	0	0	1	0	1	1	1	0	0	0	0	0	1	1	1	1	1	
1	1	0	0	1	0	1	1	1	1	1	1	1	0	1	1	1	1	0	0	
0	0	0	0	0	1	0	0	0	1	1	0	1	1	0	0	0	0	1	0	
0	0	0	0	0	0	1	1	0	1	1	1	0	1	0	1	0	1	0	1	
0	0	0	1	0	0	0	1	1	1	0	1	1	0	0	0	1	1	1	0	
0	0	0	0	0	1	1	0	0	1	0	1	1	0	1	1	0	1	0	0	
0	0	0	0	0	0	1	0	0	0	0	0	0	0	0	0	0	1	1	1	
0	1	1	0	1	0	0	0	1	1	1	0	0	0	1	1	1	0	0	1	
1	1	1	1	0	1	0	1	0	0	0	1	0	0	0	0	1	0	1	1	
1	0	1	0	0	1	1	1	0	0	1	0	0	1	0	0	0	0	1	0	
1	0	0	0	1	0	0	1	1	0	1	1	1	1	0	0	0	0	0	0	
1	1	0	1	1	0	1	1	0	0	1	0	0	1	0	1	0	1	0	0	
1	0	1	0	0	0	1	1	0	0	0	1	1	0	1	1	1	0	1	1	
1	1	1	0	0	0	1	1	1	1	0	1	1	1	0	0	0	0	0	0	
1	1	0	1	1	0	0	0	0	0	0	1	1	1	0	1	0	0	1	1	
0	0	0	1	1	1	1	0	0	1	0	1	1	1	1	0	0	0	1	1	
1	1	0	1	1	1	1	1	1	0	1	1	0	1	0	1	1	0	1	0	
1	0	1	0	0	0	0	0	0	1	0	1	0	1	0	0	1	0	1	0	
0	1	0	0	1	1	1	0	1	1	1	0	0	0	0	1	1	1	1	0	
0	1	0	1	0	0	0	1	0	0	1	1	0	1	1	0	0	1	0	1	
0	1	1	0	1	0	1	1	1	0	0	1	0	1	0	0	0	0	1	1	
0	0	1	1	0	1	1	1	1	0	0	0	1	0	1	0	0	0	1	0	
1	0	1	0	0	0	0	0	1	1	1	0	0	1	1	1	1	1	1	1	
0	0	1	0	1	1	0	0	0	0	0	1	1	0	0	0	0	0	1	0	
1	0	0	0	0	1	0	0	0	0	1	1	1	0	0	1	1	0	1	1	
1	1	1	0	0	0	0	1	1	0	1	1	0	1	1	1	1	0	1	0	
0	1	0	0	1	1	0	0	1	0	1	1	1	1	1	1	0	0	0	1	
1	1	0	1	1	1	0	0	1	1	0	1	1	0	0	1	1	1	0	1	
0	0	1	0	0	0	1	0	0	0	1	1	1	1	1	0	0	0	0	0	
0	0	0	1	1	1	0	1	1	0	0	1	0	1	1	1	0	1	0	1	
1	0	0	1	0	1	0	1	1	0	0	1	0	0	0	0	0	1	0	1	
1	1	0	0	0	0	0	0	0	0	0	1	1	0	1	0	0	0	0	0	
1	0	0	0	0	1	0	0	0	0	1	1	0	0	0	1	0	1	0	0	
0	1	0	1	1	1	1	0	1	0	0	1	0	0	1	0	1	0	0	0	
0	0	0	0	0	1	0	0	1	0	0	0	0	0	1	0	0	0	0	0	
1	1	1	0	1	1	0	1	0	0	1	0	0	0	1	1	1	1	0	0	
0	1	1	1	1	1	0	0	0	1	0	0	0	0	0	1	0	1	0	1	
0	1	1	0	0	0	0	0	1	0	1	1	1	0	0	0	0	1	0	1	
1	1	0	0	1	0	1	0	0	1	1	1	0	1	0	0	1	1	1	1	
0	0	1	1	0	1	0	1	1	0	1	1	1	1	0	1	0	1	1	0	
1	1	0	0	0	0	1	0	1	0	1	0	1	1	0	1	0	0	1	0	
0	1	0	1	0	0	0	0	1	1	0	0	0	0	1	0	1	1	1	1	
0	0	0	1	1	0	1	0	0	0	1	1	1	0	0	1	0	0	0	0	
1	0	1	1	0	0	1	0	0	1	1	0	1	1	0	1	1	1	0	0	
1	1	0	0	1	1	1	1	0	0	0	1	0	0	1	1	0	1	0	1	
1	0	0	1	0	0	1	1	1	1	0	0	0	1	1	1	0	0	1	0	
1	1	1	1	0	0	0	1	1	1	0	0	1	0	1	1	1	0	0	0	
1	1	0	1	0	0	1	1	0	1	1	1	1	1	0	0	1	0	1	0	
1	1	1	0	0	1	1	0	0	1	0	1	0	0	0	1	0	0	1	1	
0	1	0	0	1	0	0	1	0	0	0	1	0	0	0	1	0	1	1	0	
0	0	0	1	1	0	1	0	1	1	1	0	0	1	0	0	1	1	0	0	
0	0	1	1	0	0	0	0	0	0	0	1	0	0	1	1	1	1	0	1	
1	1	0	0	1	1	0	1	0	1	0	0	1	0	0	1	0	0	1	0	
0	0	1	1	0	1	1	0	0	1	1	0	0	1	1	1	0	1	1	0	
0	1	1	0	0	1	1	0	0	0	1	1	1	1	0	1	0	0	1	1	
1	0	0	1	0	1	1	0	1	0	0	1	1	1	0	0	0	1	0	1	
0	1	1	1	0	1	1	0	0	0	1	0	0	1	0	0	1	1	1	1	
1	0	1	0	1	1	1	0	1	1	1	1	1	1	0	0	0	1	1	1	
0	0	0	1	1	1	0	0	1	1	0	1	0	1	0	1	0	0	1	0	
1	0	0	1	1	0	1	1	1	0	1	1	0	0	1	0	0	1	1	0	
0	0	1	1	0	1	1	1	1	0	1	0	1	0	0	1	1	1	0	1	
0	1	0	1	0	1	1	0	1	0	1	1	0	0	0	1	1	1	1	1	
0	1	1	1	1	0	0	1	1	0	0	1	1	0	1	0	0	1	1	1	
1	0	1	1	1	0	0	1	0	1	1	1	0	0	0	1	0	0	1	1	
0	0	0	0	1	1	0	0	1	1	0	1	0	0	0	0	1	1	0	1	
0	0	1	1	1	1	0	0	0	1	1	0	1	0	1	1	1	1	1	1	
0	1	1	0	1	0	0	1	0	1	1	1	1	0	0	1	0	0	0	1	
0	1	1	1	1	0	1	0	1	0	1	1	0	1	1	1	0	1	1	0	
1	0	0	1	0	0	0	0	1	1	1	1	1	1	1	1	1	0	0	1	
1	1	0	1	1	0	0	0	0	0	1	0	0	0	1	1	1	0	1	1	
0	0	0	0	0	0	0	1	0	1	1	1	0	0	1	0	1	0	1	0	
0	1	0	1	1	0	0	0	0	1	1	0	1	1	0	0	0	0	1	1	
0	1	0	0	1	0	0	0	1	1	0	0	1	1	0	0	0	1	0	0	
1	1	0	1	1	1	1	0	1	1	0	0	1	1	1	1	1	0	1	1	
1	0	1	1	0	1	0	0	0	1	0	0	0	0	0	0	1	0	0	0	
1	0	1	1	1	1	1	0	0	1	0	1	0	1	0	1	1	0	0	1	
1	0	1	0	0	1	0	1	1	1	1	1	1	0	1	0	0	1	1	1	
1	0	1	1	1	1	1	0	1	0	0	0	0	0	0	1	1	1	1	1	
1	0	1	0	0	1	0	0	1	0	0	0	1	0	0	0	1	1	0	0	
0	0	1	0	1	0	0	0	1	0	0	1	1	1	0	0	1	0	0	1	
0	1	0	0	0	0	0	1	1	0	0	1	0	0	0	1	1	0	0	1	
1	1	1	1	0	0	1	1	0	1	1	0	0	0	1	1	0	1	0	1	
0	1	0	1	0	1	1	1	1	1	0	0	0	1	0	0	0	0	1	1	
1	1	1	1	0	0	1	1	0	1	0	0	1	0	0	1	0	1	1	0	
0	1	0	1	0	1	0	1	1	1	1	1	0	0	1	1	0	0	1	0	
0	0	1	0	1	1	0	1	0	1	1	1	1	0	0	0	1	1	0	0	
0	0	1	1	0	0	0	1	0	0	1	0	1	1	1	0	1	1	1	1	
1	0	1	0	0	0	0	1	0	1	1	0	1	1	0	0	1	0	0	1	
1	0	0	1	1	1	0	1	1	0	0	1	1	0	1	1	1	0	1	0	
1	0	0	1	0	0	0	1	0	0	0	0	0	1	0	1	1	1	1	0	
1	0	1	0	0	0	1	0	0	1	1	0	0	0	1	1	0	0	0	0	
0	0	0	1	1	0	1	1	0	0	1	1	1	0	1	1	1	1	1	1	
0	0	1	0	0	1	1	1	1	1	1	1	0	1	0	0	1	0	0	0	
1	1	1	0	1	0	1	1	0	0	0	0	1	1	1	0	1	0	1	0	
1	0	0	0	1	1	1	1	0	1	0	1	0	0	0	0	0	0	0	0	
1	1	1	1	1	1	0	0	0	1	1	0	1	1	1	0	0	0	0	0	
0	1	1	0	0	1	1	0	0	0	0	1	0	1	0	1	0	1	0	1	
1	1	1	0	1	0	1	1	0	1	0	0	0	1	0	1	1	1	1	1	
1	1	1	1	0	1	0	1	0	0	0	1	1	1	1	1	0	0	0	1	
0	1	0	0	1	1	1	1	1	1	0	1	1	0	1	0	1	0	1	0	
0	1	0	0	0	1	1	1	0	0	1	1	1	0	0	0	0	1	1	0	
0	1	1	1	0	0	1	1	1	0	1	0	0	0	0	1	1	0	0	0	
1	1	0	1	0	0	1	0	1	1	1	1	0	1	1	0	0	1	0	0	
0	0	1	0	1	0	1	0	1	1	1	1	0	0	0	0	1	0	1	1	
0	0	1	0	1	1	1	0	0	0	0	0	1	0	0	1	1	0	0	1	
1	0	0	1	0	0	0	1	0	1	0	1	1	0	1	0	0	1	0	0	
1	0	0	1	1	1	1	1	0	1	1	1	1	1	1	1	0	0	0	0	
1	0	0	0	0	1	0	1	0	0	1	0	0	1	1	1	0	0	0	1	
1	0	0	1	0	1	1	0	0	0	0	1	0	0	1	0	0	1	1	0	
1	1	0	1	1	1	1	0	0	0	0	0	0	1	1	0	0	1	1	0	
1	0	1	0	1	1	1	1	0	1	1	1	1	1	0	1	1	1	1	1	
1	1	1	0	1	1	0	0	1	1	1	0	1	1	0	1	0	1	0	0	
1	1	0	0	0	1	1	1	0	0	1	0	0	0	1	0	1	0	0	0	
1	0	1	1	0	1	1	1	0	0	0	1	1	1	0	0	1	1	1	1	
1	1	0	1	1	0	1	0	1	1	1	0	0	0	0	1	0	0	0	1	
1	0	0	1	0	1	1	1	0	1	1	1	0	1	1	1	1	1	1	0	
1	1	1	1	0	0	1	1	0	0	1	1	0	1	1	0	0	0	1	1	
0	1	1	1	1	0	1	0	0	1	0	1	0	1	1	1	0	0	0	0	
1	1	1	0	0	1	1	0	1	0	1	0	1	0	1	1	1	1	1	0	
0	0	1	1	1	1	0	1	0	0	1	1	0	1	1	0	1	0	1	0	
0	1	1	0	0	1	1	0	1	1	0	0	1	1	1	0	1	1	0	1	
0	1	0	0	1	0	0	1	0	0	0	0	1	1	1	0	0	1	1	1	
0	1	1	0	1	1	0	0	0	1	1	1	0	1	1	0	0	0	1	1	
1	0	1	1	1	0	1	1	1	1	1	0	1	0	1	0	1	0	1	0	
1	0	0	0	1	1	0	0	0	0	1	1	1	1	0	0	1	1	1	0	
0	0	1	0	1	1	0	0	0	1	0	1	1	1	1	1	1	0	0	0	
0	1	1	1	0	0	1	1	0	1	1	0	0	0	1	0	1	1	1	0	
0	1	0	1	0	1	0	0	0	0	1	1	0	1	0	0	0	0	0	0	
0	0	1	1	1	0	1	1	1	1	0	1	1	1	1	1	1	1	1	1	
0	0	0	0	0	0	1	1	0	0	0	0	0	1	0	0	1	0	0	0	
0	0	0	0	0	1	0	0	0	1	0	1	1	1	0	0	0	1	1	1	
0	1	1	0	0	0	0	1	0	0	1	0	1	1	0	1	1	1	0	0	
1	0	0	0	1	0	0	0	0	1	1	0	0	0	1	1	0	1	1	0	
0	1	0	0	1	1	1	1	1	0	1	0	0	0	0	0	0	1	0	1	
0	0	1	1	1	0	1	1	0	0	0	1	0	1	0	0	0	1	0	0	
1	0	1	0	0	1	0	1	1	1	0	1	0	1	1	1	0	0	0	1	
1	1	1	1	1	1	1	0	0	1	1	1	1	0	1	1	0	0	1	0	
0	0	0	0	1	1	0	1	1	0	1	0	0	1	0	0	0	1	1	0	
1	0	1	0	0	0	1	1	1	1	0	0	0	0	0	0	0	1	0	1	
1	0	1	1	0	1	0	0	1	0	1	1	1	0	1	1	0	0	0	0	
0	1	0	0	1	0	0	1	1	1	0	1	0	1	1	0	0	0	0	0	
0	1	0	1	0	0	1	1	0	1	0	0	1	0	0	1	1	0	0	1	
1	0	0	0	0	0	1	0	0	0	1	1	1	0	1	0	1	1	0	1	
1	1	1	0	0	1	1	0	1	0	0	1	0	0	0	0	0	0	1	0	
0	0	0	1	0	1	0	1	0	1	1	1	1	0	0	0	0	0	0	1	
1	0	1	0	1	1	1	1	1	0	0	0	1	1	1	1	0	1	0	0	
1	1	1	0	1	1	0	1	1	0	0	0	0	0	0	1	0	0	0	0	
1	1	0	1	0	1	0	1	1	0	1	1	1	0	1	0	1	0	1	1	
1	1	1	1	1	1	0	1	0	0	1	0	1	0	0	1	0	1	1	1	
1	0	0	1	0	1	1	0	0	1	1	0	0	0	1	0	1	0	1	1	
0	1	0	1	0	0	1	0	1	0	0	0	1	1	0	1	0	1	1	0	
0	0	0	0	1	0	0	1	0	0	1	0	0	0	1	1	0	0	0	0	
1	0	0	1	1	0	0	0	1	0	1	0	0	0	0	0	1	0	0	0	
0	1	1	0	1	1	0	0	0	0	1	1	0	0	1	0	0	1	1	0	
1	1	1	1	0	1	1	1	0	0	1	1	1	0	1	1	1	1	0	0	
0	0	1	0	0	0	1	0	0	0	0	1	0	0	0	1	1	1	1	0	
0	1	0	0	0	1	0	1	0	1	1	0	0	1	1	1	1	1	1	1	
0	1	1	0	1	1	1	1	0	1	0	1	1	1	0	1	1	0	1	0	
1	1	0	0	1	1	1	0	0	1	1	0	1	0	0	0	1	0	0	0	
1	1	1	0	0	0	0	1	1	0	1	1	0	1	0	0	1	1	0	1	
1	0	1	0	1	0	1	0	0	0	1	0	1	1	0	1	0	0	1	1	
0	0	1	0	1	0	0	0	1	0	0	0	0	0	1	0	1	1	1	0	
0	0	0	1	0	1	0	0	0	1	0	0	1	1	0	1	1	0	0	0	
1	0	0	0	0	1	0	0	1	0	0	0	0	0	1	1	1	1	1	0	
0	1	0	0	1	0	0	0	0	0	1	1	1	0	0	0	1	1	1	1	
0	0	0	1	1	0	0	1	1	0	1	1	1	1	0	0	1	0	1	1	
0	1	1	0	0	0	0	0	1	0	1	0	0	1	1	1	1	0	0	1	

invalid rows: 
3	4	6	7	10	11	16	18	19	21	25	26	27	28	30	31	32	34	35	37	41	45	47	48	49	50	51	53	55	56	62	63	64	66	67	71	72	75	81	83	84	85	86	87	88	89	96	98	107	111	112	119	120	121	123	124	125	126	129	138	139	142	148	149	151	155	157	158	160	161	162	164	165	166	167	170	171	172	175	176	180	182	185	188	189	191	192	193	194	195	196	197	198	199	201	202	203	208	209	211	213	215	217	218	222	225	230	235	236	237	238	239	242	248	251	256	257	258	259	260	261	264	270	273	275	276	277	278	281	282	283	286	287	288	289	296	297	298	

 ----------Greedy covering array: 
0	1	1	0	1	1	0	1	1	0	1	1	0	1	1	1	1	0	1	0	
0	1	0	0	1	1	1	1	1	0	0	0	1	1	1	1	1	1	1	1	
0	0	1	0	0	0	1	0	1	1	1	0	0	0	1	0	0	0	0	0	
0	0	0	1	0	0	0	0	1	0	1	1	1	0	1	1	0	1	1	0	
0	1	1	0	1	0	0	0	1	0	0	0	0	1	0	1	1	1	0	1	
1	1	1	1	0	0	1	0	1	1	1	0	1	0	1	0	1	1	0	1	
0	1	1	0	0	0	0	1	1	0	1	0	0	0	1	1	1	0	1	1	
1	1	0	0	0	0	1	0	1	1	0	0	1	0	0	0	0	1	1	0	
1	1	1	0	1	0	1	0	0	1	1	0	1	1	0	0	1	0	1	0	
0	0	0	1	0	1	1	0	1	1	1	1	0	1	1	1	0	1	0	1	
1	1	1	0	1	1	1	1	0	1	1	0	0	0	1	1	1	1	1	1	
1	1	0	1	1	1	1	0	0	0	1	1	1	0	0	1	1	0	1	0	
1	1	1	0	1	0	1	1	0	0	0	0	1	1	1	0	0	1	0	1	
1	0	1	0	1	0	1	0	1	0	1	1	1	1	1	1	1	1	1	0	
0	0	0	0	0	0	1	0	0	0	1	0	1	1	0	1	0	1	0	1	
0	0	1	0	0	1	0	1	1	0	0	1	1	1	0	0	0	1	1	0	
0	1	1	0	0	1	0	1	0	0	1	1	1	1	1	1	1	1	0	1	
1	0	1	1	0	0	1	1	1	0	0	0	1	1	1	0	0	0	0	0	
0	1	0	1	0	1	1	1	1	1	0	0	0	1	1	0	0	0	1	0	
0	1	1	0	1	1	1	0	0	0	0	1	1	0	1	1	0	0	1	0	
0	1	1	0	1	0	0	1	1	1	0	0	1	0	1	0	0	0	1	1	
0	1	0	0	1	0	1	0	0	1	1	1	1	0	1	0	1	1	0	0	
0	1	1	1	1	1	1	1	1	0	0	0	1	0	1	1	1	1	0	0	
1	0	0	0	0	0	0	0	0	0	0	0	1	1	0	1	1	1	0	1	
0	1	0	1	1	0	0	0	0	1	1	0	0	0	0	1	0	0	1	1	
0	0	0	1	1	1	1	0	0	0	0	0	0	0	1	1	1	1	1	1	
1	0	1	0	0	0	0	0	1	0	0	1	1	0	1	1	0	0	0	1	
1	0	1	1	1	0	0	1	1	1	1	0	0	1	1	0	0	1	1	0	
0	0	0	1	0	1	1	0	1	1	0	1	1	0	1	0	1	0	0	0	
0	1	0	1	0	1	1	1	0	1	1	1	1	0	0	0	0	1	1	1	
1	1	0	1	1	1	1	1	0	1	0	0	0	0	0	0	0	1	0	0	
0	1	0	0	0	0	0	0	1	0	0	1	0	0	1	0	1	1	0	1	
1	1	1	1	0	1	1	0	0	1	0	0	1	1	1	1	1	1	1	0	
0	0	1	1	1	0	1	0	0	0	1	0	0	0	1	1	0	1	0	1	
1	0	1	0	0	0	0	0	0	1	0	0	0	0	1	0	1	1	0	1	
0	0	1	1	0	0	1	0	1	0	0	1	0	1	0	1	1	0	1	0	
1	0	0	1	0	1	1	1	1	0	1	0	0	0	0	0	0	0	0	1	
0	1	0	1	0	0	0	0	1	1	1	1	1	1	0	0	1	1	1	0	
0	1	1	0	0	1	1	0	0	0	1	0	0	1	1	0	0	1	1	0	
1	1	0	0	0	0	1	0	1	1	1	1	1	0	1	1	0	0	1	0	
0	1	1	0	1	0	1	1	0	0	0	1	0	0	0	1	1	0	0	1	
1	1	0	0	1	0	1	1	0	0	0	0	0	1	1	1	1	0	1	0	
1	0	0	0	0	1	1	1	0	0	0	0	0	1	1	1	0	1	1	1	
1	0	1	0	1	1	0	1	0	1	0	0	1	1	1	0	1	0	1	1	
1	0	0	0	1	0	1	0	0	0	1	0	1	0	1	0	0	0	1	1	
1	1	0	0	1	1	0	1	1	1	1	1	1	1	1	1	1	0	0	1	
1	1	0	0	0	1	1	1	0	1	0	0	1	0	0	1	1	0	0	1	
0	1	0	1	0	1	0	0	0	0	0	1	0	1	1	0	0	1	1	1	
1	1	1	1	0	1	0	1	0	1	1	1	0	0	1	1	0	1	1	0	
1	1	0	0	0	0	1	0	0	0	1	1	0	0	0	1	1	1	1	1	
0	1	1	0	0	0	1	1	1	1	0	1	1	1	0	0	0	0	0	1	
1	0	1	1	0	0	0	1	1	1	1	1	1	1	1	1	1	0	0	0	
1	1	1	0	0	0	0	1	0	1	1	1	1	0	0	0	1	0	1	1	
0	0	0	0	1	0	0	0	1	1	0	0	1	0	1	1	1	0	1	0	
1	1	1	0	1	1	1	0	0	0	1	1	0	0	1	0	1	1	0	1	
1	1	0	1	1	0	0	1	0	0	0	0	1	0	0	0	1	1	1	1	
0	0	1	0	0	1	0	1	1	0	1	0	1	1	1	0	1	0	0	0	
1	0	1	0	0	1	1	1	1	1	0	1	0	0	1	1	1	0	1	0	
1	0	0	0	1	1	0	1	0	1	1	0	0	0	0	0	1	0	0	0	
0	0	1	0	1	0	1	1	1	0	1	1	1	0	1	0	1	0	1	0	
0	1	0	0	0	0	0	1	0	0	0	0	1	1	0	0	0	0	1	1	
0	1	0	1	1	1	0	1	1	1	1	0	0	0	1	0	1	1	0	1	
0	1	1	0	0	1	0	0	1	1	0	1	1	1	1	1	0	0	1	1	
1	1	0	1	0	0	1	0	0	1	1	1	0	0	1	1	0	0	0	1	
0	0	0	0	0	1	1	0	0	1	1	0	1	1	0	1	1	0	1	0	
1	1	0	1	0	1	1	0	1	0	0	0	1	0	1	1	0	1	1	1	
1	0	1	1	0	0	0	1	0	0	1	1	1	1	1	0	0	1	1	1	
0	0	1	1	0	1	1	1	0	1	1	0	0	1	1	0	1	1	1	1	
1	1	1	0	0	0	0	1	1	1	0	1	0	1	1	0	1	1	1	1	
1	0	0	0	0	0	0	1	1	0	1	1	0	1	0	0	0	0	1	0	
0	1	0	1	1	1	0	0	1	0	1	0	0	1	0	0	0	0	0	0	
1	0	0	1	0	0	0	1	1	1	0	1	1	1	0	0	0	0	1	1	
1	1	1	0	0	0	0	1	0	0	0	0	1	0	1	1	1	1	0	0	
0	1	0	0	1	0	0	0	1	1	0	0	0	1	1	1	0	1	0	0	
1	1	0	0	0	0	0	1	0	0	1	1	0	0	0	0	1	1	0	1	
1	0	1	0	1	1	0	1	1	0	1	1	0	1	1	1	0	1	0	1	
0	1	1	1	1	0	1	0	1	1	0	1	0	0	1	1	1	1	1	0	
1	0	1	0	0	1	1	1	0	1	1	1	0	1	1	0	1	0	0	0	
1	1	0	0	1	1	0	1	0	1	1	1	1	1	1	0	0	1	1	0	
1	0	1	0	1	0	0	1	0	0	0	1	0	0	0	1	0	1	1	0	
1	0	1	1	1	1	1	0	0	0	1	0	0	1	1	1	0	0	1	0	
0	1	0	0	1	0	0	1	1	0	0	1	0	1	0	1	1	0	0	0	
0	0	0	0	1	1	0	0	0	1	0	1	1	0	0	0	0	1	0	1	
0	1	1	1	1	1	0	1	0	1	0	0	0	1	0	1	0	1	1	1	
0	0	1	0	1	1	1	0	1	1	1	0	1	0	1	1	1	0	0	1	
0	1	0	0	0	1	0	1	1	1	1	0	1	0	0	1	0	0	0	0	
1	0	0	1	1	1	0	0	1	1	1	1	1	1	0	1	0	0	1	1	
1	1	1	1	0	0	1	1	1	0	0	1	0	0	0	1	0	0	1	0	
0	1	0	0	0	0	1	1	1	1	1	0	0	0	0	0	1	0	1	1	
0	1	0	0	1	0	1	1	1	0	0	1	0	1	0	0	0	1	1	1	
0	1	1	0	0	1	0	0	0	1	1	1	0	1	0	1	1	1	0	1	
1	0	1	0	0	1	0	0	1	1	1	0	0	1	0	1	0	0	1	1	
0	0	0	0	0	1	1	1	0	0	1	1	1	0	1	1	0	0	0	0	
0	0	0	1	0	0	1	1	1	0	0	1	0	1	1	1	1	0	0	1	
1	0	0	0	1	0	0	1	0	0	0	1	1	0	1	0	0	1	0	0	
1	1	0	1	1	1	1	1	0	1	0	1	1	0	1	1	0	1	0	1	
1	1	0	1	1	0	0	1	0	1	1	0	1	1	1	1	1	1	0	1	
1	0	0	1	1	0	0	0	1	1	1	1	0	0	0	0	0	1	0	1	
1	0	0	1	0	0	1	0	1	1	0	0	1	1	1	1	1	0	1	1	
1	0	0	1	0	0	1	1	0	1	1	0	0	0	0	1	1	1	1	0	
0	0	1	0	1	0	1	1	1	0	0	0	0	1	1	1	0	0	1	1	
1	0	1	1	0	1	0	0	0	1	1	1	0	1	0	0	1	1	1	0	
1	0	1	0	1	1	1	1	1	1	0	0	1	1	0	1	0	0	0	0	
0	1	0	0	0	1	0	0	0	0	0	0	0	0	0	1	1	1	1	0	
0	0	0	0	1	0	0	0	0	0	0	1	0	1	1	1	0	0	0	1	
1	1	1	0	0	1	0	1	0	0	0	0	0	1	0	1	0	0	0	0	
1	1	1	1	1	1	0	0	0	1	1	1	1	0	1	0	0	0	0	1	
1	0	1	0	0	0	1	0	1	0	1	0	0	0	0	0	1	1	1	0	
0	0	1	1	1	0	1	0	0	1	1	1	1	1	1	1	1	0	1	1	
1	1	0	1	0	1	0	1	0	0	1	0	0	1	0	1	1	0	1	1	
0	0	1	0	0	1	1	0	1	0	0	0	1	0	0	0	1	0	0	1	
0	1	0	0	0	1	0	0	0	1	1	0	1	0	1	1	0	1	1	1	
1	0	0	0	1	1	0	0	0	0	1	1	0	0	1	1	1	0	0	0	
1	1	1	1	1	0	0	1	1	1	1	0	0	1	0	0	1	0	0	1	
0	0	1	1	0	0	0	1	0	1	0	0	1	1	0	1	1	0	1	0	
1	1	0	1	1	0	1	0	1	0	1	1	0	0	1	0	1	1	1	0	
0	1	0	1	0	1	0	1	0	1	0	1	0	1	1	1	1	0	1	0	
0	1	0	0	0	0	1	0	1	0	1	0	1	1	1	1	1	0	0	0	
1	1	0	1	1	0	1	1	1	0	1	0	1	1	0	1	0	1	1	0	
1	0	0	0	1	0	0	0	1	0	0	1	1	0	0	0	1	0	1	1	
0	0	0	1	1	0	1	1	0	1	0	1	1	1	1	0	0	0	1	0	
0	1	1	0	1	1	0	1	0	0	1	0	1	0	0	1	1	0	1	0	
1	1	0	1	0	1	0	1	1	1	0	0	1	1	0	0	0	1	0	1	
1	0	1	1	0	0	1	1	0	0	1	0	1	0	0	1	0	1	1	1	
1	1	0	1	0	1	0	1	1	0	1	1	0	0	1	0	0	0	0	0	
0	1	1	0	1	0	1	0	0	1	0	0	1	0	0	1	0	1	1	1	
0	1	1	0	0	0	1	1	0	1	1	1	0	1	0	1	0	1	1	0	
1	0	0	0	0	1	0	0	1	0	0	0	0	1	1	0	0	1	0	1	
0	0	0	1	1	0	1	1	1	0	1	1	1	0	1	0	0	1	0	1	
1	1	0	0	0	1	0	0	0	0	0	1	1	1	1	0	1	0	0	1	
1	0	1	0	0	1	0	0	0	1	1	0	1	0	0	1	0	1	0	0	
1	0	0	0	0	1	0	0	1	1	0	1	0	1	1	1	0	1	1	0	
0	0	0	0	1	0	0	0	0	1	1	0	0	1	1	0	1	1	1	1	
0	0	1	0	0	0	0	1	1	1	1	1	0	0	1	1	1	1	0	0	
1	1	0	1	1	1	1	1	1	1	1	0	1	0	1	0	1	0	1	0	
0	0	1	0	1	0	0	0	0	0	1	1	1	1	0	0	0	0	0	0	
0	0	0	1	1	0	1	0	1	1	1	0	0	1	0	1	1	0	0	0	
0	0	0	1	0	0	0	1	0	1	1	1	1	0	1	0	1	0	0	1	
0	0	1	1	0	0	1	0	1	1	1	0	1	0	0	0	0	0	1	0	
0	0	0	0	0	0	1	0	0	1	0	1	0	0	0	1	0	0	0	0	
1	1	0	0	1	0	0	1	1	0	1	0	0	0	1	1	0	1	1	0	
1	0	1	1	0	1	0	1	0	0	0	1	0	0	0	1	1	1	0	1	
0	0	1	0	1	1	1	0	0	0	0	1	0	1	0	0	1	1	0	0	
0	1	0	1	1	1	0	0	0	0	0	0	1	1	1	0	1	0	0	0	
1	1	0	0	1	1	1	0	1	1	0	0	0	1	0	0	1	0	0	1	
0	0	0	1	0	1	1	1	1	0	0	1	1	0	0	1	1	1	1	0	
1	0	0	1	0	1	1	0	0	0	1	0	1	1	1	0	1	1	0	0	
1	1	0	1	0	1	0	0	1	0	0	1	1	1	0	1	0	0	0	1	
0	1	1	1	0	0	1	0	0	0	1	1	1	1	0	1	0	0	1	1	
1	1	1	1	1	1	1	1	1	0	0	1	0	1	1	0	1	0	0	1	
0	0	0	1	0	1	0	1	0	0	1	1	0	1	0	0	0	1	0	0	
1	1	1	0	1	0	1	1	1	1	1	1	0	0	1	0	0	0	0	0	
1	0	0	1	1	0	0	0	0	1	0	0	0	1	0	1	1	0	1	1	
1	1	0	1	0	0	1	0	0	0	0	1	0	1	1	1	1	1	0	0	
0	0	1	0	0	0	1	0	0	0	0	1	1	0	1	0	1	1	1	1	
0	0	0	0	1	1	0	1	1	1	1	1	0	1	1	1	0	1	1	0	
0	1	1	1	0	0	0	0	0	0	0	1	1	0	0	0	0	1	0	0	
0	0	1	1	1	1	0	1	1	0	0	1	1	0	0	1	0	0	0	0	
1	0	0	1	1	1	0	1	1	0	0	1	0	1	1	0	1	1	1	0	
1	1	1	1	1	0	0	0	1	0	0	0	1	1	1	1	0	0	1	0	
1	1	1	1	0	1	0	1	1	1	1	0	1	0	1	1	0	0	0	1	
0	0	0	1	1	0	1	0	0	0	0	0	1	1	0	0	0	1	1	0	
0	1	1	1	0	0	0	0	1	1	0	0	0	1	1	1	1	0	1	1	
0	0	1	1	0	1	0	0	0	1	0	0	0	0	1	1	1	0	0	1	
1	0	0	1	0	1	0	0	0	0	0	0	1	0	0	0	0	0	1	0	
0	0	1	1	1	1	0	0	1	1	0	0	0	0	0	0	0	0	0	0	
1	1	1	1	0	0	1	1	0	0	0	0	0	0	1	0	0	0	1	1	
0	0	1	0	0	0	0	0	0	0	0	0	0	0	1	0	0	0	1	0	
1	1	1	0	1	1	0	1	1	1	0	0	0	0	0	0	1	1	1	0	
1	1	1	0	0	0	0	0	1	1	1	0	0	0	0	1	0	1	0	1	
1	0	0	1	1	0	0	0	0	1	0	0	1	0	1	1	0	1	0	0	
1	1	0	1	1	1	1	1	0	1	1	1	0	1	0	1	0	0	0	0	
0	0	1	1	1	0	0	0	1	1	0	1	1	1	1	0	1	1	0	1	
1	0	0	0	1	1	1	0	1	0	0	1	1	1	1	0	0	0	0	0	
1	0	0	0	0	0	0	1	0	1	1	1	0	0	1	1	0	0	1	1	
0	1	0	1	1	0	1	0	1	0	0	0	1	0	0	0	0	0	0	1	
0	0	0	0	1	1	1	1	1	1	1	0	1	1	0	0	0	1	0	1	
1	1	1	1	0	1	1	0	1	1	0	0	0	0	0	1	1	0	1	0	
0	0	0	0	0	1	1	0	1	0	1	1	0	1	1	0	1	0	1	1	
1	0	0	0	0	1	0	1	1	0	1	0	1	0	1	0	1	1	1	1	
1	0	0	1	1	1	1	1	0	0	1	1	1	1	0	0	1	0	0	1	
1	0	1	1	0	1	1	0	1	0	1	1	0	0	0	1	0	1	0	0	
1	1	0	1	0	0	0	0	1	1	0	1	0	0	0	0	1	0	0	0	
0	1	0	0	1	0	1	1	0	1	1	0	0	1	1	0	0	0	0	1	
0	0	0	1	0	0	0	1	1	1	0	0	0	0	0	1	0	1	1	1	
1	1	1	0	0	1	0	0	1	0	1	1	1	0	0	0	1	0	0	0	
0	0	1	0	1	0	1	0	1	1	1	1	0	1	0	0	0	1	1	1	
1	0	1	1	1	0	1	0	1	0	0	1	1	1	0	1	0	1	0	0	
0	0	1	1	0	1	1	0	0	1	0	0	1	1	1	1	0	0	0	1	
1	0	1	0	1	0	1	1	0	1	0	1	0	1	0	1	0	1	0	1	
0	1	1	1	1	1	1	0	0	1	1	1	1	1	1	1	0	1	0	0	
0	1	1	1	0	0	0	0	1	0	1	1	0	1	1	0	0	0	0	1	
0	1	0	1	1	1	1	0	0	1	0	1	0	0	1	0	1	0	1	1	
0	0	1	0	1	0	1	1	1	1	0	0	1	0	1	1	1	1	0	1	
1	0	1	1	1	0	1	1	1	1	0	1	0	0	1	1	0	0	0	1	
1	1	0	1	0	0	0	0	0	1	0	1	1	0	1	1	1	1	1	1	
0	1	0	1	1	1	0	0	1	0	1	1	0	0	0	1	1	1	0	1	
0	1	1	1	0	0	0	1	0	1	1	0	0	0	1	1	0	0	0	0	
0	1	1	0	1	0	0	1	1	1	1	1	1	0	0	1	0	1	1	1	
1	1	0	1	1	0	0	0	1	0	1	0	1	0	0	1	1	1	0	0	
1	1	0	1	1	0	1	0	1	1	0	1	0	1	1	0	0	1	1	1	
0	0	0	1	1	1	0	1	1	0	1	0	1	1	1	1	0	0	1	1	
1	1	0	0	1	1	0	1	1	0	0	1	0	0	0	1	0	0	1	1	
0	0	0	1	1	0	0	1	0	0	1	1	0	0	0	0	1	0	1	0	
1	1	0	0	1	0	0	0	0	0	1	1	1	1	0	1	0	0	0	1	
1	1	0	0	0	0	0	0	0	1	1	0	1	1	1	0	0	0	0	0	
1	1	1	0	0	1	1	1	1	0	1	1	1	1	1	1	0	0	1	1	
0	0	1	0	0	1	0	1	0	0	1	0	0	0	0	0	0	1	0	1	
0	1	1	1	0	1	1	1	1	0	1	0	0	1	0	1	0	1	0	1	
0	0	1	1	1	1	0	0	0	1	1	1	1	0	1	1	1	1	1	0	
0	1	1	0	0	1	1	1	1	1	0	1	0	0	1	1	0	1	0	1	
0	0	1	0	0	1	0	1	0	1	0	0	1	0	1	0	0	1	0	0	
0	1	0	1	0	0	0	1	0	0	0	0	1	1	1	1	0	1	0	0	
1	0	0	1	0	0	0	1	1	0	0	0	0	0	1	1	1	0	0	0	
1	0	0	0	1	1	1	0	1	1	1	0	0	0	0	1	1	1	1	1	
1	0	1	0	0	0	1	0	0	0	1	1	0	1	1	1	1	0	0	1	
1	0	0	0	0	1	1	0	1	1	1	1	1	0	0	0	1	1	0	1	
1	0	1	1	1	0	0	0	1	0	1	1	0	0	1	0	1	0	1	1	
0	1	1	1	1	0	0	1	0	1	1	0	1	0	0	0	1	1	0	0	
0	0	0	0	1	0	0	1	0	1	0	1	1	1	0	1	1	1	1	1	
0	0	0	0	1	1	0	1	0	0	1	0	1	1	0	1	1	1	0	0	
0	1	1	1	0	1	0	1	1	0	0	1	1	0	1	0	1	0	1	1	
0	0	0	0	0	1	0	1	1	1	0	1	0	1	0	0	1	0	0	1	
0	0	0	0	1	1	1	0	1	0	1	0	0	0	0	0	0	1	1	0	
0	1	0	1	1	0	1	1	1	1	0	1	1	0	0	1	1	0	1	1	
0	0	1	1	1	0	1	1	0	0	1	0	0	1	1	0	1	1	0	0	
1	1	0	0	0	1	1	1	0	0	0	1	1	1	0	0	1	1	1	0	
0	1	1	1	0	1	1	0	0	0	1	0	0	0	0	0	1	0	0	0	
1	1	1	0	1	1	0	0	0	0	1	0	1	1	0	0	0	1	1	1	
1	0	1	1	0	0	1	0	1	1	0	0	0	1	0	1	0	1	0	0	
1	1	0	0	0	1	1	1	1	1	1	1	0	1	0	1	1	1	0	0	
1	0	1	1	0	1	0	0	1	0	0	0	1	1	0	1	1	1	1	1	
1	1	1	1	0	0	1	1	0	0	1	1	1	0	1	0	1	0	1	0	
1	0	1	1	1	0	1	0	0	1	0	1	1	0	0	0	1	0	0	0	
1	0	0	0	1	0	1	1	1	0	0	0	0	0	1	0	1	1	0	1	
1	0	0	1	1	1	1	0	0	1	1	0	0	1	1	0	0	0	1	1	
0	1	0	1	1	0	1	1	0	0	1	1	0	0	1	1	0	1	0	0	
0	1	1	0	0	0	1	1	1	0	0	0	1	0	0	1	0	1	0	0	
0	0	0	1	0	1	0	0	0	1	1	0	1	0	0	0	1	0	1	1	
0	1	1	1	1	1	1	0	1	0	1	0	1	1	0	0	1	0	1	1	
0	0	1	0	1	1	0	0	1	0	0	0	0	1	0	1	1	0	1	0	
0	0	1	1	0	1	1	0	0	1	0	1	0	0	0	0	0	0	1	1	
1	1	1	0	0	1	1	0	0	1	0	1	0	1	0	0	0	0	1	1	
0	1	1	1	1	1	1	1	1	1	1	1	1	1	0	1	1	1	0	0	
1	1	1	0	1	1	0	0	1	1	1	0	1	1	1	0	0	1	0	0	
1	0	1	0	1	1	1	1	0	0	0	0	0	0	0	0	1	0	1	0	
0	0	1	1	0	1	1	1	0	1	0	1	1	1	0	1	1	1	0	1	
1	1	0	0	1	1	1	0	1	0	1	0	0	0	1	1	0	0	0	1	
0	0	1	1	1	1	1	1	1	1	1	1	0	1	0	0	1	0	1	1	
1	0	0	1	1	1	1	0	0	0	0	1	0	1	0	1	1	1	1	1	
1	1	0	1	0	0	1	0	1	0	1	0	0	1	0	0	0	1	1	1	
1	0	1	0	1	1	1	1	1	1	0	1	1	0	1	0	0	1	1	0	
0	1	1	1	1	0	0	1	0	0	0	1	0	1	0	0	1	1	1	1	
1	0	1	0	0	0	1	1	0	1	1	0	1	1	1	1	0	1	1	0	
1	1	0	0	0	0	0	0	0	1	0	1	1	1	0	1	1	0	1	0	
1	1	1	1	1	0	0	0	0	0	1	1	0	1	0	1	0	1	1	0	
0	1	0	0	1	1	1	1	0	0	1	1	1	0	1	0	1	1	1	1	
0	1	1	1	1	1	0	1	0	1	0	1	1	1	0	0	0	0	0	0	
0	1	1	1	0	0	0	1	1	0	1	0	1	1	0	0	0	1	1	0	
1	0	0	0	1	0	1	1	0	1	1	1	0	0	0	0	1	1	1	1	
1	0	1	1	1	0	0	0	0	0	0	0	0	1	0	0	0	0	0	1	
0	1	0	1	0	0	1	1	1	1	1	1	1	1	1	1	1	1	1	1	
0	0	0	0	0	0	1	1	0	0	0	0	0	1	0	0	1	0	0	0	
0	0	1	1	0	0	0	0	0	1	1	1	1	1	0	1	0	0	0	0	
1	0	0	0	1	0	0	1	1	1	0	0	1	1	0	0	1	1	0	0	
0	1	0	0	1	1	0	0	1	1	1	1	0	0	0	0	0	0	1	0	
1	1	1	0	1	0	1	0	0	1	0	0	0	0	1	1	1	0	0	0	
0	1	0	1	0	0	1	0	0	1	0	0	0	1	0	0	1	1	0	1	
0	0	1	1	0	1	0	0	1	0	1	0	0	1	1	1	1	1	1	0	
1	1	1	1	1	1	1	0	1	0	1	1	1	0	0	0	0	1	1	1	
0	1	1	0	1	0	0	0	0	1	0	1	0	1	1	0	1	0	0	0	
0	0	0	0	0	1	1	0	0	1	1	0	0	0	1	1	1	1	0	0	
0	0	1	1	1	1	0	0	1	0	0	0	1	0	1	0	0	1	1	1	
1	1	0	1	0	0	0	0	0	0	1	0	0	1	1	0	1	0	1	0	
1	0	0	0	0	0	1	1	1	0	1	0	1	0	0	1	1	0	0	1	
0	0	0	1	1	1	1	1	0	1	0	0	1	0	0	1	0	0	1	0	
1	0	1	1	0	1	1	0	0	0	0	1	0	0	1	0	0	1	0	0	
0	0	1	1	1	0	0	0	0	0	1	0	1	0	0	1	1	0	0	1	
0	1	1	0	0	1	1	0	1	1	0	0	1	1	1	0	1	1	1	0	
1	1	1	0	0	1	0	0	1	0	0	0	0	0	1	0	1	1	0	0	
1	0	1	1	1	1	0	1	0	0	0	1	1	0	1	1	1	0	1	1	
1	1	1	0	1	1	0	0	1	1	0	1	1	0	0	1	1	1	0	1	
0	0	1	0	1	1	1	1	0	0	1	1	0	0	0	1	0	0	1	1	
1	0	0	0	0	0	1	0	1	1	0	1	1	1	1	0	0	0	0	1	
0	1	0	0	1	0	0	0	1	0	0	0	0	0	0	0	1	0	1	0	
0	1	0	0	1	1	0	1	0	0	0	0	0	0	1	0	0	0	0	1	
1	1	1	1	1	0	0	0	0	1	0	1	0	0	0	0	0	1	1	0	
1	0	1	1	1	1	1	1	1	1	0	0	1	0	0	0	1	1	1	1	
0	0	0	1	0	0	1	1	1	1	0	1	0	0	0	0	0	1	0	0	
1	0	1	0	1	0	0	1	1	1	1	1	0	1	0	1	1	0	1	0	
1	1	1	1	0	0	1	1	1	0	1	1	1	1	0	0	1	1	0	0	
1	1	1	0	1	1	1	1	0	0	1	0	1	0	0	0	0	0	0	0	
1	0	0	1	1	1	0	1	0	1	0	0	0	1	1	1	1	1	0	0	
0	1	0	0	1	1	1	0	1	0	0	1	1	1	0	1	0	1	0	0	
0	1	0	0	0	0	0	1	0	1	0	1	0	0	1	0	0	1	1	0	
0	0	1	0	0	0	0	1	1	0	1	0	1	1	0	0	0	0	0	1	
0	0	1	0	0	1	0	1	1	1	0	1	0	0	1	0	0	0	1	0	
1	1	0	1	1	0	0	1	0	1	0	1	1	0	0	1	0	0	0	0	
0	1	0	1	1	0	0	1	0	0	0	1	1	1	1	1	1	0	0	1	
1	0	0	0	1	0	0	1	1	0	0	0	0	1	1	1	0	1	1	0	

invalid rows: 
4	6	12	23	25	26	29	30	31	34	37	49	56	62	64	66	77	88	96	98	100	107	116	124	125	129	135	138	139	142	146	157	158	161	164	165	166	167	171	176	178	182	183	185	193	195	196	197	198	200	204	210	214	218	219	222	225	228	233	234	237	239	242	270	273	276	277	278	281	287	288	289	298	10	14	20	22	27	32	36	38	40	48	50	55	63	83	87	91	102	105	109	113	120	130	132	136	140	143	148	149	154	155	173	174	179	186	187	188	189	191	192	201	205	216	217	232	241	243	250	255	256	264	266	271	282	284	294	

 ----------random covering array (last execution): 
1	1	1	0	1	1	0	0	1	1	1	0	1	1	1	1	0	0	1	0	
1	1	1	1	0	0	0	0	1	0	1	1	1	1	1	1	0	1	1	1	
0	0	1	1	0	1	0	0	0	1	0	0	0	0	0	1	1	0	0	0	
0	1	1	0	1	0	1	0	0	1	0	1	1	0	0	1	0	0	0	1	
0	1	1	0	0	1	0	0	1	0	1	0	0	0	1	0	0	1	1	1	
0	0	1	1	0	1	1	1	1	1	0	1	0	0	0	1	1	1	1	1	
1	1	1	0	0	1	0	0	1	1	0	0	1	0	0	1	0	1	1	0	
0	0	1	1	0	0	0	1	0	0	0	1	1	0	0	0	1	0	1	1	
0	0	0	1	0	1	0	1	1	1	1	1	1	0	1	0	1	0	1	0	
0	1	1	1	1	0	1	0	0	1	0	0	0	1	1	1	1	1	0	1	
1	1	0	1	0	1	0	1	1	1	1	0	1	1	0	1	1	1	1	1	
0	1	0	1	1	0	1	1	1	1	1	1	1	1	0	0	0	0	1	0	
1	0	0	1	0	1	0	1	0	0	1	1	0	0	1	1	0	1	1	1	
0	1	1	1	1	1	0	1	1	1	1	1	1	0	1	1	0	0	0	1	
0	1	0	1	0	0	0	0	0	1	0	1	0	0	1	0	0	1	0	1	
1	0	1	0	1	1	0	0	0	0	0	1	1	1	1	0	0	0	0	1	
1	1	0	0	1	1	0	0	1	1	0	1	0	1	1	1	0	1	1	1	
1	0	1	1	0	1	1	1	0	0	0	1	0	0	1	1	0	0	0	0	
1	0	1	1	0	0	1	0	0	0	0	0	1	1	1	1	1	0	1	0	
0	1	0	1	1	1	0	0	0	0	1	1	1	1	0	1	0	0	1	0	
1	0	1	0	0	1	0	0	0	0	1	1	1	0	0	1	1	1	1	0	
0	0	0	1	1	0	0	0	1	1	1	1	0	0	0	1	1	0	1	1	
1	1	1	1	0	1	1	0	1	0	1	1	0	1	0	1	0	0	1	1	
0	1	0	0	0	0	0	1	1	0	0	1	0	0	1	0	0	1	0	1	
0	1	0	0	0	0	1	0	0	1	1	0	1	0	0	0	1	1	1	0	
0	1	0	1	0	0	1	0	1	0	1	0	1	1	0	1	0	1	0	1	
0	1	1	0	1	1	0	1	0	0	0	1	0	0	0	1	0	1	0	0	
1	0	1	0	0	1	1	1	0	1	1	0	1	0	1	1	1	0	0	1	
0	0	1	1	1	0	1	0	1	0	0	1	0	1	0	1	1	0	0	0	
1	0	0	1	1	0	1	0	0	1	0	1	1	1	0	0	1	1	1	1	
1	0	0	1	0	0	1	1	0	0	1	0	0	1	0	0	1	0	1	1	
0	0	1	0	1	0	0	0	1	0	0	0	0	0	0	1	0	1	1	1	
0	1	0	1	0	1	1	1	1	0	0	1	1	1	1	1	1	0	1	1	
0	1	0	1	0	1	1	0	0	1	1	0	0	0	0	1	0	1	0	1	
0	0	0	0	0	1	0	1	1	0	0	0	0	0	0	1	1	1	0	1	
0	1	1	1	1	1	1	0	1	0	0	0	1	0	1	0	0	0	0	0	
1	0	1	1	0	0	1	1	0	1	0	0	0	1	0	0	0	1	0	0	
0	0	1	0	1	0	1	0	1	1	0	1	1	0	1	0	1	0	1	1	
0	0	0	1	0	1	0	0	0	1	0	0	1	1	1	1	0	0	1	1	
0	1	1	1	1	0	0	1	0	1	0	1	1	0	0	1	1	0	1	0	
1	1	0	1	1	1	0	0	1	0	1	0	0	0	0	0	0	1	1	0	
1	1	0	1	0	0	0	1	1	0	1	0	1	0	1	1	0	0	1	0	
1	1	0	1	0	0	0	1	0	0	0	0	1	1	1	1	0	1	0	1	
1	0	0	0	0	1	0	1	1	0	1	1	1	1	1	1	1	1	0	0	
0	0	0	1	0	0	0	1	0	1	1	1	1	0	0	1	0	1	0	0	
1	1	1	0	1	0	0	1	1	1	1	1	0	1	1	1	1	1	1	0	
1	1	0	1	0	0	0	1	1	0	0	1	0	1	0	0	1	1	1	0	
0	0	0	0	1	0	1	0	0	0	0	0	1	1	1	1	0	1	1	1	
1	1	0	0	1	1	1	1	0	1	0	0	1	1	0	1	1	0	1	1	
0	1	0	1	1	0	0	1	1	1	0	0	1	0	0	0	0	1	1	1	
1	0	1	1	1	1	0	0	0	0	0	1	0	0	1	0	1	1	1	0	
1	1	1	0	1	1	1	1	1	1	0	1	0	0	1	1	1	0	0	0	
1	0	0	0	1	1	0	1	1	1	0	1	1	0	0	0	1	1	1	0	
0	1	1	0	0	0	0	0	1	0	1	1	1	0	0	1	1	0	0	0	
0	0	0	1	1	1	0	1	1	1	1	0	0	1	0	1	0	1	1	1	
1	0	0	0	0	0	1	1	1	0	1	1	1	0	0	0	0	1	1	1	
1	0	1	0	0	1	0	0	1	1	0	1	0	1	1	1	0	0	0	0	
1	1	1	1	1	1	0	1	1	0	0	0	1	1	0	1	1	0	0	0	
1	0	0	0	0	0	0	1	1	1	1	0	0	1	0	0	1	0	0	0	
1	0	1	1	1	1	0	0	1	1	1	1	1	0	0	1	0	0	0	0	
1	0	0	0	0	0	0	0	0	0	0	1	1	0	1	0	0	1	1	0	
1	0	1	0	0	0	1	0	1	1	1	0	0	1	0	1	1	1	1	1	
0	1	1	0	1	1	0	0	0	0	0	1	1	1	1	1	1	1	1	0	
0	1	0	1	1	0	1	1	0	1	0	0	0	0	0	1	1	1	1	0	
0	1	0	1	0	0	0	0	1	1	0	1	1	1	1	0	1	0	0	0	
0	1	1	1	0	0	1	1	0	0	0	1	1	1	0	1	0	1	1	1	
1	0	0	0	1	1	1	1	0	1	0	1	1	0	1	1	0	1	0	1	
1	0	0	1	0	1	1	0	1	1	0	0	1	1	1	1	1	1	0	1	
1	0	1	0	1	1	0	1	1	0	0	0	1	0	1	1	1	1	1	1	
1	0	1	0	1	0	0	1	0	1	0	0	1	0	1	0	0	0	0	0	
0	0	1	0	0	0	1	0	0	1	1	0	0	1	1	0	0	0	1	0	
1	0	1	0	1	0	1	1	0	0	0	1	1	0	1	0	1	1	0	0	
1	1	0	0	0	1	0	1	1	0	0	1	0	0	0	1	0	0	1	1	
0	1	1	0	0	0	0	0	0	0	1	0	0	0	1	1	1	0	1	1	
1	0	0	0	1	0	0	1	1	1	0	0	0	0	0	0	0	1	1	1	
1	1	1	0	1	1	0	1	0	1	1	0	0	1	1	1	0	1	0	1	
0	1	1	1	1	1	1	0	1	0	1	0	1	0	0	1	1	0	1	1	
1	0	0	1	1	1	0	1	1	1	0	0	0	1	1	1	1	0	0	0	
1	0	0	0	1	0	0	1	0	1	1	1	1	1	1	1	1	0	1	1	
1	1	0	0	1	1	0	1	0	0	1	0	1	0	0	0	0	0	0	1	
0	1	0	1	0	1	1	1	0	1	1	0	1	1	1	1	0	0	0	0	
1	1	1	0	1	0	0	0	1	0	1	0	0	0	1	0	0	0	1	0	
0	0	0	0	1	0	0	0	0	0	1	1	0	1	0	0	1	1	0	1	
1	1	0	0	0	1	1	0	0	0	1	0	1	1	1	0	1	1	1	1	
0	1	1	1	0	1	0	0	1	1	1	1	0	1	0	1	1	1	0	0	
1	1	1	0	0	0	0	0	0	1	0	1	0	1	0	0	1	0	1	0	
0	1	1	0	1	0	1	1	0	1	1	1	1	1	1	0	1	1	0	0	
1	1	1	1	1	1	1	1	0	0	0	0	1	0	0	0	0	0	1	0	
1	0	1	1	0	0	0	0	1	1	0	0	1	0	0	0	1	1	1	0	
1	0	1	1	1	0	0	0	0	0	1	0	1	0	1	0	0	1	1	1	
0	1	0	0	1	1	0	0	1	1	0	0	0	1	1	0	1	1	1	1	
0	1	1	0	0	1	0	1	0	1	0	0	1	1	1	0	1	1	0	0	
1	1	0	1	1	0	0	0	0	1	0	1	0	1	0	1	0	0	0	0	
1	1	1	1	1	0	1	0	1	0	0	0	0	0	1	1	0	1	0	0	
1	0	0	0	1	0	0	1	0	0	1	1	0	0	0	1	0	0	0	1	
1	1	0	1	1	0	1	1	0	0	1	1	0	1	0	1	1	1	1	1	
1	1	0	0	0	0	1	1	1	1	1	1	0	0	1	1	1	1	1	1	
0	0	1	0	1	0	1	1	0	1	1	0	0	0	0	0	1	1	0	1	
0	1	1	1	0	0	1	1	1	0	0	1	1	0	1	1	1	1	0	0	
1	1	0	1	0	0	1	1	1	1	0	0	1	0	0	0	1	0	0	1	
1	1	1	1	0	1	0	0	0	0	1	0	1	0	1	1	0	1	0	0	
0	0	0	0	1	1	1	1	1	1	0	0	1	1	1	0	1	0	0	1	
1	1	1	1	0	1	0	1	0	0	1	1	0	1	1	0	1	0	0	0	
0	1	0	0	0	0	0	0	1	0	0	0	1	1	0	0	0	0	1	1	
0	1	0	0	1	0	0	0	0	0	1	0	0	0	1	1	0	1	0	0	
1	1	0	0	0	1	0	1	0	0	0	0	0	1	1	0	0	0	1	0	
0	0	0	0	1	1	1	1	0	1	1	1	0	1	0	1	1	1	1	0	
0	0	1	1	0	1	0	1	1	1	0	0	1	0	0	0	0	0	0	1	
0	1	0	1	1	1	1	0	1	1	1	1	1	0	1	1	1	1	0	0	
1	1	0	0	0	0	1	1	1	1	0	0	1	1	1	0	0	1	1	0	
0	0	1	1	0	1	0	0	1	0	0	1	0	1	0	0	0	1	0	0	
0	1	0	0	0	0	0	0	0	1	0	1	1	1	0	1	1	1	1	1	
0	1	0	0	1	0	0	1	1	1	1	0	0	1	0	1	0	0	0	0	
1	0	1	0	0	1	1	1	1	1	1	0	0	0	1	0	1	1	1	0	
1	1	0	0	0	1	1	0	1	0	0	1	1	0	1	0	1	0	0	0	
0	0	1	1	1	0	1	1	1	1	1	0	1	0	0	1	0	0	1	1	
1	1	0	0	1	0	1	0	1	0	0	0	1	1	1	1	1	0	1	0	
0	1	1	1	0	0	0	0	1	1	0	1	0	0	1	1	0	0	1	0	
1	1	1	1	0	0	1	1	0	1	1	1	1	0	1	0	0	0	1	1	
0	0	1	0	1	0	0	1	1	0	1	1	1	0	0	0	0	1	0	0	
1	0	0	1	1	0	1	0	0	0	1	1	1	0	1	1	1	0	0	0	
1	1	0	0	0	1	0	0	1	1	1	1	1	1	0	0	0	0	1	0	
1	0	1	0	0	0	1	1	0	0	0	1	0	1	1	0	1	1	1	1	
1	1	0	1	0	1	1	1	0	1	0	1	1	0	0	0	0	1	0	1	
1	0	1	0	1	0	1	1	0	1	0	0	0	1	0	1	0	0	1	0	
0	1	0	1	0	1	0	0	0	0	1	1	1	0	0	0	1	1	1	1	
1	1	0	1	1	1	0	0	0	1	0	0	1	0	1	0	1	0	1	1	
0	0	1	0	0	0	0	1	0	0	0	0	0	1	1	1	0	1	0	1	
1	0	1	1	1	0	1	0	0	1	1	1	0	0	0	1	0	1	0	1	
0	0	0	0	1	0	0	1	1	0	0	1	0	1	1	1	0	1	1	0	
0	1	0	0	0	1	0	1	0	1	0	1	0	1	0	0	1	0	0	1	
0	1	1	0	1	0	0	1	0	0	0	0	1	1	1	1	1	0	0	1	
0	0	0	0	0	0	0	0	1	1	1	0	1	0	1	1	1	1	0	1	
1	1	1	0	1	1	0	0	1	1	0	0	0	0	0	1	1	0	0	1	
1	0	1	1	0	0	1	1	1	1	1	1	1	1	0	1	1	0	1	0	
0	0	0	0	1	1	0	0	0	1	1	1	0	0	1	0	0	0	0	0	
0	1	1	1	0	0	1	0	1	1	1	0	0	0	1	0	1	0	0	0	
1	0	0	0	1	0	1	0	1	1	0	1	0	0	0	1	1	1	0	0	
0	0	1	1	0	1	1	0	0	1	0	1	1	0	0	0	1	0	0	0	
0	1	0	1	1	0	0	0	0	0	0	0	0	0	0	0	1	0	0	0	
1	1	1	0	0	0	0	1	0	1	1	0	1	0	0	1	0	0	1	1	
1	1	0	0	1	1	1	1	1	0	0	0	0	1	0	0	0	1	0	1	
0	0	0	1	1	1	0	0	1	0	1	0	0	1	1	0	0	0	0	1	
0	0	0	0	0	0	1	0	1	0	1	1	0	1	1	1	0	0	1	0	
0	0	1	1	0	0	0	1	1	0	1	0	0	1	1	0	1	1	1	0	
1	1	1	1	1	0	1	0	1	0	0	1	1	1	0	0	0	0	0	1	
0	0	0	1	0	0	1	1	1	1	0	1	0	1	1	1	0	0	0	1	
0	1	1	0	1	0	1	1	0	0	0	1	0	1	1	0	0	1	1	0	
0	1	0	1	1	1	1	0	0	1	0	1	1	0	1	0	0	1	1	0	
1	0	1	1	1	1	1	1	1	0	1	0	0	1	1	1	0	1	1	0	
1	0	0	0	1	0	1	0	0	1	0	0	0	1	1	0	0	0	0	1	
1	0	1	1	1	1	0	1	0	1	1	0	0	0	0	1	1	0	1	0	
0	1	0	0	0	0	1	1	1	0	1	0	1	0	1	0	1	1	0	0	
0	1	0	1	1	0	1	1	1	0	0	0	0	0	1	1	0	0	1	1	
0	0	0	1	1	1	0	0	1	0	0	1	1	0	0	1	0	1	0	1	
1	1	1	0	1	0	0	0	0	1	1	0	1	1	1	1	1	0	0	1	
0	0	0	0	1	1	1	0	0	0	0	1	0	0	0	0	0	0	1	1	
1	1	1	0	1	1	1	0	0	0	1	1	0	1	0	0	0	0	0	0	
1	0	1	0	1	0	1	1	1	0	1	0	1	1	1	1	0	0	0	1	
0	1	1	0	0	1	1	1	0	0	1	1	1	0	1	1	0	0	1	0	
1	1	1	0	0	1	1	1	0	1	0	1	0	1	0	1	1	1	1	0	
0	0	0	1	0	0	1	0	0	0	1	1	1	0	1	0	0	0	0	1	
0	1	1	0	0	1	1	0	1	0	0	0	1	0	1	1	1	1	1	0	
0	1	0	0	0	1	1	0	1	0	0	0	0	1	0	1	1	1	0	0	
0	0	0	0	0	0	1	1	0	0	0	1	1	1	0	0	0	0	0	0	
0	0	1	0	0	1	1	0	0	0	1	0	0	1	0	0	1	0	0	0	
1	0	0	1	0	1	1	1	0	0	0	0	1	0	0	1	0	1	1	0	
0	0	0	0	0	1	0	0	0	0	0	0	1	0	0	1	0	0	0	0	
1	0	1	0	0	1	0	1	1	0	1	0	1	1	0	0	1	0	1	1	
0	1	1	0	0	1	0	1	0	1	0	0	0	0	0	0	1	1	1	1	
0	1	0	0	0	0	1	1	0	0	1	1	0	0	0	1	1	0	0	1	
1	1	0	1	1	0	1	1	0	1	1	0	0	1	1	0	1	0	1	0	
0	0	1	0	1	1	1	0	1	0	1	1	0	0	1	1	1	1	0	1	
0	0	1	1	1	0	0	1	0	0	1	1	0	1	1	1	0	0	0	0	
1	1	0	0	1	0	0	1	0	1	0	0	1	0	0	1	1	1	0	0	
0	0	1	1	0	0	1	0	0	0	1	1	0	0	0	0	0	1	1	0	
1	0	1	1	0	0	0	0	0	1	1	1	0	1	1	0	1	1	0	1	
0	1	1	1	0	1	1	1	1	0	0	0	1	1	0	0	1	0	1	0	
0	0	1	1	1	0	0	0	1	1	0	0	1	1	1	1	0	1	0	0	
1	0	1	0	0	0	0	1	1	1	0	1	1	1	0	1	0	1	0	1	
1	0	0	1	1	0	1	1	1	1	1	1	0	1	1	0	0	1	0	0	
0	1	1	1	1	1	1	1	0	1	0	0	0	1	0	0	0	0	0	1	
0	0	1	0	1	0	1	1	1	0	0	0	0	0	0	0	1	0	1	0	
1	0	0	1	0	0	0	0	0	1	1	0	0	0	1	1	1	1	1	0	
1	1	1	0	0	0	1	0	0	0	0	0	1	0	0	0	1	1	0	1	
0	0	1	0	1	1	0	1	1	1	0	1	0	1	0	0	0	0	1	0	
0	0	1	1	1	1	0	0	0	1	1	0	1	0	1	0	1	1	0	1	
0	1	1	1	1	1	1	1	0	0	1	1	0	0	1	0	0	0	0	1	
0	1	0	1	0	1	1	0	0	0	0	1	0	1	1	1	1	1	0	0	
1	1	0	1	1	1	0	1	0	0	1	0	0	0	1	0	1	1	0	1	
0	1	0	1	1	1	1	0	0	1	1	1	0	1	1	1	1	0	1	1	
0	0	1	0	1	1	1	0	0	1	0	0	0	0	1	1	0	1	1	0	
0	0	0	1	1	0	1	0	1	0	1	0	1	1	0	1	1	1	1	0	
1	1	1	1	0	1	0	0	1	0	1	1	0	0	0	1	1	1	0	1	
1	1	1	1	1	1	1	1	0	0	1	0	0	0	0	1	1	1	0	0	
0	1	0	0	1	0	1	1	1	0	0	1	1	0	0	1	1	1	1	1	
0	1	1	0	1	0	1	0	1	1	1	0	0	1	0	0	0	1	1	1	
1	1	0	0	0	1	1	0	0	1	0	0	0	0	0	1	1	0	1	0	
1	1	1	0	1	1	0	0	0	1	1	1	1	0	0	0	1	1	1	1	
0	1	1	0	0	0	1	1	1	1	1	1	0	0	0	0	0	0	1	1	
0	0	1	1	1	0	1	1	0	0	1	0	1	0	1	1	1	1	1	1	
1	1	1	0	0	0	1	0	0	1	1	1	1	1	1	1	0	1	0	0	
1	1	1	0	1	0	0	1	0	0	1	0	1	1	0	0	0	1	1	0	
1	0	0	0	1	0	1	0	1	1	1	0	1	0	0	0	0	0	0	0	
0	1	0	0	1	0	0	1	0	1	1	1	0	0	1	0	0	1	1	0	
0	0	0	0	0	0	0	1	0	1	0	1	0	0	1	1	1	0	1	0	
1	1	1	1	1	1	0	1	0	1	0	1	1	1	1	1	0	1	1	0	
1	0	0	0	0	1	0	0	0	1	0	0	0	1	0	0	0	1	0	1	
1	1	1	1	0	1	1	0	0	1	0	0	0	1	1	0	0	1	1	1	
0	1	0	0	1	1	1	0	1	1	1	1	1	1	0	1	1	0	0	1	
1	1	1	1	1	1	0	0	0	0	0	0	0	1	0	1	1	1	1	1	
1	0	0	0	0	1	0	0	0	0	0	1	0	1	0	1	1	0	0	1	
1	1	0	0	0	0	1	0	0	0	0	1	0	0	1	1	0	0	1	1	
1	1	1	0	0	0	1	1	1	0	0	0	0	0	0	1	0	0	0	0	
0	1	1	1	0	0	0	1	1	1	1	0	1	1	0	0	1	1	0	1	
0	1	0	1	1	1	0	1	1	1	0	0	0	0	1	1	0	1	0	0	
0	0	1	1	1	0	0	1	1	1	0	1	0	1	0	0	1	1	0	1	
0	0	1	0	1	1	1	1	1	1	1	0	1	0	0	1	0	1	0	0	
1	0	0	0	0	1	1	0	1	1	1	1	0	0	0	0	1	0	1	1	
1	1	0	0	1	0	0	0	1	0	1	1	1	0	1	0	1	1	0	1	
1	1	0	0	0	0	0	0	1	1	1	1	0	1	1	0	0	0	0	1	
1	0	1	0	1	1	1	0	1	0	0	1	1	1	0	1	0	1	1	0	
1	0	1	0	1	0	0	0	1	0	0	0	0	1	1	0	1	1	0	0	
0	0	1	1	0	0	0	0	0	1	1	0	1	1	0	0	0	0	0	1	
1	1	1	1	1	0	1	0	1	0	1	1	1	0	0	0	1	1	1	0	
1	0	0	1	0	1	1	0	1	1	1	0	0	0	1	1	0	0	0	1	
1	0	0	1	1	0	0	1	1	0	0	1	1	1	1	0	0	0	1	1	
0	0	0	1	0	1	1	0	1	1	0	0	0	1	0	0	0	0	1	0	
0	0	0	0	0	1	0	1	0	1	1	1	1	1	1	0	0	1	1	1	
0	1	1	1	0	1	1	1	0	0	0	0	0	0	1	0	1	0	0	1	
1	1	1	1	1	0	0	1	1	1	0	0	0	1	1	0	1	0	1	1	
0	1	1	0	0	1	1	1	1	0	0	1	1	1	1	0	0	1	0	1	
1	0	0	1	1	1	1	1	1	1	0	1	1	0	0	1	0	0	1	0	
0	0	0	1	1	1	1	1	1	0	1	1	0	0	0	0	1	0	0	0	
1	0	1	1	0	0	0	1	1	0	1	0	0	0	0	1	0	1	0	1	
0	0	0	1	0	0	1	1	0	1	1	0	1	1	1	1	1	1	0	0	
1	1	0	1	1	0	1	0	0	1	1	0	0	0	0	1	0	0	1	1	
1	1	1	1	0	1	0	0	0	0	0	1	0	0	0	0	0	0	1	1	
0	0	0	0	0	0	1	0	1	1	0	1	1	1	0	0	1	1	0	0	
0	0	1	1	0	1	1	0	1	1	1	1	1	1	1	0	0	1	1	0	
0	1	1	0	0	1	0	0	1	0	1	0	1	1	1	0	0	0	0	0	
0	0	0	1	1	1	1	0	0	0	0	0	1	1	0	0	1	1	0	0	
0	0	0	1	1	1	0	1	0	0	0	0	1	1	1	0	1	1	1	0	
1	1	1	1	1	1	1	0	1	1	1	1	0	1	1	0	1	0	1	1	
0	0	1	0	0	1	0	1	0	1	1	1	0	1	1	1	1	0	1	1	
1	0	0	1	0	1	0	1	1	0	1	0	1	1	0	0	0	0	0	0	
1	1	0	1	1	1	1	0	1	0	0	1	0	1	1	0	1	1	0	1	
0	1	1	1	0	0	0	1	0	1	1	0	0	1	0	1	0	1	1	0	
1	0	1	1	1	1	1	0	1	1	1	0	1	1	1	0	1	1	0	0	
0	1	0	1	1	0	1	1	1	0	1	0	1	1	1	0	0	1	0	1	
0	0	1	1	0	0	1	1	0	1	0	0	1	0	1	0	0	1	1	1	
1	0	1	1	1	1	0	1	0	0	1	1	1	1	0	1	1	0	0	1	
1	0	0	0	1	1	1	0	1	0	1	0	1	0	1	0	0	1	1	1	
1	1	0	1	0	1	0	1	0	1	0	1	1	0	1	1	1	0	0	1	
0	1	0	0	1	0	0	1	1	0	0	1	1	0	1	0	1	0	1	0	
0	1	0	0	1	1	1	1	0	1	1	0	1	0	1	0	0	0	1	1	
1	0	0	1	1	0	0	0	1	1	1	1	1	1	0	1	0	1	1	1	
1	0	0	0	1	1	1	0	0	0	1	1	0	1	1	0	1	0	1	0	
1	0	1	0	0	1	1	0	0	1	0	1	1	0	1	0	0	0	1	1	
1	0	0	1	1	0	0	1	1	1	1	0	1	0	0	0	1	1	0	1	
0	0	0	0	0	1	1	1	0	0	1	0	0	0	1	0	0	1	0	0	
1	1	1	1	1	0	1	0	1	1	0	1	1	0	1	1	1	1	1	1	
1	0	0	1	0	0	0	0	1	0	0	0	0	0	1	0	0	0	0	0	
0	1	0	0	1	1	1	0	0	1	0	1	0	0	1	0	1	0	0	0	
1	0	1	0	0	0	0	1	1	0	1	1	0	0	1	0	1	0	0	1	
0	0	1	0	1	0	0	0	0	1	1	0	1	1	0	0	1	0	1	0	
0	1	0	1	0	1	0	1	1	0	1	0	0	0	0	1	1	0	1	0	
0	0	0	1	0	0	1	0	1	0	0	0	0	0	1	0	1	1	1	1	
0	1	1	0	0	1	1	0	1	1	0	0	1	1	1	1	0	0	0	1	
0	0	1	1	1	1	1	1	0	1	1	1	1	1	0	0	0	1	1	1	
0	0	0	0	1	1	0	0	1	0	1	0	0	0	1	1	1	0	1	0	
0	1	0	1	0	0	0	0	1	1	0	0	0	1	0	1	1	0	0	1	
0	0	1	0	0	1	1	0	0	0	1	1	1	1	0	1	0	1	0	1	
0	0	0	0	0	0	1	1	1	1	0	0	1	0	1	1	0	0	1	0	
1	1	1	1	0	0	0	1	1	1	0	1	0	0	0	0	0	1	0	0	
1	1	0	1	0	0	1	0	0	0	1	1	1	1	0	0	1	0	0	0	
0	0	0	1	1	1	1	1	0	0	0	0	0	1	0	1	0	0	0	1	
0	1	0	0	0	1	1	0	1	1	1	1	0	0	0	0	0	1	0	0	
0	0	1	1	0	1	0	0	1	0	0	1	1	1	1	1	1	0	1	1	
0	0	1	0	0	1	0	1	1	0	0	0	0	1	0	1	0	0	1	1	
1	1	0	0	1	1	1	1	1	0	1	1	1	1	0	1	0	1	0	0	
0	1	1	0	1	1	0	1	1	0	1	1	0	1	0	0	1	1	1	1	
1	1	0	1	1	1	0	0	0	1	1	0	1	1	0	0	0	1	0	0	
0	0	1	1	1	0	0	1	0	0	0	1	0	0	1	1	1	1	0	0	
0	0	1	0	0	0	0	0	1	0	1	0	1	0	0	0	0	0	1	0	
1	0	0	0	0	0	0	0	0	0	1	0	0	1	0	1	0	1	1	0	
0	0	0	0	1	1	1	1	0	0	1	0	1	0	0	0	1	0	1	1	
1	0	1	1	0	1	1	1	1	0	1	1	1	1	0	0	1	1	0	1	
1	0	1	1	1	0	1	0	0	0	0	0	0	0	0	0	1	0	0	1	
1	1	1	0	1	1	0	1	1	1	1	0	1	0	1	0	1	0	0	0	
1	0	1	1	1	1	1	1	1	1	0	1	0	0	1	0	0	0	1	1	
1	0	0	1	0	1	0	1	0	1	1	1	0	1	0	0	0	0	1	0	
1	1	0	0	0	0	1	1	1	0	1	0	0	1	1	1	1	0	0	1	
0	1	1	1	1	0	0	0	0	0	1	1	0	1	1	0	0	0	1	1	
1	0	0	0	1	0	0	0	0	0	0	0	1	0	0	1	1	0	1	1	
1	0	1	0	0	1	0	0	0	1	0	1	0	0	1	0	0	1	0	0	
1	0	1	0	1	1	0	0	0	0	0	0	1	1	0	1	1	0	0	0	
1	1	0	0	1	0	1	1	0	0	1	1	0	0	0	0	1	0	1	0	
1	1	0	0	1	0	1	0	1	0	1	1	0	0	1	1	0	1	1	0	
1	1	1	0	0	0	0	1	0	0	1	0	1	0	1	1	0	0	0	1	

invalid rows (last execution): 
2	3	4	6	8	9	13	14	15	16	17	18	20	21	22	23	25	29	30	34	36	38	39	40	41	42	45	50	51	54	57	60	61	63	64	65	68	77	83	85	86	88	89	90	93	94	99	100	101	108	109	111	112	115	116	118	119	121	122	124	126	127	129	136	137	138	139	140	144	146	149	152	154	155	157	158	162	167	168	173	176	177	184	185	187	188	189	190	191	192	194	195	199	201	202	210	212	213	216	219	220	221	222	225	226	230	233	234	235	237	238	239	240	244	247	251	254	257	258	259	260	262	263	264	267	268	273	275	276	278	279	284	289	291	294	295	296	297	299	
