forbidden tuples: 
(P_19.1, P_6.0, P_3.1, P_20.0, P_9.1, P_2.0, P_8.0, P_15.0, P_14.1, P_7.0, P_4.1, P_18.0, P_11.0, P_10.1)
(P_16.1, P_18.1, P_7.1, P_4.1, P_12.0, P_11.0, P_8.0, P_3.0, P_17.0, P_14.0)
(P_6.0, P_16.1, P_9.0, P_17.1, P_8.0, P_15.1, P_3.1, P_13.0, P_10.1, P_20.0, P_11.0, P_7.1, P_5.0)
(P_8.0, P_12.0, P_13.0, P_9.1, P_5.0, P_2.1, P_16.1, P_15.1, P_18.0, P_10.0)
(P_4.0, P_12.1, P_20.1, P_18.1, P_6.0, P_11.0, P_10.0, P_8.1, P_15.0, P_5.0, P_1.1, P_2.1, P_17.1, P_19.1, P_16.0, P_9.0)
(P_13.0, P_11.0, P_6.0, P_8.1, P_14.1, P_15.1, P_10.1, P_19.1, P_20.1, P_7.0, P_9.0, P_2.1, P_16.1, P_12.1, P_18.0, P_3.0, P_5.1, P_4.0)
(P_17.1, P_2.0, P_7.0, P_6.0, P_15.1, P_14.1, P_18.1, P_20.0, P_12.1, P_1.0, P_5.0, P_13.1, P_16.1, P_19.0, P_3.1, P_10.0)
(P_3.1, P_1.1, P_4.1)
(P_1.1, P_18.1, P_8.1, P_16.0, P_3.1, P_14.1)
(P_19.0, P_11.0, P_12.0, P_5.1, P_1.0, P_14.1)
(P_17.1, P_7.0, P_10.1, P_11.1)
(P_3.1, P_12.0, P_14.1, P_9.1, P_17.0)
(P_8.0, P_3.0, P_19.1, P_7.0, P_17.1, P_20.0, P_15.1, P_4.0, P_11.1, P_2.0, P_9.1)
(P_16.0, P_17.0, P_13.1, P_8.0, P_2.0, P_4.0, P_6.0, P_9.0, P_19.0, P_1.0, P_20.1, P_11.0)
(P_4.1, P_11.1, P_13.1, P_10.0, P_7.1, P_1.0)
(P_16.0, P_17.1, P_5.1, P_18.0, P_2.1, P_6.0, P_19.1, P_1.0, P_15.0, P_12.1, P_8.0, P_13.0, P_14.1)
(P_6.0, P_3.1, P_8.1, P_5.0, P_13.0, P_20.0, P_11.0)
(P_6.1, P_8.1, P_5.1, P_15.0)
(P_3.1, P_8.1, P_7.0, P_20.1, P_9.0, P_2.1, P_4.0, P_10.0, P_13.1, P_17.1, P_6.0, P_12.0)

 ----------Identity covering array: 
1	0	0	0	1	1	0	1	1	1	1	0	0	1	1	1	1	0	1	1	
1	0	1	1	1	0	1	1	1	0	1	0	1	1	1	1	1	0	0	1	
0	0	0	0	0	1	1	0	1	1	0	0	0	0	0	1	0	1	0	0	
0	0	1	0	0	0	0	0	1	1	0	1	1	0	1	1	0	0	1	1	
0	0	1	1	1	1	0	1	0	0	1	0	0	1	0	1	0	0	0	1	
0	1	1	1	1	1	1	1	1	1	0	1	1	0	0	1	0	1	0	0	
0	0	0	1	1	1	0	1	1	1	0	0	0	0	1	1	1	0	0	1	
0	1	1	0	1	0	1	0	0	0	0	0	1	0	1	1	0	1	0	0	
0	1	0	0	1	1	1	1	0	1	1	0	1	1	1	0	0	1	0	0	
1	0	1	1	0	0	1	0	1	1	0	1	0	1	0	1	0	1	1	1	
1	1	1	1	1	1	1	1	1	1	1	0	0	0	1	0	1	1	0	1	
1	1	0	0	1	0	1	1	0	1	1	1	1	0	1	0	0	0	1	1	
0	1	1	1	1	1	1	0	1	0	1	0	1	1	0	0	1	0	0	0	
0	1	1	0	0	1	1	1	1	1	1	0	1	1	1	1	0	0	1	1	
0	0	1	1	0	0	1	0	0	1	0	0	1	1	0	0	0	0	0	1	
1	0	1	0	0	1	0	0	0	0	0	0	1	1	1	1	1	0	1	0	
1	0	1	1	1	1	0	1	1	1	0	0	1	1	0	0	1	0	1	1	
0	1	0	0	0	1	1	0	1	0	0	1	1	1	0	1	1	0	0	0	
1	0	0	0	1	0	1	0	1	0	0	1	0	1	1	1	1	1	0	0	
1	0	0	0	1	1	1	0	1	0	1	0	1	0	1	0	0	0	1	1	
0	0	0	1	1	1	0	0	1	0	1	0	1	0	1	1	1	1	0	0	
0	0	1	0	1	0	1	1	1	1	1	0	1	0	0	0	0	1	1	0	
1	0	1	0	1	1	1	1	1	0	1	1	1	0	0	1	1	0	0	1	
0	1	1	1	0	0	0	1	0	0	0	0	1	1	0	0	0	0	0	1	
0	0	0	1	1	0	0	0	0	1	1	1	0	0	1	0	0	1	0	1	
1	0	1	1	0	0	1	1	1	0	1	1	0	0	1	0	0	0	0	1	
0	1	0	1	0	1	0	0	1	0	0	0	1	0	0	1	0	0	1	1	
0	1	1	0	0	1	0	0	1	1	1	1	0	1	1	1	1	1	0	0	
1	0	0	0	0	0	1	1	1	0	0	1	1	0	0	1	0	1	1	0	
1	0	1	1	1	0	1	0	0	1	0	1	1	0	1	0	1	1	1	0	
1	1	1	0	1	0	1	0	0	0	1	1	0	0	0	0	1	1	0	0	
0	0	1	1	1	0	0	1	1	0	0	0	0	0	0	1	0	0	1	0	
1	1	1	0	1	1	1	1	1	0	0	1	1	1	1	0	0	1	0	1	
0	0	1	1	0	1	1	0	1	1	1	1	0	0	0	0	0	0	0	1	
0	1	1	1	0	1	0	1	1	0	0	0	0	0	0	0	0	1	0	0	
0	0	0	0	0	1	1	1	0	0	0	1	0	1	1	1	0	0	1	1	
1	1	0	1	0	0	1	0	0	1	0	1	0	0	0	1	1	0	0	0	
0	0	1	0	1	0	0	1	0	1	0	1	1	1	1	1	0	1	1	0	
1	0	1	0	1	1	1	0	1	1	0	0	0	1	1	0	0	0	0	0	
0	1	0	0	1	0	1	0	1	1	0	0	1	0	1	1	0	1	1	1	
0	0	0	1	1	1	1	1	0	0	1	0	0	0	0	0	1	0	1	1	
0	1	0	0	1	0	1	1	1	0	1	0	0	1	1	0	1	0	0	1	
1	1	1	1	0	0	1	0	1	0	0	0	0	1	1	0	1	0	0	1	
1	1	0	1	0	1	0	1	1	0	1	0	1	1	1	0	1	1	0	0	
0	1	0	1	0	0	1	0	1	1	1	0	1	0	1	0	0	0	0	0	
1	1	0	1	1	0	0	1	1	1	1	0	1	1	0	1	1	1	1	1	
1	1	0	1	1	0	1	1	0	0	0	0	1	0	0	0	1	1	0	1	
1	0	1	1	1	0	0	0	1	0	0	1	0	1	1	0	0	0	1	0	
1	1	1	0	1	1	0	0	1	1	0	1	0	0	1	0	1	1	1	1	
0	1	1	1	1	0	1	1	0	1	0	0	0	0	1	0	0	0	1	1	
0	0	0	1	1	1	1	0	0	0	0	0	1	1	0	1	1	1	1	0	
0	1	0	0	0	1	0	1	1	1	0	1	1	1	0	1	1	1	1	1	
0	1	0	1	1	1	0	1	0	1	0	0	1	0	1	0	1	1	1	0	
0	0	0	0	0	0	0	1	1	0	1	0	1	0	1	1	0	1	0	1	
1	1	1	1	1	1	1	1	1	1	1	0	0	0	0	0	0	0	1	0	
0	1	1	1	1	0	0	1	0	0	1	1	1	0	1	0	1	0	0	0	
1	0	0	0	0	1	0	1	1	1	0	0	1	1	0	1	1	0	0	0	
1	1	0	0	0	1	1	1	1	0	0	0	0	0	1	1	1	1	1	1	
1	1	0	0	0	0	0	1	0	1	1	0	0	0	0	0	1	1	0	0	
0	0	0	0	0	1	1	1	1	1	1	0	1	0	1	1	1	0	1	0	
0	0	0	1	1	0	0	0	0	0	0	0	1	1	1	0	1	0	0	0	
1	0	1	1	1	0	0	1	1	1	1	1	0	0	0	1	1	1	0	0	
1	0	0	1	1	1	0	0	1	0	0	0	1	1	1	1	0	1	1	1	
0	1	0	1	1	0	1	0	1	1	0	1	0	0	0	0	0	1	1	1	
1	0	0	0	0	0	1	1	0	1	0	0	1	1	1	0	0	1	0	1	
1	1	1	1	1	0	1	0	1	0	0	1	1	0	1	1	0	0	0	1	
0	1	1	1	0	1	0	0	1	1	0	1	1	1	1	0	1	0	1	0	
1	0	1	1	0	1	1	1	1	1	0	1	0	1	1	0	1	1	0	0	
0	1	1	1	1	1	0	1	1	0	0	0	0	1	1	1	1	1	1	0	
0	1	0	0	0	0	0	0	0	1	0	0	0	1	1	1	1	0	1	0	
1	0	0	0	1	0	0	0	0	1	1	1	0	1	0	1	0	0	0	0	
0	1	0	1	0	0	0	0	0	0	0	1	1	1	1	1	1	1	1	0	
0	1	1	0	1	1	0	1	1	0	0	0	1	0	0	0	1	0	0	1	
0	0	1	0	1	0	0	0	1	0	1	0	0	1	0	1	0	1	0	1	
0	1	1	1	1	0	0	1	0	1	0	0	0	0	0	0	1	0	1	0	
1	1	1	1	0	1	0	0	1	1	1	0	0	1	0	1	1	0	1	1	
0	0	1	0	1	1	1	1	1	0	1	1	0	0	1	1	0	1	1	1	
1	1	0	0	0	1	1	1	1	1	0	0	0	1	0	0	1	1	1	0	
1	1	1	0	1	0	0	0	1	1	1	0	1	1	1	0	1	1	1	0	
0	1	1	0	0	1	0	0	0	0	1	0	0	0	1	0	1	0	1	1	
1	1	0	0	0	1	1	0	1	1	1	1	0	1	1	0	0	0	0	1	
0	0	0	0	1	0	0	1	0	0	1	0	0	1	0	1	1	0	1	1	
1	0	1	1	0	0	0	0	0	0	1	0	1	0	0	0	0	1	1	0	
1	0	1	1	1	1	0	0	0	0	1	1	0	1	1	0	1	1	0	1	
1	0	0	1	0	1	1	1	1	1	1	0	1	0	0	1	0	1	0	1	
1	0	0	0	1	0	0	0	0	1	0	0	1	0	0	1	1	1	0	1	
1	1	0	1	0	0	0	0	0	1	1	1	1	1	1	1	0	1	1	1	
0	1	0	0	1	1	1	0	0	0	0	1	0	0	1	1	1	0	1	1	
0	0	0	1	1	0	1	1	0	1	0	0	0	0	1	1	1	1	0	0	
0	0	1	1	1	0	1	0	0	0	1	0	0	1	1	1	1	0	1	0	
1	0	1	1	1	1	0	1	0	1	0	0	0	1	0	0	0	1	1	1	
1	1	0	1	0	1	0	0	0	1	0	0	0	1	1	1	0	1	0	1	
1	0	0	0	0	0	1	0	1	1	0	0	1	0	0	0	1	0	1	1	
0	0	0	1	0	0	1	1	1	0	0	1	0	1	0	1	1	0	1	1	
0	1	1	0	0	0	0	0	1	0	1	0	1	0	0	0	1	0	1	0	
1	1	1	1	1	0	1	0	1	0	1	1	1	0	0	0	1	1	1	1	
0	1	1	1	1	0	0	1	1	1	1	1	1	1	0	0	1	1	0	1	
0	1	1	1	0	0	0	0	0	1	1	1	0	0	0	1	0	1	1	0	
0	1	0	1	0	0	1	1	1	0	0	1	1	1	1	1	0	1	0	1	
0	1	1	0	0	0	1	1	0	1	0	1	0	0	1	0	1	1	0	1	
0	0	0	1	0	1	1	0	1	0	1	0	0	1	1	1	1	0	0	1	
1	1	1	0	0	1	0	1	0	1	0	1	0	1	1	0	0	1	1	0	
1	1	0	0	0	1	1	0	0	0	1	0	1	1	0	1	1	1	0	1	
1	0	1	0	1	0	0	1	0	0	0	0	0	0	1	0	0	0	0	1	
0	0	0	1	0	0	0	0	1	0	1	0	0	1	0	0	0	0	1	1	
1	1	0	0	1	1	0	0	0	0	0	0	0	1	0	0	1	0	0	1	
1	1	0	1	1	1	0	0	1	1	1	1	1	0	0	0	0	1	1	0	
0	1	1	0	0	1	1	1	0	1	0	0	0	0	1	1	0	0	0	0	
0	0	0	1	0	1	1	1	1	1	1	1	1	1	1	0	0	1	1	1	
1	1	0	1	1	0	0	1	0	1	0	1	0	1	1	0	1	0	0	1	
1	0	0	1	0	1	1	1	0	0	0	0	1	0	0	1	0	0	0	0	
1	0	1	1	1	0	0	0	1	1	0	0	1	0	1	0	0	1	0	1	
1	1	0	0	0	0	0	1	1	1	1	0	0	0	0	0	0	0	1	1	
0	1	0	1	1	1	0	1	0	1	1	1	0	1	0	1	1	1	0	0	
0	0	0	0	0	1	0	1	0	0	0	1	1	1	1	0	1	1	0	1	
0	1	1	0	1	0	1	1	1	1	1	1	0	0	1	1	0	0	1	0	
1	0	0	0	1	0	0	1	1	0	0	1	0	1	1	0	1	1	1	1	
0	0	0	0	1	0	1	1	1	1	0	0	1	1	0	1	0	0	0	1	
0	1	1	0	1	0	1	0	0	1	1	1	1	1	1	1	1	0	0	1	
0	1	0	1	0	0	0	1	0	0	1	0	1	0	1	1	0	0	1	0	
0	0	0	0	0	0	1	0	1	0	1	1	1	1	1	0	1	1	1	0	
1	0	0	0	1	1	0	1	0	1	1	0	1	0	1	0	1	0	0	1	
1	1	1	1	1	0	0	0	0	0	0	1	1	1	0	1	1	1	0	0	
0	1	1	1	0	1	1	0	0	1	0	1	1	0	1	0	1	0	0	1	
1	1	0	0	1	0	0	0	1	1	0	1	0	0	0	1	1	0	1	0	
0	0	1	1	1	1	1	0	0	0	1	0	1	0	1	0	0	1	0	1	
0	0	1	0	1	1	1	0	0	1	0	0	0	1	1	0	1	1	1	1	
1	1	1	1	0	0	0	0	1	0	0	0	0	1	0	1	0	0	0	0	
0	0	1	1	0	0	1	0	1	1	1	1	1	0	0	1	1	0	1	0	
1	1	0	1	1	0	0	1	1	0	0	0	1	1	0	0	0	0	1	0	
1	1	1	0	0	1	0	0	0	1	0	0	1	0	0	0	0	1	0	1	
1	1	1	0	0	0	0	0	1	0	0	0	0	1	1	1	0	1	1	1	
0	0	1	1	0	0	0	1	1	1	1	0	0	1	1	0	0	1	0	0	
0	0	1	0	0	1	0	1	1	1	0	0	0	0	0	1	1	1	1	1	
1	1	0	0	1	0	1	1	1	1	1	1	1	0	1	1	1	1	0	0	
0	0	0	0	0	1	0	0	0	1	1	0	1	1	0	0	0	0	1	0	
0	0	0	0	0	0	1	1	0	1	1	1	0	1	0	1	0	1	0	1	
0	0	0	1	0	0	0	1	1	1	0	1	1	0	0	0	1	1	1	0	
0	0	0	0	0	1	1	0	0	1	0	1	1	0	1	1	0	1	0	0	
0	0	0	0	0	0	1	0	0	0	0	0	0	0	0	0	0	1	1	1	
0	1	1	0	1	0	0	0	1	1	1	0	0	0	1	1	1	0	0	1	
1	1	1	1	0	1	0	1	0	0	0	1	0	0	0	0	1	0	1	1	
1	0	1	0	0	1	1	1	0	0	1	0	0	1	0	0	0	0	1	0	
1	0	0	0	1	0	0	1	1	0	1	1	1	1	0	0	0	0	0	0	
1	1	0	1	1	0	1	1	0	0	1	0	0	1	0	1	0	1	0	0	
1	0	1	0	0	0	1	1	0	0	0	1	1	0	1	1	1	0	1	1	
1	1	1	0	0	0	1	1	1	1	0	1	1	1	0	0	0	0	0	0	
1	1	0	1	1	0	0	0	0	0	0	1	1	1	0	1	0	0	1	1	
0	0	0	1	1	1	1	0	0	1	0	1	1	1	1	0	0	0	1	1	
1	1	0	1	1	1	1	1	1	0	1	1	0	1	0	1	1	0	1	0	
1	0	1	0	0	0	0	0	0	1	0	1	0	1	0	0	1	0	1	0	
0	1	0	0	1	1	1	0	1	1	1	0	0	0	0	1	1	1	1	0	
0	1	0	1	0	0	0	1	0	0	1	1	0	1	1	0	0	1	0	1	
0	1	1	0	1	0	1	1	1	0	0	1	0	1	0	0	0	0	1	1	
0	0	1	1	0	1	1	1	1	0	0	0	1	0	1	0	0	0	1	0	
1	0	1	0	0	0	0	0	1	1	1	0	0	1	1	1	1	1	1	1	
0	0	1	0	1	1	0	0	0	0	0	1	1	0	0	0	0	0	1	0	
1	0	0	0	0	1	0	0	0	0	1	1	1	0	0	1	1	0	1	1	
1	1	1	0	0	0	0	1	1	0	1	1	0	1	1	1	1	0	1	0	
0	1	0	0	1	1	0	0	1	0	1	1	1	1	1	1	0	0	0	1	
1	1	0	1	1	1	0	0	1	1	0	1	1	0	0	1	1	1	0	1	
0	0	1	0	0	0	1	0	0	0	1	1	1	1	1	0	0	0	0	0	
0	0	0	1	1	1	0	1	1	0	0	1	0	1	1	1	0	1	0	1	
1	0	0	1	0	1	0	1	1	0	0	1	0	0	0	0	0	1	0	1	
1	1	0	0	0	0	0	0	0	0	0	1	1	0	1	0	0	0	0	0	
1	0	0	0	0	1	0	0	0	0	1	1	0	0	0	1	0	1	0	0	
0	1	0	1	1	1	1	0	1	0	0	1	0	0	1	0	1	0	0	0	
0	0	0	0	0	1	0	0	1	0	0	0	0	0	1	0	0	0	0	0	
1	1	1	0	1	1	0	1	0	0	1	0	0	0	1	1	1	1	0	0	
0	1	1	1	1	1	0	0	0	1	0	0	0	0	0	1	0	1	0	1	
0	1	1	0	0	0	0	0	1	0	1	1	1	0	0	0	0	1	0	1	
1	1	0	0	1	0	1	0	0	1	1	1	0	1	0	0	1	1	1	1	
0	0	1	1	0	1	0	1	1	0	1	1	1	1	0	1	0	1	1	0	
1	1	0	0	0	0	1	0	1	0	1	0	1	1	0	1	0	0	1	0	
0	1	0	1	0	0	0	0	1	1	0	0	0	0	1	0	1	1	1	1	
0	0	0	1	1	0	1	0	0	0	1	1	1	0	0	1	0	0	0	0	
1	0	1	1	0	0	1	0	0	1	1	0	1	1	0	1	1	1	0	0	
1	1	0	0	1	1	1	1	0	0	0	1	0	0	1	1	0	1	0	1	
1	0	0	1	0	0	1	1	1	1	0	0	0	1	1	1	0	0	1	0	
1	1	1	1	0	0	0	1	1	1	0	0	1	0	1	1	1	0	0	0	
1	1	0	1	0	0	1	1	0	1	1	1	1	1	0	0	1	0	1	0	
1	1	1	0	0	1	1	0	0	1	0	1	0	0	0	1	0	0	1	1	
0	1	0	0	1	0	0	1	0	0	0	1	0	0	0	1	0	1	1	0	
0	0	0	1	1	0	1	0	1	1	1	0	0	1	0	0	1	1	0	0	
0	0	1	1	0	0	0	0	0	0	0	1	0	0	1	1	1	1	0	1	
1	1	0	0	1	1	0	1	0	1	0	0	1	0	0	1	0	0	1	0	
0	0	1	1	0	1	1	0	0	1	1	0	0	1	1	1	0	1	1	0	
0	1	1	0	0	1	1	0	0	0	1	1	1	1	0	1	0	0	1	1	
1	0	0	1	0	1	1	0	1	0	0	1	1	1	0	0	0	1	0	1	
0	1	1	1	0	1	1	0	0	0	1	0	0	1	0	0	1	1	1	1	
1	0	1	0	1	1	1	0	1	1	1	1	1	1	0	0	0	1	1	1	
0	0	0	1	1	1	0	0	1	1	0	1	0	1	0	1	0	0	1	0	
1	0	0	1	1	0	1	1	1	0	1	1	0	0	1	0	0	1	1	0	
0	0	1	1	0	1	1	1	1	0	1	0	1	0	0	1	1	1	0	1	
0	1	0	1	0	1	1	0	1	0	1	1	0	0	0	1	1	1	1	1	
0	1	1	1	1	0	0	1	1	0	0	1	1	0	1	0	0	1	1	1	
1	0	1	1	1	0	0	1	0	1	1	1	0	0	0	1	0	0	1	1	
0	0	0	0	1	1	0	0	1	1	0	1	0	0	0	0	1	1	0	1	
0	0	1	1	1	1	0	0	0	1	1	0	1	0	1	1	1	1	1	1	
0	1	1	0	1	0	0	1	0	1	1	1	1	0	0	1	0	0	0	1	
0	1	1	1	1	0	1	0	1	0	1	1	0	1	1	1	0	1	1	0	
1	0	0	1	0	0	0	0	1	1	1	1	1	1	1	1	1	0	0	1	
1	1	0	1	1	0	0	0	0	0	1	0	0	0	1	1	1	0	1	1	
0	0	0	0	0	0	0	1	0	1	1	1	0	0	1	0	1	0	1	0	
0	1	0	1	1	0	0	0	0	1	1	0	1	1	0	0	0	0	1	1	
0	1	0	0	1	0	0	0	1	1	0	0	1	1	0	0	0	1	0	0	
1	1	0	1	1	1	1	0	1	1	0	0	1	1	1	1	1	0	1	1	
1	0	1	1	0	1	0	0	0	1	0	0	0	0	0	0	1	0	0	0	
1	0	1	1	1	1	1	0	0	1	0	1	0	1	0	1	1	0	0	1	
1	0	1	0	0	1	0	1	1	1	1	1	1	0	1	0	0	1	1	1	
1	0	1	1	1	1	1	0	1	0	0	0	0	0	0	1	1	1	1	1	
1	0	1	0	0	1	0	0	1	0	0	0	1	0	0	0	1	1	0	0	
0	0	1	0	1	0	0	0	1	0	0	1	1	1	0	0	1	0	0	1	
0	1	0	0	0	0	0	1	1	0	0	1	0	0	0	1	1	0	0	1	
1	1	1	1	0	0	1	1	0	1	1	0	0	0	1	1	0	1	0	1	
0	1	0	1	0	1	1	1	1	1	0	0	0	1	0	0	0	0	1	1	
1	1	1	1	0	0	1	1	0	1	0	0	1	0	0	1	0	1	1	0	
0	1	0	1	0	1	0	1	1	1	1	1	0	0	1	1	0	0	1	0	
0	0	1	0	1	1	0	1	0	1	1	1	1	0	0	0	1	1	0	0	
0	0	1	1	0	0	0	1	0	0	1	0	1	1	1	0	1	1	1	1	
1	0	1	0	0	0	0	1	0	1	1	0	1	1	0	0	1	0	0	1	
1	0	0	1	1	1	0	1	1	0	0	1	1	0	1	1	1	0	1	0	
1	0	0	1	0	0	0	1	0	0	0	0	0	1	0	1	1	1	1	0	
1	0	1	0	0	0	1	0	0	1	1	0	0	0	1	1	0	0	0	0	
0	0	0	1	1	0	1	1	0	0	1	1	1	0	1	1	1	1	1	1	
0	0	1	0	0	1	1	1	1	1	1	1	0	1	0	0	1	0	0	0	
1	1	1	0	1	0	1	1	0	0	0	0	1	1	1	0	1	0	1	0	
1	0	0	0	1	1	1	1	0	1	0	1	0	0	0	0	0	0	0	0	
1	1	1	1	1	1	0	0	0	1	1	0	1	1	1	0	0	0	0	0	
0	1	1	0	0	1	1	0	0	0	0	1	0	1	0	1	0	1	0	1	
1	1	1	0	1	0	1	1	0	1	0	0	0	1	0	1	1	1	1	1	
1	1	1	1	0	1	0	1	0	0	0	1	1	1	1	1	0	0	0	1	
0	1	0	0	1	1	1	1	1	1	0	1	1	0	1	0	1	0	1	0	
0	1	0	0	0	1	1	1	0	0	1	1	1	0	0	0	0	1	1	0	
0	1	1	1	0	0	1	1	1	0	1	0	0	0	0	1	1	0	0	0	
1	1	0	1	0	0	1	0	1	1	1	1	0	1	1	0	0	1	0	0	
0	0	1	0	1	0	1	0	1	1	1	1	0	0	0	0	1	0	1	1	
0	0	1	0	1	1	1	0	0	0	0	0	1	0	0	1	1	0	0	1	
1	0	0	1	0	0	0	1	0	1	0	1	1	0	1	0	0	1	0	0	
1	0	0	1	1	1	1	1	0	1	1	1	1	1	1	1	0	0	0	0	
1	0	0	0	0	1	0	1	0	0	1	0	0	1	1	1	0	0	0	1	
1	0	0	1	0	1	1	0	0	0	0	1	0	0	1	0	0	1	1	0	
1	1	0	1	1	1	1	0	0	0	0	0	0	1	1	0	0	1	1	0	
1	0	1	0	1	1	1	1	0	1	1	1	1	1	0	1	1	1	1	1	
1	1	1	0	1	1	0	0	1	1	1	0	1	1	0	1	0	1	0	0	
1	1	0	0	0	1	1	1	0	0	1	0	0	0	1	0	1	0	0	0	
1	0	1	1	0	1	1	1	0	0	0	1	1	1	0	0	1	1	1	1	
1	1	0	1	1	0	1	0	1	1	1	0	0	0	0	1	0	0	0	1	
1	0	0	1	0	1	1	1	0	1	1	1	0	1	1	1	1	1	1	0	
1	1	1	1	0	0	1	1	0	0	1	1	0	1	1	0	0	0	1	1	
0	1	1	1	1	0	1	0	0	1	0	1	0	1	1	1	0	0	0	0	
1	1	1	0	0	1	1	0	1	0	1	0	1	0	1	1	1	1	1	0	
0	0	1	1	1	1	0	1	0	0	1	1	0	1	1	0	1	0	1	0	
0	1	1	0	0	1	1	0	1	1	0	0	1	1	1	0	1	1	0	1	
0	1	0	0	1	0	0	1	0	0	0	0	1	1	1	0	0	1	1	1	
0	1	1	0	1	1	0	0	0	1	1	1	0	1	1	0	0	0	1	1	
1	0	1	1	1	0	1	1	1	1	1	0	1	0	1	0	1	0	1	0	
1	0	0	0	1	1	0	0	0	0	1	1	1	1	0	0	1	1	1	0	
0	0	1	0	1	1	0	0	0	1	0	1	1	1	1	1	1	0	0	0	
0	1	1	1	0	0	1	1	0	1	1	0	0	0	1	0	1	1	1	0	
0	1	0	1	0	1	0	0	0	0	1	1	0	1	0	0	0	0	0	0	
0	0	1	1	1	0	1	1	1	1	0	1	1	1	1	1	1	1	1	1	
0	0	0	0	0	0	1	1	0	0	0	0	0	1	0	0	1	0	0	0	
0	0	0	0	0	1	0	0	0	1	0	1	1	1	0	0	0	1	1	1	
0	1	1	0	0	0	0	1	0	0	1	0	1	1	0	1	1	1	0	0	
1	0	0	0	1	0	0	0	0	1	1	0	0	0	1	1	0	1	1	0	
0	1	0	0	1	1	1	1	1	0	1	0	0	0	0	0	0	1	0	1	
0	0	1	1	1	0	1	1	0	0	0	1	0	1	0	0	0	1	0	0	
1	0	1	0	0	1	0	1	1	1	0	1	0	1	1	1	0	0	0	1	
1	1	1	1	1	1	1	0	0	1	1	1	1	0	1	1	0	0	1	0	
0	0	0	0	1	1	0	1	1	0	1	0	0	1	0	0	0	1	1	0	
1	0	1	0	0	0	1	1	1	1	0	0	0	0	0	0	0	1	0	1	
1	0	1	1	0	1	0	0	1	0	1	1	1	0	1	1	0	0	0	0	
0	1	0	0	1	0	0	1	1	1	0	1	0	1	1	0	0	0	0	0	
0	1	0	1	0	0	1	1	0	1	0	0	1	0	0	1	1	0	0	1	
1	0	0	0	0	0	1	0	0	0	1	1	1	0	1	0	1	1	0	1	
1	1	1	0	0	1	1	0	1	0	0	1	0	0	0	0	0	0	1	0	
0	0	0	1	0	1	0	1	0	1	1	1	1	0	0	0	0	0	0	1	
1	0	1	0	1	1	1	1	1	0	0	0	1	1	1	1	0	1	0	0	
1	1	1	0	1	1	0	1	1	0	0	0	0	0	0	1	0	0	0	0	
1	1	0	1	0	1	0	1	1	0	1	1	1	0	1	0	1	0	1	1	
1	1	1	1	1	1	0	1	0	0	1	0	1	0	0	1	0	1	1	1	
1	0	0	1	0	1	1	0	0	1	1	0	0	0	1	0	1	0	1	1	
0	1	0	1	0	0	1	0	1	0	0	0	1	1	0	1	0	1	1	0	
0	0	0	0	1	0	0	1	0	0	1	0	0	0	1	1	0	0	0	0	
1	0	0	1	1	0	0	0	1	0	1	0	0	0	0	0	1	0	0	0	
0	1	1	0	1	1	0	0	0	0	1	1	0	0	1	0	0	1	1	0	
1	1	1	1	0	1	1	1	0	0	1	1	1	0	1	1	1	1	0	0	
0	0	1	0	0	0	1	0	0	0	0	1	0	0	0	1	1	1	1	0	
0	1	0	0	0	1	0	1	0	1	1	0	0	1	1	1	1	1	1	1	
0	1	1	0	1	1	1	1	0	1	0	1	1	1	0	1	1	0	1	0	
1	1	0	0	1	1	1	0	0	1	1	0	1	0	0	0	1	0	0	0	
1	1	1	0	0	0	0	1	1	0	1	1	0	1	0	0	1	1	0	1	
1	0	1	0	1	0	1	0	0	0	1	0	1	1	0	1	0	0	1	1	
0	0	1	0	1	0	0	0	1	0	0	0	0	0	1	0	1	1	1	0	
0	0	0	1	0	1	0	0	0	1	0	0	1	1	0	1	1	0	0	0	
1	0	0	0	0	1	0	0	1	0	0	0	0	0	1	1	1	1	1	0	
0	1	0	0	1	0	0	0	0	0	1	1	1	0	0	0	1	1	1	1	
0	0	0	1	1	0	0	1	1	0	1	1	1	1	0	0	1	0	1	1	
0	1	1	0	0	0	0	0	1	0	1	0	0	1	1	1	1	0	0	1	

invalid rows: 
1	2	5	6	10	11	13	14	17	23	26	28	30	33	39	41	43	46	48	55	59	61	62	66	68	73	74	76	79	83	84	91	96	97	102	112	114	118	122	123	126	128	132	133	141	142	150	156	176	177	180	186	194	197	199	202	204	206	208	209	211	215	217	219	221	225	228	229	232	244	245	247	250	257	267	270	271	273	279	280	282	288	290	291	293	300	

 ----------Greedy covering array: 
1	0	1	0	1	1	1	1	1	1	1	1	0	1	1	1	0	0	0	0	
1	1	1	1	0	0	1	1	1	1	1	0	0	1	1	1	0	1	0	1	
1	0	0	1	1	0	0	0	0	0	0	1	0	0	0	1	1	0	0	0	
1	1	1	0	0	1	1	0	0	0	0	1	1	0	0	1	0	0	0	1	
1	0	0	0	1	0	1	0	1	1	1	0	0	1	0	0	0	1	0	1	
1	1	0	1	1	0	0	0	1	0	1	1	1	0	0	1	1	1	1	1	
1	0	1	0	1	0	1	0	1	0	1	1	0	0	1	1	0	1	0	0	
1	1	1	1	0	0	0	0	1	0	0	0	0	0	0	0	1	0	1	1	
0	1	1	1	1	0	0	0	1	1	1	1	0	1	0	0	1	0	1	0	
1	0	0	1	0	1	1	1	0	1	0	1	1	0	0	1	1	1	0	1	
0	0	1	1	1	0	1	1	1	0	1	1	0	1	1	1	1	1	1	1	
0	1	1	1	0	1	1	1	1	0	1	1	1	1	0	0	0	0	1	0	
0	1	0	1	1	0	0	0	1	1	0	0	0	1	1	1	0	1	1	1	
1	1	1	1	1	1	1	0	0	1	1	1	0	1	0	1	0	0	1	1	
0	1	0	1	0	0	1	0	0	1	0	1	0	0	0	0	0	1	0	1	
1	1	1	0	1	1	0	1	0	1	0	0	0	0	1	0	0	0	0	1	
0	1	0	0	1	1	1	1	1	1	1	1	0	0	1	1	0	1	0	1	
1	1	0	1	1	0	0	0	0	1	0	0	1	0	1	1	0	0	1	0	
1	0	1	1	0	0	0	1	1	1	0	0	1	0	1	1	1	0	0	0	
0	1	1	1	1	1	1	1	1	0	0	0	0	1	0	1	0	0	0	0	
1	1	1	0	1	0	0	0	1	0	0	0	0	1	1	1	1	1	0	0	
0	1	0	1	0	1	0	0	1	0	1	1	0	1	0	1	1	0	0	1	
1	1	0	1	1	0	1	1	1	0	1	0	1	1	1	1	0	0	0	1	
0	1	0	0	0	0	1	0	0	1	1	0	0	0	0	0	0	1	1	1	
0	0	1	0	0	0	1	0	1	0	0	1	1	1	0	0	1	1	0	0	
0	0	1	1	0	0	1	1	0	0	1	0	1	1	0	1	0	1	0	1	
1	1	0	0	1	1	1	0	0	0	0	0	0	0	0	1	0	1	1	0	
1	0	1	0	1	0	0	0	0	1	0	1	1	1	1	1	1	0	1	1	
1	1	0	1	0	1	0	1	0	0	1	0	1	0	0	1	1	0	0	0	
0	1	1	1	0	1	0	1	1	0	0	1	1	0	1	0	1	1	0	1	
0	0	0	1	0	0	0	1	1	0	0	0	1	1	1	0	1	0	1	1	
1	0	0	0	0	1	0	0	1	0	1	0	0	0	0	1	0	1	0	1	
0	1	1	1	1	0	1	1	1	1	1	0	1	0	0	1	1	0	1	1	
0	0	0	1	1	0	1	0	0	0	0	1	1	1	0	1	0	1	0	1	
0	0	0	0	1	0	0	0	0	0	1	0	0	0	0	1	1	1	1	1	
1	0	1	1	1	1	1	0	0	1	1	0	1	0	0	0	0	0	0	0	
1	0	0	1	0	0	0	1	0	0	0	1	1	0	1	0	0	1	1	0	
1	1	1	0	0	1	0	0	1	1	1	1	1	0	0	0	1	0	0	1	
0	0	1	1	1	0	0	1	1	1	0	1	0	0	0	1	0	0	0	1	
1	1	1	1	0	1	1	0	1	0	0	1	0	0	0	1	1	0	1	0	
0	0	0	1	1	1	1	0	1	0	1	0	0	1	1	0	0	1	0	0	
0	0	1	1	0	0	1	0	1	1	1	0	0	1	1	1	0	0	1	0	
0	0	1	1	0	0	1	1	0	1	0	0	0	0	1	1	0	1	1	1	
0	1	1	0	1	0	0	1	0	1	1	0	0	1	1	1	1	1	1	0	
0	1	1	1	0	0	0	0	0	0	0	1	0	1	0	1	0	1	1	0	
1	1	0	0	0	1	1	1	1	1	1	1	0	1	1	1	1	1	1	0	
0	1	0	1	0	0	1	1	1	0	1	0	0	0	1	0	1	1	1	0	
0	0	1	0	0	1	0	1	1	1	0	0	1	0	0	1	0	1	0	1	
0	0	1	0	1	1	1	1	1	0	0	1	1	0	1	1	1	0	1	1	
0	0	1	1	0	1	1	0	1	0	1	1	0	0	0	0	0	1	1	1	
1	1	0	1	1	1	0	0	1	1	0	0	0	0	1	0	1	1	0	0	
1	1	0	0	1	1	1	0	0	1	1	1	1	0	1	1	1	0	1	0	
0	1	1	0	1	1	0	0	1	0	1	1	0	0	1	0	1	1	1	0	
1	1	1	0	0	0	1	0	0	0	1	0	0	1	0	1	1	0	0	0	
0	0	0	1	1	1	0	1	1	0	1	1	0	1	0	1	0	1	1	1	
0	1	1	0	0	0	0	0	1	0	1	0	1	1	1	0	0	1	1	1	
1	1	0	0	1	0	0	1	0	1	1	1	0	0	1	1	0	0	0	0	
1	0	1	1	1	1	1	1	0	0	1	0	0	0	1	1	1	0	1	0	
0	0	0	0	0	0	0	1	0	0	1	1	0	1	1	0	1	0	1	0	
1	1	1	1	1	1	0	0	0	0	1	1	0	1	1	1	0	0	0	0	
0	1	1	0	0	0	0	0	1	1	0	0	0	0	1	0	0	1	0	0	
1	0	0	0	0	0	0	1	1	0	1	1	1	1	1	1	1	1	0	1	
1	1	1	0	1	1	1	1	1	1	0	0	0	0	0	1	1	1	0	0	
0	0	0	1	0	1	1	0	1	0	0	1	1	0	0	1	1	1	1	0	
0	1	1	1	0	0	1	1	0	1	1	1	0	0	0	0	1	0	0	0	
1	1	1	1	0	0	1	1	1	0	0	0	1	0	0	1	0	1	1	1	
0	1	1	0	1	1	0	0	0	1	0	1	1	0	1	1	0	1	1	1	
0	0	1	1	1	0	0	1	0	1	1	1	1	0	1	1	1	1	0	1	
1	0	1	0	1	1	0	0	1	1	1	0	0	0	1	1	1	1	1	1	
1	0	1	0	0	1	0	0	0	1	0	1	0	0	1	0	0	0	1	0	
1	0	0	0	0	0	0	1	1	1	0	1	1	1	0	0	0	0	0	0	
1	1	1	0	0	1	0	0	0	1	0	0	1	0	1	0	1	1	1	0	
0	1	0	0	1	0	1	0	1	0	1	0	0	0	1	1	0	0	1	1	
1	0	0	0	0	0	1	0	1	1	0	0	0	1	0	1	1	0	0	1	
0	0	0	0	0	1	0	0	1	0	1	1	0	0	1	0	0	1	1	1	
1	0	0	0	1	1	1	1	0	1	0	1	0	1	1	1	0	1	1	1	
1	0	1	1	1	1	1	0	1	0	1	0	1	1	0	1	1	0	0	1	
0	0	0	1	1	1	0	1	0	1	1	1	0	0	1	1	1	0	1	0	
0	1	1	0	0	1	0	1	1	1	0	1	0	1	1	1	1	0	1	1	
0	0	1	0	1	1	1	0	0	0	0	0	0	1	1	0	0	0	1	1	
0	0	1	1	1	0	1	1	0	1	0	1	1	1	0	1	0	0	1	0	
1	0	0	0	0	1	1	0	1	1	1	0	0	1	1	0	0	0	0	0	
0	1	0	0	0	1	0	1	0	0	0	0	0	1	0	0	1	1	0	1	
0	0	1	0	1	0	1	1	1	1	0	0	1	1	1	0	1	1	0	1	
1	1	0	1	1	0	1	1	0	0	1	1	0	1	0	1	1	1	0	0	
1	1	0	0	0	0	1	1	1	0	0	1	0	0	1	0	1	0	0	0	
1	1	1	0	0	1	1	1	0	1	0	1	1	1	0	0	1	1	1	0	
1	0	1	1	1	1	1	0	1	0	0	0	1	0	1	0	0	0	1	0	
1	0	1	1	0	0	0	0	1	0	1	1	0	0	1	0	1	1	0	0	
1	0	1	1	0	1	0	0	1	1	0	0	0	1	1	0	0	1	0	1	
0	0	0	0	1	1	1	1	1	1	1	1	0	0	0	0	1	1	0	1	
1	0	1	0	1	0	1	1	0	1	0	1	0	0	0	0	1	1	1	0	
0	1	0	1	0	1	1	1	0	0	0	1	0	0	1	1	0	0	0	0	
1	0	0	1	0	1	1	0	0	1	1	0	1	0	1	1	0	1	0	0	
0	1	0	0	0	1	0	0	0	0	0	0	0	1	1	1	0	0	1	1	
0	1	0	1	0	1	1	1	1	0	0	0	1	1	1	1	1	1	1	1	
0	1	0	0	0	0	1	0	1	1	1	1	1	1	1	1	1	1	1	1	
1	0	0	0	0	1	0	0	0	0	0	1	1	1	0	0	1	1	1	1	
1	1	1	1	0	0	1	0	0	1	1	0	1	0	0	1	1	1	1	0	
0	0	1	1	0	0	1	0	0	0	1	1	1	0	1	0	1	0	1	1	
1	0	1	1	1	0	1	0	0	1	0	0	0	1	1	1	0	1	0	0	
0	0	1	0	1	1	0	1	0	1	1	1	1	0	0	0	1	0	1	1	
1	1	0	1	1	0	1	1	0	1	0	0	0	1	1	0	1	0	1	0	
0	0	1	0	0	0	1	1	1	0	1	0	0	0	0	0	0	0	0	1	
0	0	0	0	0	1	1	0	0	1	0	0	0	1	0	1	0	1	0	0	
0	0	0	0	1	0	1	1	1	1	0	0	0	0	1	0	0	0	1	0	
0	1	0	0	1	1	0	1	1	0	0	1	1	1	0	1	1	1	1	0	
1	0	1	1	1	0	0	0	0	0	1	1	0	0	0	0	0	0	1	1	
0	1	1	1	1	1	1	0	0	1	1	1	1	1	0	1	1	1	0	0	
0	0	1	0	0	0	1	1	1	1	1	1	1	0	1	0	0	1	1	0	
1	1	0	1	1	0	0	1	0	0	1	0	0	0	0	0	0	1	0	0	
0	1	1	0	0	0	1	1	1	0	0	1	0	0	0	1	1	1	0	1	
0	0	0	0	0	1	1	1	0	0	1	1	0	1	0	1	0	0	1	0	
1	0	0	0	1	0	0	0	1	1	1	1	1	1	1	0	1	1	1	0	
0	1	1	0	1	0	1	0	0	1	1	0	1	0	1	0	1	0	0	0	
1	0	1	1	0	1	0	0	1	0	1	1	1	1	0	1	0	0	1	1	
0	0	1	0	0	1	1	1	1	1	1	0	1	0	1	1	1	0	0	0	
1	1	0	1	0	0	1	0	1	1	1	1	0	0	0	1	0	0	0	0	
1	1	1	1	0	0	1	0	1	1	0	1	1	1	1	0	0	0	1	1	
1	1	1	0	0	1	0	0	0	0	1	0	0	1	0	0	0	1	1	0	
0	1	1	1	0	1	0	0	0	1	0	0	1	1	1	1	1	0	0	0	
0	1	1	0	1	0	1	1	1	0	1	1	0	1	1	0	0	0	0	0	
1	1	0	0	0	0	0	1	1	1	0	0	1	0	1	0	1	1	1	1	
0	1	1	1	1	0	1	0	0	0	0	1	1	0	1	0	0	1	1	1	
1	0	0	0	0	1	0	1	1	0	0	1	1	0	1	1	0	0	1	0	
0	1	1	1	1	0	1	0	1	0	0	0	0	1	0	0	1	1	0	1	
0	0	1	1	1	1	1	0	1	1	0	1	0	0	1	0	1	0	0	1	
1	0	0	0	0	0	0	1	0	1	0	0	0	0	0	1	0	1	1	1	
1	1	0	1	0	1	0	0	0	0	0	1	1	1	1	1	0	1	0	1	
0	1	0	0	0	1	0	1	1	1	1	0	0	0	0	1	0	1	1	0	
0	1	0	0	1	0	1	1	0	0	0	1	0	0	0	0	1	0	1	1	
1	0	1	0	0	1	1	1	0	1	0	0	0	0	0	1	1	0	1	1	
0	0	1	0	0	0	0	0	0	1	1	1	0	1	0	1	1	1	0	1	
1	0	0	0	1	1	1	0	0	0	1	1	0	0	1	1	1	0	0	1	
1	1	1	1	0	0	0	1	1	0	1	1	1	1	1	1	1	0	1	0	
0	1	0	0	1	1	0	0	0	1	0	1	0	1	0	0	0	0	0	0	
1	0	0	1	0	0	1	0	0	1	1	1	1	1	0	0	1	0	0	0	
0	1	0	0	0	1	0	0	0	0	1	1	1	0	1	1	1	1	0	0	
1	1	1	1	1	0	0	0	0	0	0	1	1	0	0	0	1	0	0	0	
0	0	0	1	0	1	1	0	0	0	0	0	0	0	0	0	1	0	0	0	
1	0	1	0	0	0	1	0	1	0	0	1	0	1	1	1	0	0	1	1	
0	0	0	0	1	1	1	1	0	0	1	0	1	0	1	0	0	1	1	1	
0	0	0	1	1	1	0	1	0	1	1	0	0	1	0	0	0	0	0	1	
0	1	0	0	0	0	0	1	1	1	1	0	1	1	0	1	0	0	0	0	
1	0	0	1	0	0	0	1	1	1	1	0	0	1	0	0	1	1	1	0	
1	1	1	1	0	1	1	1	0	0	1	0	1	0	1	0	0	0	0	1	
0	1	0	1	0	0	0	1	0	1	1	1	1	0	0	1	0	0	1	1	
1	1	0	0	0	1	1	1	1	1	0	0	1	0	0	0	0	1	1	0	
0	1	1	1	1	1	1	0	1	1	0	1	1	0	0	0	0	1	0	0	
1	0	0	1	1	1	0	1	1	1	1	0	1	1	1	1	0	1	1	0	
0	0	0	0	0	1	0	1	0	1	0	1	1	0	1	0	0	0	0	1	
1	0	0	1	1	1	0	0	1	0	0	1	0	1	1	1	1	0	1	0	
0	0	1	0	0	0	1	0	0	1	1	0	1	1	0	0	1	1	1	0	
0	0	0	1	0	1	1	0	1	1	1	0	1	0	0	1	0	0	1	1	
0	1	1	1	1	1	0	0	0	0	1	0	0	0	0	1	0	1	0	1	
1	0	1	0	0	1	1	1	0	1	0	1	0	1	1	1	1	0	0	1	
0	1	0	0	1	1	0	0	1	0	0	0	1	0	0	0	0	0	0	1	
1	1	0	0	1	1	1	1	0	0	0	0	1	1	1	0	0	0	0	0	
1	0	1	0	0	1	0	1	0	1	1	0	1	1	1	1	0	0	1	1	
1	1	1	0	1	0	1	0	1	1	0	0	1	1	0	1	0	0	1	0	
1	1	0	0	1	0	1	1	1	0	0	1	1	0	1	1	1	1	1	0	
0	1	1	1	0	0	0	0	0	1	0	0	1	1	0	0	0	0	0	1	
1	0	1	0	1	0	1	0	1	1	1	0	1	0	0	1	1	1	0	0	
0	0	0	0	1	0	1	1	0	0	1	0	1	0	0	1	1	1	0	0	
0	1	1	0	0	0	0	1	0	0	0	0	1	0	0	0	0	0	1	0	
1	0	0	0	1	0	0	1	0	0	0	0	1	1	0	0	1	0	0	0	
0	0	1	1	1	0	0	0	1	0	0	0	1	0	1	1	0	1	1	0	
0	0	1	0	1	0	0	0	0	0	0	0	0	0	0	1	0	0	0	0	
1	0	1	0	1	0	0	1	1	0	1	0	0	1	1	0	1	0	1	1	
1	0	0	0	1	0	1	0	1	0	0	1	0	0	0	0	1	1	1	1	
0	1	0	0	0	0	1	0	0	0	0	0	1	1	0	1	1	0	1	1	
0	0	0	1	0	1	1	1	1	1	0	1	1	1	1	0	1	0	1	0	
1	1	0	0	1	1	0	0	0	1	1	0	1	1	0	1	1	1	0	1	
1	1	0	1	0	1	0	1	0	1	0	0	0	1	0	1	0	0	1	0	
0	0	1	0	0	1	1	0	0	0	0	1	0	0	1	1	1	1	1	0	
1	1	0	1	0	0	0	0	1	0	0	0	1	1	0	0	0	1	0	0	
1	1	0	1	0	0	0	1	0	1	0	1	0	1	1	0	1	1	0	1	
1	0	1	1	1	0	1	1	1	0	1	0	1	0	0	0	1	0	1	0	
1	0	1	1	0	1	0	1	0	1	1	1	0	0	0	1	0	1	0	0	
1	1	1	0	0	0	0	1	0	0	1	1	0	0	1	1	0	1	1	1	
0	1	0	1	0	1	0	1	0	1	1	1	1	1	1	0	0	1	1	0	
1	0	0	1	1	1	1	1	0	0	0	1	1	0	0	0	0	0	1	1	
1	0	0	0	0	1	0	0	1	0	1	0	1	0	0	0	1	0	1	0	
0	0	0	1	0	0	0	0	1	1	0	1	0	1	1	1	1	1	0	0	
1	0	1	0	0	0	1	0	0	0	0	0	1	0	1	0	1	1	0	1	
1	1	0	0	1	1	0	1	1	0	1	1	0	0	0	0	0	0	1	0	
1	0	1	1	1	1	0	0	0	1	0	1	0	1	0	0	1	1	0	1	
1	1	0	1	1	1	1	0	0	1	0	0	1	1	0	0	0	0	1	1	
0	1	0	1	1	0	1	1	0	1	0	0	1	0	0	1	1	1	0	0	
0	0	0	1	1	1	1	0	0	1	0	0	0	1	1	0	1	1	1	1	
0	1	0	1	1	1	1	1	1	1	0	1	1	1	0	1	1	0	0	1	
1	0	0	0	1	1	0	0	1	1	0	1	1	0	0	1	0	1	0	0	
0	0	1	1	0	1	0	1	1	0	1	0	1	1	0	1	1	1	0	0	
1	1	0	1	1	0	1	0	0	0	1	0	0	1	1	1	1	1	0	1	
1	0	0	1	1	1	1	0	0	0	0	0	1	1	1	1	1	1	1	0	
0	1	1	0	0	1	1	0	1	0	1	0	1	0	0	1	1	1	1	1	
1	0	0	0	0	1	1	1	1	0	1	1	1	1	0	0	0	1	0	1	
0	0	0	0	1	0	1	0	1	0	0	1	1	0	1	1	1	0	0	0	
1	1	1	0	1	1	1	0	1	0	0	1	0	1	1	0	1	1	0	1	
1	1	0	0	0	0	1	0	1	0	1	1	1	1	0	0	0	0	1	1	
1	0	1	1	0	1	0	0	1	1	0	0	1	1	0	1	1	1	1	1	
1	1	1	0	0	0	1	1	0	1	0	1	1	1	1	1	0	1	0	0	
1	0	1	0	0	1	1	1	1	0	0	0	0	1	1	0	0	1	1	0	
0	0	1	0	0	1	0	0	0	0	1	1	1	1	1	0	0	0	0	0	
0	1	0	0	0	1	1	0	1	1	0	1	0	1	0	0	0	1	1	0	
0	1	0	0	0	0	0	0	1	1	0	1	0	0	0	1	1	0	1	0	
1	1	1	1	1	1	1	1	1	1	0	1	0	0	1	1	0	1	1	0	
0	0	0	0	1	0	0	1	0	0	0	1	0	0	1	0	0	1	0	1	
1	0	0	1	1	0	1	1	1	1	0	1	1	0	1	0	0	1	0	1	
0	1	1	0	1	1	1	1	0	0	1	1	1	1	0	1	1	0	0	1	
1	0	0	1	1	1	1	1	1	0	0	0	0	0	1	1	1	1	0	1	
0	1	0	0	1	0	0	1	0	0	0	0	0	0	1	1	1	0	0	1	
0	1	0	0	0	0	1	0	1	1	0	0	1	0	1	1	0	0	0	1	
1	0	0	0	0	0	1	0	0	0	1	0	1	0	1	1	0	0	1	0	
1	0	1	1	0	0	1	1	0	0	1	1	0	1	0	0	1	1	1	1	
0	0	0	1	1	1	1	0	0	1	1	1	0	0	0	1	0	1	1	0	
1	1	0	1	0	1	0	1	0	0	1	1	0	0	0	0	1	1	1	1	
1	0	1	0	1	1	0	0	0	0	1	1	1	1	0	1	0	1	1	0	
0	1	0	0	1	0	0	0	1	0	1	1	1	1	1	0	1	0	0	1	
0	1	1	0	0	1	1	0	0	1	1	0	0	1	1	0	1	1	0	1	
0	1	0	0	0	0	1	1	0	1	1	1	0	1	1	0	0	0	0	1	
1	1	1	0	1	1	0	1	1	0	1	0	1	0	1	1	0	1	0	0	
1	0	0	0	0	1	0	1	0	1	1	0	0	0	1	0	1	1	0	0	
1	0	1	1	0	0	0	1	0	0	0	1	0	1	0	0	0	0	0	1	
1	1	1	1	0	1	1	0	1	0	1	0	1	1	1	0	1	1	0	0	
0	0	0	1	1	0	0	0	0	1	1	1	1	1	1	1	0	0	0	1	
0	1	1	1	0	1	0	1	1	1	1	0	0	0	1	0	0	0	1	1	
0	0	0	1	1	0	0	1	1	0	1	1	1	0	0	0	0	0	0	0	
0	1	1	0	1	0	0	1	1	1	0	1	0	1	0	0	0	1	1	1	
1	0	0	1	1	0	1	0	0	1	0	0	1	0	0	0	1	0	1	1	
1	0	0	1	0	1	1	1	1	1	1	1	0	0	1	0	1	0	1	1	
1	1	1	0	1	0	1	1	0	1	1	0	1	0	0	0	0	1	1	1	
0	1	1	1	1	1	0	0	1	0	1	1	1	0	1	1	0	0	1	0	
0	1	0	1	1	1	0	0	0	0	1	0	1	1	0	0	1	0	1	0	
1	0	0	1	0	0	0	0	0	0	1	0	0	1	1	1	0	1	1	1	
0	0	1	1	0	0	0	1	0	1	0	1	1	1	0	1	1	1	1	0	
0	0	0	1	0	1	1	0	1	0	0	1	1	1	1	1	0	0	0	1	
1	1	0	1	1	0	1	0	1	0	0	0	0	0	1	0	0	0	0	1	
0	1	1	0	0	0	0	1	0	0	1	1	1	0	0	0	1	1	0	0	
1	1	1	1	1	0	0	1	1	1	1	1	1	1	0	0	0	1	0	0	
1	0	1	0	1	0	1	1	0	1	1	0	0	1	0	0	0	0	0	0	
0	0	1	1	1	1	0	1	0	0	0	0	1	0	0	0	1	1	0	0	
0	0	1	1	1	1	0	1	1	1	0	0	0	0	0	0	1	1	1	0	
1	1	0	1	1	1	1	1	1	1	1	1	1	1	1	0	1	0	0	1	
1	1	0	0	1	0	0	1	1	1	0	1	0	1	0	1	1	0	1	1	
0	0	1	1	1	0	0	1	0	0	1	0	0	1	1	0	0	0	1	0	
0	1	0	1	1	1	1	1	0	1	1	0	1	0	1	0	1	1	0	1	
1	0	0	1	0	0	1	1	1	0	0	1	0	1	0	1	0	1	1	0	
1	0	1	1	1	1	0	1	0	1	1	1	1	1	1	0	1	1	0	0	
0	0	1	1	0	1	1	1	0	1	1	0	1	1	0	0	0	1	1	1	
1	0	1	1	0	0	0	0	1	1	0	1	1	0	0	0	0	1	1	1	
1	1	1	1	1	1	0	1	0	0	0	0	0	1	1	1	1	0	1	1	
0	0	1	0	1	1	0	0	1	1	1	0	1	1	1	0	0	1	0	1	
0	1	1	1	1	0	1	0	0	1	0	1	0	0	1	1	1	0	1	1	
0	1	1	0	0	1	1	0	1	1	1	0	0	0	0	0	1	0	1	0	
0	0	1	0	1	1	1	0	1	1	0	1	1	1	0	0	0	0	1	1	
0	1	1	1	0	1	0	1	1	0	1	1	0	1	1	1	0	1	0	1	
0	1	0	0	1	1	0	1	1	1	0	0	1	1	1	0	1	0	0	0	
1	1	1	0	1	0	0	0	1	1	0	1	1	0	1	0	0	0	0	1	
0	0	1	1	0	1	0	0	0	0	1	1	0	1	1	0	1	1	1	1	
0	0	0	0	1	0	0	0	0	1	0	0	1	1	0	0	0	1	1	0	
1	1	1	1	0	1	1	0	1	1	1	1	1	0	1	1	1	1	0	1	
0	0	0	1	0	0	0	0	0	1	1	0	0	0	1	0	0	0	0	0	
0	1	0	0	1	1	1	0	0	1	0	1	1	0	0	0	1	0	0	0	
1	1	0	0	0	0	0	0	0	1	1	0	0	1	1	0	1	0	1	1	
1	0	1	0	0	1	0	1	1	0	0	1	0	1	0	0	1	0	0	0	
0	0	0	1	1	0	1	0	1	0	1	0	0	1	0	1	1	0	1	0	
0	0	0	1	0	0	0	0	1	1	1	0	1	0	0	0	1	1	0	1	
1	0	1	0	1	0	1	1	0	1	1	1	1	0	0	1	0	0	0	1	
1	1	1	1	1	1	0	1	1	0	0	1	1	1	0	0	0	1	1	1	
0	0	0	0	1	1	0	0	1	1	1	0	0	1	0	1	1	0	0	0	
0	0	0	1	0	0	1	1	0	0	1	1	0	0	0	1	1	0	0	1	
1	1	1	0	1	0	0	1	0	0	0	0	1	1	0	1	0	1	0	1	
0	0	1	0	0	0	0	0	1	1	1	1	1	0	0	1	0	0	1	0	
1	1	0	1	0	0	1	0	0	0	1	1	0	0	1	0	0	1	1	0	
0	1	1	1	0	0	1	1	0	0	0	0	1	1	1	0	1	0	0	0	
0	0	0	1	1	1	0	1	0	0	0	0	1	0	0	1	0	0	1	1	
0	1	0	0	1	0	1	0	0	0	1	1	1	1	0	0	0	1	0	0	
1	1	1	1	1	0	0	1	1	1	1	0	0	0	0	1	1	0	0	1	
1	0	0	0	1	0	0	1	1	0	1	0	0	0	0	1	0	0	1	1	
0	1	1	0	1	1	1	1	0	0	1	0	1	1	1	1	0	1	1	0	
1	1	0	0	1	1	1	1	1	0	1	0	0	1	0	0	1	1	1	1	
0	0	1	1	1	1	1	1	0	0	0	1	0	1	1	0	0	1	0	0	
1	1	0	1	0	1	0	0	0	1	0	0	0	0	0	1	1	1	1	0	
1	0	1	0	0	0	0	0	1	0	1	0	0	1	0	0	0	0	0	0	
0	0	0	0	0	0	0	1	1	0	0	0	0	1	1	1	0	1	0	0	
0	0	1	0	1	1	0	0	1	0	0	0	1	1	0	0	1	0	1	1	
1	1	1	1	1	0	0	1	0	0	1	0	1	1	1	0	1	1	1	1	
1	0	0	1	0	1	0	0	0	0	0	0	1	0	1	0	1	0	0	1	
1	0	1	0	1	1	1	0	0	1	1	1	0	1	1	0	1	0	1	0	
1	1	0	1	1	1	0	0	1	1	1	1	1	0	1	0	0	0	1	1	
0	1	0	1	1	0	0	1	1	0	0	1	0	1	1	0	0	0	1	0	
0	0	0	0	0	0	1	1	0	1	1	0	1	1	1	1	1	0	1	1	
1	1	0	1	0	1	1	1	1	1	0	0	0	1	0	0	0	0	0	1	
0	0	1	0	0	1	0	0	1	0	0	0	0	0	1	1	1	0	0	1	
1	1	0	0	1	0	0	0	0	1	0	1	0	0	1	0	0	1	0	0	
1	0	1	0	1	1	0	1	0	0	0	0	0	0	1	1	1	0	0	0	
0	1	0	0	0	1	1	0	1	0	0	0	1	1	1	0	1	0	1	0	
0	1	0	0	0	1	1	0	1	1	1	0	1	1	1	1	0	1	0	0	
1	0	1	0	0	0	1	0	0	1	0	0	0	1	1	1	0	0	1	1	

invalid rows: 
20	55	63	91	102	107	143	182	186	191	210	242	243	270	277	282	9	38	44	68	69	78	114	133	145	173	223	249	265	268	271	279	2	42	56	90	160	203	253	285	8	12	14	19	26	36	40	58	60	66	77	84	87	88	89	99	100	101	108	116	119	126	135	139	146	178	179	187	201	207	215	224	225	240	251	252	258	262	288	

 ----------random covering array (last execution): 
0	1	1	0	0	1	1	1	1	1	1	1	1	1	1	0	1	0	0	0	
1	1	1	1	1	1	1	0	1	0	1	1	0	1	1	0	1	1	0	0	
0	0	0	1	0	1	0	1	0	1	0	0	0	0	0	0	1	0	1	0	
1	0	0	0	0	1	0	0	1	1	1	0	1	0	0	1	1	1	0	0	
0	1	1	0	1	0	1	1	1	0	0	0	0	0	1	0	1	1	0	0	
1	0	1	1	1	1	0	1	0	1	0	0	0	0	1	1	1	1	1	1	
0	0	1	0	1	1	0	1	1	1	1	1	0	0	1	0	1	0	0	0	
1	0	1	1	0	0	0	0	0	0	1	0	0	0	0	0	1	1	1	1	
1	1	1	1	0	0	1	1	0	1	1	0	0	0	1	0	0	0	1	1	
0	1	0	1	1	1	0	0	1	1	0	0	1	1	0	1	1	1	1	0	
0	0	1	1	1	1	1	1	1	1	1	1	0	1	1	0	0	1	1	1	
1	0	1	1	0	0	1	0	1	1	1	0	1	1	1	1	0	0	0	1	
1	1	1	1	1	1	1	1	0	0	0	1	0	0	0	0	0	1	0	1	
1	1	0	1	0	1	1	1	1	1	1	0	1	0	1	0	1	1	0	1	
1	1	0	1	1	0	0	0	1	1	0	0	0	0	0	0	0	1	0	0	
1	1	0	0	0	0	0	1	0	0	1	1	1	1	0	0	1	1	0	0	
1	1	1	0	1	1	0	1	1	1	0	1	1	1	1	0	0	1	0	0	
1	1	0	1	0	1	0	1	0	0	0	1	0	0	0	1	1	0	0	1	
0	1	1	1	0	1	0	0	0	0	1	1	0	1	0	1	1	0	1	0	
1	0	1	1	0	1	1	1	1	0	1	0	1	1	0	0	0	0	0	0	
1	0	1	0	1	1	1	1	0	0	1	1	0	0	0	0	1	0	1	0	
1	0	1	1	0	1	1	0	0	1	0	0	1	0	1	0	0	1	1	0	
1	0	1	1	0	1	1	1	1	0	0	1	0	1	1	1	1	1	0	0	
1	1	0	0	1	0	0	0	1	0	0	0	0	0	1	0	0	1	0	1	
0	0	1	0	1	0	1	0	1	1	1	0	0	0	0	1	0	0	1	0	
0	0	0	1	1	1	1	0	1	0	1	0	0	1	1	1	0	1	0	0	
1	0	0	0	1	1	0	1	1	0	0	0	1	0	0	0	1	0	0	1	
0	1	0	0	0	1	1	1	0	1	1	1	0	0	0	1	1	1	1	1	
1	0	0	1	0	1	0	0	0	0	0	0	1	1	1	1	1	0	1	0	
1	0	1	1	1	0	0	0	0	1	1	1	1	1	0	1	0	1	1	0	
0	0	1	1	0	0	1	0	0	0	0	1	0	1	0	1	0	1	1	1	
0	0	1	0	1	1	0	0	0	0	0	0	1	0	1	0	1	1	0	0	
1	1	1	1	0	1	0	1	1	0	1	0	0	1	1	1	0	1	1	1	
0	0	0	1	1	1	1	1	1	1	0	0	0	0	0	1	0	1	0	0	
0	0	0	0	1	1	0	1	0	0	0	0	0	0	1	0	0	1	1	1	
0	1	0	1	0	0	0	1	1	0	1	0	1	0	1	1	1	0	0	0	
0	0	0	1	1	0	0	0	0	1	0	1	0	1	0	1	1	0	0	1	
1	1	1	0	0	0	0	0	0	1	1	0	1	0	1	1	1	1	1	0	
0	1	1	1	0	1	0	1	0	1	1	0	0	1	0	0	0	1	0	0	
1	0	1	1	0	1	0	0	1	1	1	0	1	0	0	0	1	0	1	1	
0	0	1	1	1	0	1	1	1	0	0	1	1	0	1	0	0	0	0	0	
0	1	1	1	0	1	1	0	1	0	1	1	0	0	1	0	0	0	0	1	
0	1	0	1	1	1	0	0	1	0	1	1	0	1	0	0	0	1	0	1	
1	1	0	0	1	1	1	1	0	0	1	1	0	1	1	0	0	0	1	1	
1	0	0	1	1	1	1	0	0	1	1	0	0	0	0	0	0	0	0	1	
1	1	1	0	1	1	1	0	1	1	0	1	1	1	1	0	1	0	1	1	
1	0	1	1	1	0	0	0	1	0	0	1	0	1	1	0	0	0	1	1	
0	1	1	0	1	1	0	0	0	0	1	0	1	1	0	1	0	1	0	0	
0	0	1	0	0	1	0	1	1	1	1	1	1	1	0	1	0	1	1	1	
0	0	1	1	1	0	0	0	1	1	1	0	1	0	1	0	0	1	0	1	
1	1	1	1	1	0	0	1	0	0	0	1	1	0	0	0	1	0	1	0	
1	1	0	0	0	1	0	1	1	1	0	1	1	0	1	1	1	0	1	1	
1	0	1	0	1	0	0	1	0	1	1	1	1	0	1	0	0	0	1	1	
1	0	0	0	0	1	1	0	1	0	1	0	0	0	1	0	1	0	1	0	
0	0	1	1	1	1	1	1	0	1	0	0	1	1	1	0	0	1	0	1	
1	0	1	0	1	0	1	0	0	0	1	1	0	0	1	1	0	1	0	1	
1	1	0	0	0	1	0	1	0	1	0	1	0	1	1	0	1	0	0	0	
0	0	0	1	0	1	0	1	1	0	1	1	1	1	1	0	1	0	1	1	
0	0	0	0	0	0	1	0	0	1	0	1	0	1	1	0	0	0	1	1	
1	0	0	1	0	1	1	1	0	1	1	1	1	0	1	0	1	0	0	0	
1	1	1	0	1	0	0	0	0	0	1	1	0	0	0	0	0	0	0	0	
0	0	1	0	1	1	1	0	0	1	0	1	0	1	1	1	1	1	1	0	
1	1	1	0	1	1	0	1	1	0	1	0	1	1	0	0	1	0	1	0	
0	0	1	1	1	1	0	0	1	1	0	0	1	0	0	1	0	0	1	1	
1	1	0	1	0	0	0	0	1	1	1	0	0	1	1	0	0	0	1	0	
1	0	1	1	1	1	0	0	1	0	1	0	0	1	0	1	1	1	0	1	
1	1	0	0	1	1	0	1	0	1	1	1	1	0	0	1	0	1	0	1	
0	1	0	1	1	1	0	1	0	1	1	1	0	1	1	1	0	1	1	0	
0	1	1	0	1	1	0	1	0	0	1	1	1	0	1	0	1	1	1	1	
0	1	0	0	0	0	0	0	0	1	1	1	1	0	0	0	1	0	0	1	
0	1	1	0	0	0	1	0	0	1	0	0	0	1	0	1	1	0	0	0	
1	1	0	0	1	0	0	0	0	0	1	1	1	0	0	1	1	0	1	1	
1	0	1	0	0	1	0	1	1	0	0	1	0	0	1	0	0	1	0	1	
0	1	1	0	0	1	1	0	1	0	0	0	0	0	0	0	1	1	1	0	
0	0	1	0	1	0	0	0	0	1	0	1	1	0	1	0	0	1	0	1	
0	1	0	0	1	1	1	1	1	1	0	1	1	1	0	0	1	1	0	1	
0	0	1	1	0	1	1	1	1	0	1	0	1	0	1	1	1	1	1	0	
0	1	0	1	0	1	0	1	0	1	0	1	1	1	1	0	0	0	1	1	
1	1	1	0	0	1	1	0	0	1	1	1	1	1	0	0	0	1	1	1	
0	0	0	0	0	0	1	1	1	0	1	1	1	0	0	0	0	1	0	1	
0	1	0	1	0	1	1	1	1	1	1	0	0	1	0	1	0	0	0	1	
0	1	1	0	0	0	1	0	1	0	0	1	1	0	1	0	1	0	0	0	
1	0	0	0	1	0	1	0	0	0	0	0	1	1	0	0	0	1	1	0	
0	1	1	0	1	0	1	1	1	0	1	1	0	1	0	1	0	1	1	0	
1	0	0	1	1	1	1	1	1	1	0	0	0	1	1	0	1	0	1	0	
1	0	1	0	0	0	0	0	1	1	0	1	0	1	0	0	1	0	1	0	
1	1	0	0	1	0	1	0	1	1	1	0	1	1	0	1	1	0	1	1	
0	0	1	1	0	0	0	1	1	0	1	1	1	0	0	1	1	0	0	1	
0	0	1	1	1	0	0	0	0	1	1	1	0	0	1	0	1	0	1	0	
0	1	1	1	1	0	1	0	0	0	1	1	1	0	0	0	1	1	0	0	
0	1	1	0	1	0	0	1	1	1	0	0	1	1	1	0	0	1	1	0	
0	1	0	0	1	0	0	1	1	1	1	0	0	1	0	0	1	0	1	1	
1	0	0	1	0	1	0	0	1	1	0	1	1	1	0	0	0	0	0	0	
0	1	0	1	1	1	0	0	1	0	0	1	1	0	1	1	1	0	0	0	
1	0	0	0	0	1	1	0	0	0	0	1	1	0	0	0	0	1	0	1	
1	0	1	1	1	1	1	0	1	0	0	1	1	1	0	1	0	1	1	1	
1	1	1	0	1	1	1	0	1	1	0	1	0	0	1	1	0	1	1	1	
0	0	0	0	1	0	1	0	0	1	0	0	1	0	0	1	1	1	1	1	
1	1	0	1	1	1	0	0	1	0	1	0	0	0	1	1	1	0	1	1	
0	0	0	1	0	0	0	0	1	1	1	1	0	0	1	1	0	1	1	1	
0	1	0	1	1	1	1	1	1	0	1	1	0	0	0	0	1	0	0	0	
0	1	0	0	0	0	0	1	0	1	1	0	1	1	1	1	0	1	1	1	
1	1	0	1	0	0	1	1	1	0	0	1	0	1	0	0	1	0	1	1	
0	0	1	0	0	0	0	0	1	0	1	0	0	1	1	0	0	1	0	0	
0	1	0	0	1	1	1	0	1	0	0	0	1	0	0	0	0	0	0	0	
0	1	1	0	0	0	0	1	1	0	0	1	0	1	0	0	0	0	0	1	
1	0	1	0	1	1	1	1	0	1	0	0	1	1	0	1	0	0	1	1	
0	0	0	1	0	0	0	1	0	1	1	0	0	0	1	0	1	1	0	1	
1	1	0	1	1	1	1	1	1	1	1	0	1	0	1	1	0	0	1	0	
0	1	1	0	1	0	0	0	1	1	1	1	0	1	1	1	0	0	0	1	
1	0	0	1	1	0	0	1	0	0	0	0	0	1	1	0	1	0	0	0	
1	0	1	0	1	1	0	0	1	1	1	0	0	1	0	0	0	1	1	0	
0	0	0	0	0	1	1	0	1	1	0	0	1	1	1	0	0	0	0	1	
0	1	1	0	1	0	1	1	0	1	0	1	0	0	1	1	1	0	1	1	
1	1	0	0	0	0	0	1	1	0	1	1	0	0	1	1	0	0	1	0	
0	0	1	1	0	1	1	0	0	1	1	0	1	0	1	1	1	1	0	1	
0	1	1	0	0	1	0	0	1	0	1	1	1	1	1	1	0	0	1	0	
1	1	1	1	0	1	0	0	1	1	0	0	0	0	1	0	1	0	0	0	
1	1	1	1	0	0	1	0	1	1	1	1	0	0	0	1	1	1	0	1	
1	0	0	0	1	0	1	0	0	0	1	0	1	0	1	0	1	0	0	1	
1	1	0	1	0	1	1	0	0	0	1	1	1	0	0	1	0	0	1	0	
1	0	1	0	0	0	1	1	1	1	1	1	0	1	1	0	0	0	0	0	
1	1	1	0	1	0	0	0	0	0	0	1	0	1	0	1	1	1	1	1	
1	0	0	1	1	0	0	1	1	1	1	1	0	0	0	1	0	1	0	1	
0	0	1	0	0	1	0	0	0	1	0	1	1	1	0	1	1	0	0	1	
1	0	1	1	1	0	1	1	1	0	1	0	0	0	0	0	0	1	1	0	
0	1	1	1	0	0	0	1	1	1	1	1	1	0	0	0	0	1	1	0	
0	1	0	0	1	1	0	0	0	0	0	0	0	1	0	0	1	1	0	1	
1	0	0	1	1	1	1	0	0	1	0	1	1	0	0	1	1	1	0	0	
1	1	1	0	1	1	0	0	0	0	0	0	1	1	1	0	0	0	0	1	
1	0	0	0	0	0	0	1	1	1	0	0	0	1	0	0	0	1	1	1	
0	1	0	0	0	1	0	0	1	0	1	0	1	1	0	0	1	1	1	1	
0	1	0	0	1	1	1	0	0	1	1	0	0	0	1	0	0	1	1	0	
0	0	0	0	0	1	0	1	1	1	0	1	1	0	1	0	1	1	1	0	
1	0	1	1	0	1	1	0	0	1	1	1	0	1	1	1	1	0	1	1	
1	1	0	0	0	0	1	1	0	1	0	0	1	0	0	0	0	0	0	0	
0	1	0	1	0	0	1	0	1	1	0	0	0	0	1	1	1	0	1	0	
1	0	0	0	1	1	0	0	0	1	0	1	1	0	1	1	0	0	1	0	
1	0	0	1	0	0	0	1	0	1	1	0	0	0	0	1	1	0	1	0	
0	0	0	1	0	0	0	0	1	0	0	0	1	0	0	0	0	0	1	0	
0	0	1	0	0	1	1	0	1	1	1	1	0	0	0	0	1	1	0	1	
0	0	0	0	1	0	0	1	1	0	0	1	1	1	1	1	0	1	0	1	
0	1	0	1	0	0	1	1	0	0	0	0	1	1	1	0	0	1	0	0	
1	1	1	0	0	1	1	0	0	0	0	0	0	1	1	1	0	0	0	0	
0	1	1	1	1	0	1	0	0	0	0	0	0	1	1	0	1	0	1	1	
1	0	0	1	0	0	0	0	1	0	1	1	1	1	1	1	1	1	0	0	
1	1	0	1	0	1	0	0	0	1	0	0	0	1	1	1	0	1	0	1	
1	1	1	0	1	0	0	0	1	0	0	0	1	1	0	1	1	0	0	1	
1	1	1	1	1	0	0	1	1	1	1	0	1	0	0	1	0	0	0	0	
0	1	1	1	1	1	1	1	0	0	0	1	1	1	1	1	1	0	0	1	
0	1	0	0	0	0	0	0	0	1	0	1	1	1	0	1	0	1	0	0	
0	0	1	1	0	1	1	1	0	1	0	1	1	0	0	0	1	0	1	1	
0	1	0	0	1	0	1	0	1	0	1	0	0	0	1	1	0	0	1	1	
0	1	1	1	0	1	0	0	1	0	0	0	1	0	1	1	0	1	0	1	
1	0	0	1	1	1	0	1	0	0	1	0	1	0	1	0	0	1	0	0	
0	1	0	0	0	1	1	0	1	1	1	1	1	1	0	0	1	1	1	0	
1	0	1	0	0	0	0	1	0	0	0	0	1	0	0	1	0	1	0	0	
1	0	0	0	0	0	1	1	1	0	0	1	1	1	0	1	1	0	0	0	
0	1	0	0	0	1	1	0	0	0	1	1	1	1	1	1	1	1	0	1	
1	1	1	0	0	1	1	1	1	0	1	0	0	0	0	1	1	0	0	1	
1	0	1	0	1	1	0	1	1	1	0	1	0	1	0	1	1	0	1	1	
1	1	0	1	0	0	1	0	0	0	1	0	0	0	0	1	0	1	0	0	
0	1	1	0	1	1	0	1	1	0	1	0	0	0	1	1	1	0	1	0	
0	0	0	0	1	1	0	1	1	0	0	0	0	1	1	1	0	0	1	0	
1	0	0	0	0	0	0	0	0	0	1	0	0	1	0	1	0	0	0	1	
0	0	0	0	0	0	1	1	0	0	0	0	0	1	0	1	1	0	1	0	
0	0	1	1	1	1	0	1	0	0	1	1	0	0	0	1	0	0	0	1	
0	0	0	0	0	1	0	1	0	0	1	0	0	0	0	0	0	0	0	0	
0	0	1	0	0	0	1	1	0	0	1	1	0	1	1	0	1	1	1	1	
0	0	1	0	1	0	0	1	1	1	0	0	0	0	0	0	1	1	1	1	
1	0	0	0	0	1	1	0	1	0	0	0	0	0	0	1	0	1	1	1	
0	1	1	1	0	0	1	0	1	1	0	1	1	1	0	1	0	0	1	1	
1	1	0	0	1	1	1	1	0	0	0	0	1	0	1	1	1	1	1	0	
1	1	0	1	0	1	1	0	0	0	0	0	1	1	0	0	1	0	0	1	
0	0	0	0	1	1	0	0	1	1	1	1	1	0	0	0	0	0	1	1	
1	0	1	1	1	0	1	0	0	0	0	0	0	0	0	1	1	0	0	0	
1	1	0	1	1	0	1	0	0	1	0	1	0	1	0	0	1	1	1	0	
0	0	1	1	0	0	0	1	1	0	1	0	0	1	1	1	1	0	1	1	
0	1	0	1	1	1	0	0	0	1	1	0	1	1	1	0	1	0	0	0	
1	0	0	0	1	1	0	0	0	1	1	1	0	1	1	0	1	1	0	1	
1	1	0	1	1	0	1	0	0	1	0	1	1	1	1	1	0	0	0	1	
0	0	0	1	0	0	0	1	1	1	0	0	1	1	0	1	1	1	0	1	
0	0	1	0	0	0	0	0	0	0	0	0	1	0	1	1	1	0	1	1	
0	1	1	1	1	1	1	0	0	1	0	1	0	0	0	0	0	0	1	0	
0	0	0	0	1	0	0	0	1	0	1	1	0	0	0	1	1	1	1	0	
1	0	1	0	0	0	0	1	0	1	0	0	1	1	1	0	1	0	0	1	
0	1	0	1	1	0	1	1	0	1	1	0	1	0	0	0	1	1	1	0	
1	1	0	1	0	0	1	1	1	0	0	0	1	0	0	1	1	1	0	1	
1	1	0	1	1	1	0	1	1	0	0	0	0	1	0	1	0	0	1	0	
0	1	0	1	1	0	1	1	1	0	0	1	1	0	0	0	0	1	1	1	
1	1	1	1	0	1	1	1	1	1	0	0	1	1	0	1	0	1	1	0	
0	1	1	0	1	1	0	1	0	1	0	0	1	0	0	1	1	0	0	0	
0	0	1	1	1	1	1	0	0	0	1	0	1	1	1	1	0	0	1	0	
1	0	0	1	1	1	1	1	1	0	0	1	0	0	1	0	1	1	1	0	
0	0	0	1	1	1	1	1	1	0	0	1	1	0	0	1	1	0	1	1	
1	0	1	0	1	1	0	0	1	0	1	0	1	0	1	1	0	1	1	1	
0	0	1	0	1	0	1	0	1	1	0	0	1	1	1	1	1	1	0	0	
0	0	1	0	0	1	0	1	1	1	0	1	0	0	0	1	0	0	1	0	
1	0	1	0	1	0	1	1	1	1	1	1	1	0	0	0	1	1	1	0	
1	0	1	0	0	0	1	0	1	1	0	0	0	0	1	1	1	1	0	1	
0	1	1	1	1	1	1	0	0	0	1	0	1	0	0	1	1	1	1	1	
1	1	0	0	1	1	1	0	1	1	1	1	0	1	0	1	1	0	0	0	
0	0	1	0	1	0	1	0	1	0	1	1	1	1	0	0	1	0	0	1	
0	0	0	0	0	0	1	0	0	1	1	1	1	0	1	1	0	0	0	0	
1	1	1	0	1	0	1	0	1	1	0	0	1	0	0	0	0	0	0	1	
1	1	1	0	0	1	0	0	0	1	0	0	0	0	0	0	0	0	1	1	
1	1	1	1	1	1	0	1	1	1	1	1	1	1	0	0	1	0	0	1	
0	0	0	0	1	0	0	1	0	1	0	1	0	1	0	0	0	1	0	0	
0	1	1	1	1	0	0	1	1	1	0	1	0	1	0	1	1	1	0	0	
1	0	0	0	0	1	1	1	1	1	1	0	1	1	1	1	0	1	1	0	
0	0	1	1	1	1	0	1	1	0	0	1	1	1	0	0	1	1	1	0	
1	0	0	0	0	1	0	1	0	0	0	1	0	1	0	0	0	1	1	0	
1	1	1	0	0	1	0	0	1	0	0	1	0	0	0	1	0	1	0	0	
0	0	0	0	0	1	0	0	1	0	0	1	0	0	1	1	1	0	0	1	
0	0	0	1	1	0	1	0	1	1	1	0	0	1	1	0	1	1	1	1	
0	1	0	1	1	1	0	1	1	1	0	0	1	0	1	0	0	0	0	1	
1	0	0	1	1	0	0	0	0	1	0	0	1	1	1	0	1	1	1	1	
0	0	0	0	1	1	1	1	0	1	1	0	1	0	1	1	1	0	0	1	
1	0	1	0	0	0	1	1	0	1	0	1	0	0	1	1	0	1	1	0	
1	1	0	0	1	0	1	0	1	0	1	1	1	0	1	0	0	1	1	0	
1	1	0	0	0	0	1	0	1	1	0	1	0	1	1	0	0	1	0	0	
1	0	1	0	1	1	0	1	0	0	1	1	1	1	1	1	1	0	0	0	
0	1	0	0	1	0	0	0	0	0	0	1	1	1	1	0	1	0	1	0	
0	0	0	1	0	0	1	0	0	1	1	0	0	1	0	0	1	1	0	0	
1	0	1	1	1	0	1	0	1	0	1	1	1	0	1	1	1	0	1	0	
0	1	0	1	0	1	1	1	0	1	0	1	0	0	1	1	0	1	0	0	
1	1	1	1	0	0	0	0	0	0	1	1	1	1	1	0	0	1	0	1	
0	0	1	1	0	0	0	1	0	1	0	0	0	1	1	1	0	0	0	0	
1	1	1	0	1	0	1	1	0	1	1	0	0	1	0	0	0	1	0	1	
0	1	0	1	0	0	0	1	1	0	0	0	0	0	0	1	1	1	1	1	
0	1	1	1	0	0	0	0	1	1	0	1	1	1	1	0	1	1	1	1	
1	1	0	0	1	0	0	1	1	0	1	0	0	1	1	1	1	1	0	1	
1	0	1	1	0	1	0	1	0	1	1	1	1	0	1	1	0	0	0	1	
1	0	0	1	0	0	1	1	0	0	0	0	1	0	1	1	0	0	1	1	
0	0	0	1	1	1	1	0	0	0	0	1	0	0	1	0	1	1	0	1	
0	1	0	1	1	1	1	0	0	1	1	0	0	1	0	1	0	0	1	1	
0	0	1	1	0	1	1	0	1	1	0	1	1	0	0	1	0	1	0	0	
1	0	1	1	0	0	0	1	1	0	0	1	0	0	0	0	1	1	0	0	
1	0	0	0	1	0	0	0	0	1	1	0	0	1	1	1	0	0	1	0	
1	1	1	1	1	0	1	1	0	1	1	0	0	1	1	1	1	0	0	0	
0	1	0	0	0	0	1	1	1	0	1	0	0	1	1	0	1	0	0	0	
0	0	0	1	1	0	0	1	0	0	1	0	1	1	0	1	0	0	1	0	
0	1	1	1	1	0	0	1	0	0	1	0	1	1	0	0	0	0	1	1	
1	1	1	1	0	0	1	1	1	1	0	1	1	1	1	1	1	1	1	0	
1	1	1	0	0	1	1	1	0	1	0	0	0	1	0	0	1	1	1	1	
0	0	0	1	0	0	1	1	0	0	1	1	0	1	1	0	0	0	0	1	
1	1	0	1	1	0	0	1	1	0	0	1	1	1	1	1	0	1	1	0	
0	0	1	1	1	1	1	0	1	1	0	0	0	1	0	0	1	0	0	1	
0	1	0	1	1	0	1	1	0	1	1	1	1	1	1	1	1	0	1	0	
0	1	0	1	1	0	1	0	1	0	1	0	1	1	1	1	0	1	0	1	
0	1	1	1	1	0	0	0	0	1	1	0	0	0	0	1	1	1	0	1	
1	0	0	1	0	1	1	1	0	0	1	1	1	1	0	0	1	1	1	1	
0	1	1	0	1	0	1	1	0	0	1	1	1	0	1	1	0	1	0	0	
1	1	0	1	0	1	0	1	1	1	1	1	0	0	0	0	0	1	1	1	
1	1	1	0	0	0	0	0	1	0	1	0	1	0	1	0	0	0	1	1	
0	1	1	0	0	0	1	1	1	1	1	0	1	0	0	1	0	1	0	1	
1	0	1	1	1	1	1	0	0	1	1	1	1	1	1	0	0	1	0	0	
1	1	1	0	0	0	1	1	0	0	0	1	1	1	0	1	0	0	1	0	
1	1	1	0	0	0	0	1	0	1	1	1	0	0	0	1	1	1	0	0	
0	0	0	1	1	0	1	0	0	1	1	1	1	0	1	0	0	1	1	1	
0	1	0	0	1	0	1	1	0	0	0	0	0	0	0	1	0	0	0	1	
1	1	1	1	1	1	0	0	1	1	1	1	1	0	1	1	1	1	1	0	
0	1	0	1	0	0	0	0	0	0	0	1	0	0	1	0	0	0	0	0	
1	1	0	0	0	0	0	1	1	1	0	0	1	0	0	1	0	0	1	0	
1	1	0	0	0	0	1	0	0	0	0	1	0	0	1	0	1	1	1	1	
0	0	1	0	0	0	1	0	0	1	1	0	1	1	0	0	1	0	1	0	
0	0	1	1	0	1	1	1	1	0	0	0	0	0	1	0	0	0	1	1	
0	1	1	1	1	0	0	0	0	0	0	0	0	0	1	1	0	1	1	0	
0	1	0	0	0	1	0	1	1	1	1	0	0	1	1	1	1	1	0	0	
1	0	1	1	1	0	1	1	0	1	1	0	1	1	0	1	1	1	0	1	
0	1	1	0	0	1	1	1	0	0	0	0	1	0	1	0	0	0	1	0	
0	0	0	1	0	1	0	0	1	1	0	0	0	1	1	0	0	1	1	0	
1	0	0	0	1	1	1	1	0	0	1	0	0	1	0	1	1	1	0	0	
0	1	1	0	0	1	0	0	0	1	1	0	0	0	1	1	0	0	0	1	
1	0	0	1	1	0	0	0	1	1	0	1	0	0	1	0	1	0	0	1	
1	0	0	1	0	0	1	0	1	0	1	1	0	1	0	1	0	0	1	0	
0	0	0	1	0	1	0	1	0	0	0	0	1	1	0	1	0	1	0	1	
1	0	0	0	1	0	1	1	1	1	0	0	0	0	1	1	0	0	0	0	
1	1	1	1	0	1	0	1	0	0	1	0	0	1	1	0	1	1	1	0	
0	0	1	0	0	1	0	1	0	0	0	0	0	1	1	0	1	1	0	1	
1	0	0	0	1	1	1	1	1	0	1	1	1	1	1	1	0	0	0	1	
1	0	1	0	1	0	1	1	1	0	0	0	1	1	1	0	1	1	1	1	
0	0	0	1	1	0	1	1	1	1	1	1	1	1	0	0	0	0	0	0	
1	1	0	1	1	1	0	0	0	0	0	0	1	0	0	0	1	0	1	1	
0	0	1	0	0	0	1	0	0	0	1	0	0	0	1	0	1	0	0	0	
0	0	1	0	1	1	1	0	0	0	0	1	0	1	0	0	0	0	0	0	
0	0	1	0	0	0	1	1	0	0	1	0	1	0	0	1	0	1	1	1	
1	0	0	1	1	0	1	1	0	0	1	1	0	1	1	1	1	1	1	1	
0	0	0	1	0	0	0	0	0	0	0	1	1	0	0	1	1	1	1	0	
0	1	0	0	0	0	1	1	1	1	1	1	1	0	1	0	1	0	1	1	
1	1	1	1	0	0	0	1	0	1	0	1	1	0	1	1	1	1	0	1	
1	0	1	1	0	0	1	1	0	1	0	1	0	1	0	0	0	0	0	1	
0	1	0	0	0	1	1	0	1	0	0	1	0	1	1	1	0	1	1	1	
1	1	1	1	0	0	1	0	1	0	0	0	1	1	0	0	1	1	0	0	
0	0	1	0	0	1	0	0	0	0	1	1	1	0	0	0	0	1	1	0	
1	1	0	0	1	0	0	1	0	1	0	1	0	0	0	0	1	0	0	0	
0	0	0	0	0	1	0	1	0	0	1	1	1	1	0	0	1	0	1	0	
1	0	1	0	0	0	1	0	1	0	0	1	1	0	0	1	0	0	1	1	
1	1	1	0	1	1	1	0	1	0	0	1	1	0	1	1	0	0	0	0	
0	1	0	0	0	1	1	0	1	0	1	1	0	0	0	0	1	1	0	1	

invalid rows (last execution): 
2	4	6	7	8	9	12	13	17	20	21	22	23	27	30	33	34	38	40	47	51	55	63	66	67	70	75	76	77	89	90	91	92	96	101	104	107	108	112	118	119	126	128	135	139	149	161	167	176	179	180	189	191	192	193	195	197	201	207	211	219	225	227	228	229	233	238	240	244	245	248	250	251	257	259	262	269	270	273	279	282	291	292	294	
