forbidden tuples: 
(P_16.1, P_3.0, P_18.1, P_4.0, P_6.1, P_7.0, P_13.0, P_8.0, P_14.1)
(P_12.0, P_7.0, P_4.0, P_3.0, P_13.1, P_14.0, P_9.0, P_1.0, P_10.1, P_15.0, P_20.0, P_5.0)
(P_11.1, P_17.1, P_4.0, P_13.0, P_1.0, P_9.0, P_18.1, P_10.1, P_8.0, P_2.0, P_14.1, P_15.0, P_12.1, P_7.0, P_16.0)
(P_11.0, P_12.1, P_2.1, P_8.0, P_5.0, P_6.0, P_3.1, P_9.1, P_20.0, P_1.0, P_13.1, P_14.1, P_16.1)
(P_7.1, P_10.1, P_16.0, P_5.1, P_1.1)
(P_5.1, P_15.1, P_9.1, P_19.0, P_14.1, P_1.1, P_13.1, P_8.1, P_7.1, P_17.1, P_10.0)
(P_2.1, P_13.0, P_20.0, P_7.1)
(P_1.0, P_13.1, P_11.1, P_18.1, P_3.1, P_10.1, P_12.1, P_6.1, P_19.0, P_8.0, P_20.0, P_16.0, P_4.1, P_5.0, P_7.1, P_9.1, P_2.0, P_17.0, P_14.1, P_15.1)
(P_11.0, P_2.0, P_14.0, P_8.0, P_6.0, P_1.1, P_18.0, P_5.1, P_15.1, P_19.1, P_7.1, P_4.0, P_12.1, P_10.0)
(P_14.0, P_3.1)
(P_9.1, P_19.0, P_16.1, P_14.1, P_18.1, P_6.0, P_10.0, P_17.0, P_2.0, P_15.1, P_13.0, P_12.0, P_7.0)
(P_6.1, P_11.1, P_16.1, P_8.0, P_15.0, P_3.1, P_19.1, P_7.0, P_9.1, P_2.1, P_1.0, P_17.1, P_18.0, P_13.1, P_10.1, P_4.1, P_5.1, P_20.1)

 ----------Identity covering array: 
1	0	0	0	1	1	0	1	1	1	1	0	0	1	1	1	1	0	1	1	
1	0	1	1	1	0	1	1	1	0	1	0	1	1	1	1	1	0	0	1	
0	0	0	0	0	1	1	0	1	1	0	0	0	0	0	1	0	1	0	0	
0	0	1	0	0	0	0	0	1	1	0	1	1	0	1	1	0	0	1	1	
0	0	1	1	1	1	0	1	0	0	1	0	0	1	0	1	0	0	0	1	
0	1	1	1	1	1	1	1	1	1	0	1	1	0	0	1	0	1	0	0	
0	0	0	1	1	1	0	1	1	1	0	0	0	0	1	1	1	0	0	1	
0	1	1	0	1	0	1	0	0	0	0	0	1	0	1	1	0	1	0	0	
0	1	0	0	1	1	1	1	0	1	1	0	1	1	1	0	0	1	0	0	
1	0	1	1	0	0	1	0	1	1	0	1	0	1	0	1	0	1	1	1	
1	1	1	1	1	1	1	1	1	1	1	0	0	0	1	0	1	1	0	1	
1	1	0	0	1	0	1	1	0	1	1	1	1	0	1	0	0	0	1	1	
0	1	1	1	1	1	1	0	1	0	1	0	1	1	0	0	1	0	0	0	
0	1	1	0	0	1	1	1	1	1	1	0	1	1	1	1	0	0	1	1	
0	0	1	1	0	0	1	0	0	1	0	0	1	1	0	0	0	0	0	1	
1	0	1	0	0	1	0	0	0	0	0	0	1	1	1	1	1	0	1	0	
1	0	1	1	1	1	0	1	1	1	0	0	1	1	0	0	1	0	1	1	
0	1	0	0	0	1	1	0	1	0	0	1	1	1	0	1	1	0	0	0	
1	0	0	0	1	0	1	0	1	0	0	1	0	1	1	1	1	1	0	0	
1	0	0	0	1	1	1	0	1	0	1	0	1	0	1	0	0	0	1	1	
0	0	0	1	1	1	0	0	1	0	1	0	1	0	1	1	1	1	0	0	
0	0	1	0	1	0	1	1	1	1	1	0	1	0	0	0	0	1	1	0	
1	0	1	0	1	1	1	1	1	0	1	1	1	0	0	1	1	0	0	1	
0	1	1	1	0	0	0	1	0	0	0	0	1	1	0	0	0	0	0	1	
0	0	0	1	1	0	0	0	0	1	1	1	0	0	1	0	0	1	0	1	
1	0	1	1	0	0	1	1	1	0	1	1	0	0	1	0	0	0	0	1	
0	1	0	1	0	1	0	0	1	0	0	0	1	0	0	1	0	0	1	1	
0	1	1	0	0	1	0	0	1	1	1	1	0	1	1	1	1	1	0	0	
1	0	0	0	0	0	1	1	1	0	0	1	1	0	0	1	0	1	1	0	
1	0	1	1	1	0	1	0	0	1	0	1	1	0	1	0	1	1	1	0	
1	1	1	0	1	0	1	0	0	0	1	1	0	0	0	0	1	1	0	0	
0	0	1	1	1	0	0	1	1	0	0	0	0	0	0	1	0	0	1	0	
1	1	1	0	1	1	1	1	1	0	0	1	1	1	1	0	0	1	0	1	
0	0	1	1	0	1	1	0	1	1	1	1	0	0	0	0	0	0	0	1	
0	1	1	1	0	1	0	1	1	0	0	0	0	0	0	0	0	1	0	0	
0	0	0	0	0	1	1	1	0	0	0	1	0	1	1	1	0	0	1	1	
1	1	0	1	0	0	1	0	0	1	0	1	0	0	0	1	1	0	0	0	
0	0	1	0	1	0	0	1	0	1	0	1	1	1	1	1	0	1	1	0	
1	0	1	0	1	1	1	0	1	1	0	0	0	1	1	0	0	0	0	0	
0	1	0	0	1	0	1	0	1	1	0	0	1	0	1	1	0	1	1	1	
0	0	0	1	1	1	1	1	0	0	1	0	0	0	0	0	1	0	1	1	
0	1	0	0	1	0	1	1	1	0	1	0	0	1	1	0	1	0	0	1	
1	1	1	1	0	0	1	0	1	0	0	0	0	1	1	0	1	0	0	1	
1	1	0	1	0	1	0	1	1	0	1	0	1	1	1	0	1	1	0	0	
0	1	0	1	0	0	1	0	1	1	1	0	1	0	1	0	0	0	0	0	
1	1	0	1	1	0	0	1	1	1	1	0	1	1	0	1	1	1	1	1	
1	1	0	1	1	0	1	1	0	0	0	0	1	0	0	0	1	1	0	1	
1	0	1	1	1	0	0	0	1	0	0	1	0	1	1	0	0	0	1	0	
1	1	1	0	1	1	0	0	1	1	0	1	0	0	1	0	1	1	1	1	
0	1	1	1	1	0	1	1	0	1	0	0	0	0	1	0	0	0	1	1	
0	0	0	1	1	1	1	0	0	0	0	0	1	1	0	1	1	1	1	0	
0	1	0	0	0	1	0	1	1	1	0	1	1	1	0	1	1	1	1	1	
0	1	0	1	1	1	0	1	0	1	0	0	1	0	1	0	1	1	1	0	
0	0	0	0	0	0	0	1	1	0	1	0	1	0	1	1	0	1	0	1	
1	1	1	1	1	1	1	1	1	1	1	0	0	0	0	0	0	0	1	0	
0	1	1	1	1	0	0	1	0	0	1	1	1	0	1	0	1	0	0	0	
1	0	0	0	0	1	0	1	1	1	0	0	1	1	0	1	1	0	0	0	
1	1	0	0	0	1	1	1	1	0	0	0	0	0	1	1	1	1	1	1	
1	1	0	0	0	0	0	1	0	1	1	0	0	0	0	0	1	1	0	0	
0	0	0	0	0	1	1	1	1	1	1	0	1	0	1	1	1	0	1	0	
0	0	0	1	1	0	0	0	0	0	0	0	1	1	1	0	1	0	0	0	
1	0	1	1	1	0	0	1	1	1	1	1	0	0	0	1	1	1	0	0	
1	0	0	1	1	1	0	0	1	0	0	0	1	1	1	1	0	1	1	1	
0	1	0	1	1	0	1	0	1	1	0	1	0	0	0	0	0	1	1	1	
1	0	0	0	0	0	1	1	0	1	0	0	1	1	1	0	0	1	0	1	
1	1	1	1	1	0	1	0	1	0	0	1	1	0	1	1	0	0	0	1	
0	1	1	1	0	1	0	0	1	1	0	1	1	1	1	0	1	0	1	0	
1	0	1	1	0	1	1	1	1	1	0	1	0	1	1	0	1	1	0	0	
0	1	1	1	1	1	0	1	1	0	0	0	0	1	1	1	1	1	1	0	
0	1	0	0	0	0	0	0	0	1	0	0	0	1	1	1	1	0	1	0	
1	0	0	0	1	0	0	0	0	1	1	1	0	1	0	1	0	0	0	0	
0	1	0	1	0	0	0	0	0	0	0	1	1	1	1	1	1	1	1	0	
0	1	1	0	1	1	0	1	1	0	0	0	1	0	0	0	1	0	0	1	
0	0	1	0	1	0	0	0	1	0	1	0	0	1	0	1	0	1	0	1	
0	1	1	1	1	0	0	1	0	1	0	0	0	0	0	0	1	0	1	0	
1	1	1	1	0	1	0	0	1	1	1	0	0	1	0	1	1	0	1	1	
0	0	1	0	1	1	1	1	1	0	1	1	0	0	1	1	0	1	1	1	
1	1	0	0	0	1	1	1	1	1	0	0	0	1	0	0	1	1	1	0	
1	1	1	0	1	0	0	0	1	1	1	0	1	1	1	0	1	1	1	0	
0	1	1	0	0	1	0	0	0	0	1	0	0	0	1	0	1	0	1	1	
1	1	0	0	0	1	1	0	1	1	1	1	0	1	1	0	0	0	0	1	
0	0	0	0	1	0	0	1	0	0	1	0	0	1	0	1	1	0	1	1	
1	0	1	1	0	0	0	0	0	0	1	0	1	0	0	0	0	1	1	0	
1	0	1	1	1	1	0	0	0	0	1	1	0	1	1	0	1	1	0	1	
1	0	0	1	0	1	1	1	1	1	1	0	1	0	0	1	0	1	0	1	
1	0	0	0	1	0	0	0	0	1	0	0	1	0	0	1	1	1	0	1	
1	1	0	1	0	0	0	0	0	1	1	1	1	1	1	1	0	1	1	1	
0	1	0	0	1	1	1	0	0	0	0	1	0	0	1	1	1	0	1	1	
0	0	0	1	1	0	1	1	0	1	0	0	0	0	1	1	1	1	0	0	
0	0	1	1	1	0	1	0	0	0	1	0	0	1	1	1	1	0	1	0	
1	0	1	1	1	1	0	1	0	1	0	0	0	1	0	0	0	1	1	1	
1	1	0	1	0	1	0	0	0	1	0	0	0	1	1	1	0	1	0	1	
1	0	0	0	0	0	1	0	1	1	0	0	1	0	0	0	1	0	1	1	
0	0	0	1	0	0	1	1	1	0	0	1	0	1	0	1	1	0	1	1	
0	1	1	0	0	0	0	0	1	0	1	0	1	0	0	0	1	0	1	0	
1	1	1	1	1	0	1	0	1	0	1	1	1	0	0	0	1	1	1	1	
0	1	1	1	1	0	0	1	1	1	1	1	1	1	0	0	1	1	0	1	
0	1	1	1	0	0	0	0	0	1	1	1	0	0	0	1	0	1	1	0	
0	1	0	1	0	0	1	1	1	0	0	1	1	1	1	1	0	1	0	1	
0	1	1	0	0	0	1	1	0	1	0	1	0	0	1	0	1	1	0	1	
0	0	0	1	0	1	1	0	1	0	1	0	0	1	1	1	1	0	0	1	
1	1	1	0	0	1	0	1	0	1	0	1	0	1	1	0	0	1	1	0	
1	1	0	0	0	1	1	0	0	0	1	0	1	1	0	1	1	1	0	1	
1	0	1	0	1	0	0	1	0	0	0	0	0	0	1	0	0	0	0	1	
0	0	0	1	0	0	0	0	1	0	1	0	0	1	0	0	0	0	1	1	
1	1	0	0	1	1	0	0	0	0	0	0	0	1	0	0	1	0	0	1	
1	1	0	1	1	1	0	0	1	1	1	1	1	0	0	0	0	1	1	0	
0	1	1	0	0	1	1	1	0	1	0	0	0	0	1	1	0	0	0	0	
0	0	0	1	0	1	1	1	1	1	1	1	1	1	1	0	0	1	1	1	
1	1	0	1	1	0	0	1	0	1	0	1	0	1	1	0	1	0	0	1	
1	0	0	1	0	1	1	1	0	0	0	0	1	0	0	1	0	0	0	0	
1	0	1	1	1	0	0	0	1	1	0	0	1	0	1	0	0	1	0	1	
1	1	0	0	0	0	0	1	1	1	1	0	0	0	0	0	0	0	1	1	
0	1	0	1	1	1	0	1	0	1	1	1	0	1	0	1	1	1	0	0	
0	0	0	0	0	1	0	1	0	0	0	1	1	1	1	0	1	1	0	1	
0	1	1	0	1	0	1	1	1	1	1	1	0	0	1	1	0	0	1	0	
1	0	0	0	1	0	0	1	1	0	0	1	0	1	1	0	1	1	1	1	
0	0	0	0	1	0	1	1	1	1	0	0	1	1	0	1	0	0	0	1	
0	1	1	0	1	0	1	0	0	1	1	1	1	1	1	1	1	0	0	1	
0	1	0	1	0	0	0	1	0	0	1	0	1	0	1	1	0	0	1	0	
0	0	0	0	0	0	1	0	1	0	1	1	1	1	1	0	1	1	1	0	
1	0	0	0	1	1	0	1	0	1	1	0	1	0	1	0	1	0	0	1	
1	1	1	1	1	0	0	0	0	0	0	1	1	1	0	1	1	1	0	0	
0	1	1	1	0	1	1	0	0	1	0	1	1	0	1	0	1	0	0	1	
1	1	0	0	1	0	0	0	1	1	0	1	0	0	0	1	1	0	1	0	
0	0	1	1	1	1	1	0	0	0	1	0	1	0	1	0	0	1	0	1	
0	0	1	0	1	1	1	0	0	1	0	0	0	1	1	0	1	1	1	1	
1	1	1	1	0	0	0	0	1	0	0	0	0	1	0	1	0	0	0	0	
0	0	1	1	0	0	1	0	1	1	1	1	1	0	0	1	1	0	1	0	
1	1	0	1	1	0	0	1	1	0	0	0	1	1	0	0	0	0	1	0	
1	1	1	0	0	1	0	0	0	1	0	0	1	0	0	0	0	1	0	1	
1	1	1	0	0	0	0	0	1	0	0	0	0	1	1	1	0	1	1	1	
0	0	1	1	0	0	0	1	1	1	1	0	0	1	1	0	0	1	0	0	
0	0	1	0	0	1	0	1	1	1	0	0	0	0	0	1	1	1	1	1	
1	1	0	0	1	0	1	1	1	1	1	1	1	0	1	1	1	1	0	0	
0	0	0	0	0	1	0	0	0	1	1	0	1	1	0	0	0	0	1	0	
0	0	0	0	0	0	1	1	0	1	1	1	0	1	0	1	0	1	0	1	
0	0	0	1	0	0	0	1	1	1	0	1	1	0	0	0	1	1	1	0	
0	0	0	0	0	1	1	0	0	1	0	1	1	0	1	1	0	1	0	0	
0	0	0	0	0	0	1	0	0	0	0	0	0	0	0	0	0	1	1	1	
0	1	1	0	1	0	0	0	1	1	1	0	0	0	1	1	1	0	0	1	
1	1	1	1	0	1	0	1	0	0	0	1	0	0	0	0	1	0	1	1	
1	0	1	0	0	1	1	1	0	0	1	0	0	1	0	0	0	0	1	0	
1	0	0	0	1	0	0	1	1	0	1	1	1	1	0	0	0	0	0	0	
1	1	0	1	1	0	1	1	0	0	1	0	0	1	0	1	0	1	0	0	
1	0	1	0	0	0	1	1	0	0	0	1	1	0	1	1	1	0	1	1	
1	1	1	0	0	0	1	1	1	1	0	1	1	1	0	0	0	0	0	0	
1	1	0	1	1	0	0	0	0	0	0	1	1	1	0	1	0	0	1	1	
0	0	0	1	1	1	1	0	0	1	0	1	1	1	1	0	0	0	1	1	
1	1	0	1	1	1	1	1	1	0	1	1	0	1	0	1	1	0	1	0	
1	0	1	0	0	0	0	0	0	1	0	1	0	1	0	0	1	0	1	0	
0	1	0	0	1	1	1	0	1	1	1	0	0	0	0	1	1	1	1	0	
0	1	0	1	0	0	0	1	0	0	1	1	0	1	1	0	0	1	0	1	
0	1	1	0	1	0	1	1	1	0	0	1	0	1	0	0	0	0	1	1	
0	0	1	1	0	1	1	1	1	0	0	0	1	0	1	0	0	0	1	0	
1	0	1	0	0	0	0	0	1	1	1	0	0	1	1	1	1	1	1	1	
0	0	1	0	1	1	0	0	0	0	0	1	1	0	0	0	0	0	1	0	
1	0	0	0	0	1	0	0	0	0	1	1	1	0	0	1	1	0	1	1	
1	1	1	0	0	0	0	1	1	0	1	1	0	1	1	1	1	0	1	0	
0	1	0	0	1	1	0	0	1	0	1	1	1	1	1	1	0	0	0	1	
1	1	0	1	1	1	0	0	1	1	0	1	1	0	0	1	1	1	0	1	
0	0	1	0	0	0	1	0	0	0	1	1	1	1	1	0	0	0	0	0	
0	0	0	1	1	1	0	1	1	0	0	1	0	1	1	1	0	1	0	1	
1	0	0	1	0	1	0	1	1	0	0	1	0	0	0	0	0	1	0	1	
1	1	0	0	0	0	0	0	0	0	0	1	1	0	1	0	0	0	0	0	
1	0	0	0	0	1	0	0	0	0	1	1	0	0	0	1	0	1	0	0	
0	1	0	1	1	1	1	0	1	0	0	1	0	0	1	0	1	0	0	0	
0	0	0	0	0	1	0	0	1	0	0	0	0	0	1	0	0	0	0	0	
1	1	1	0	1	1	0	1	0	0	1	0	0	0	1	1	1	1	0	0	
0	1	1	1	1	1	0	0	0	1	0	0	0	0	0	1	0	1	0	1	
0	1	1	0	0	0	0	0	1	0	1	1	1	0	0	0	0	1	0	1	
1	1	0	0	1	0	1	0	0	1	1	1	0	1	0	0	1	1	1	1	
0	0	1	1	0	1	0	1	1	0	1	1	1	1	0	1	0	1	1	0	
1	1	0	0	0	0	1	0	1	0	1	0	1	1	0	1	0	0	1	0	
0	1	0	1	0	0	0	0	1	1	0	0	0	0	1	0	1	1	1	1	
0	0	0	1	1	0	1	0	0	0	1	1	1	0	0	1	0	0	0	0	
1	0	1	1	0	0	1	0	0	1	1	0	1	1	0	1	1	1	0	0	
1	1	0	0	1	1	1	1	0	0	0	1	0	0	1	1	0	1	0	1	
1	0	0	1	0	0	1	1	1	1	0	0	0	1	1	1	0	0	1	0	
1	1	1	1	0	0	0	1	1	1	0	0	1	0	1	1	1	0	0	0	
1	1	0	1	0	0	1	1	0	1	1	1	1	1	0	0	1	0	1	0	
1	1	1	0	0	1	1	0	0	1	0	1	0	0	0	1	0	0	1	1	
0	1	0	0	1	0	0	1	0	0	0	1	0	0	0	1	0	1	1	0	
0	0	0	1	1	0	1	0	1	1	1	0	0	1	0	0	1	1	0	0	
0	0	1	1	0	0	0	0	0	0	0	1	0	0	1	1	1	1	0	1	
1	1	0	0	1	1	0	1	0	1	0	0	1	0	0	1	0	0	1	0	
0	0	1	1	0	1	1	0	0	1	1	0	0	1	1	1	0	1	1	0	
0	1	1	0	0	1	1	0	0	0	1	1	1	1	0	1	0	0	1	1	
1	0	0	1	0	1	1	0	1	0	0	1	1	1	0	0	0	1	0	1	
0	1	1	1	0	1	1	0	0	0	1	0	0	1	0	0	1	1	1	1	
1	0	1	0	1	1	1	0	1	1	1	1	1	1	0	0	0	1	1	1	
0	0	0	1	1	1	0	0	1	1	0	1	0	1	0	1	0	0	1	0	
1	0	0	1	1	0	1	1	1	0	1	1	0	0	1	0	0	1	1	0	
0	0	1	1	0	1	1	1	1	0	1	0	1	0	0	1	1	1	0	1	
0	1	0	1	0	1	1	0	1	0	1	1	0	0	0	1	1	1	1	1	
0	1	1	1	1	0	0	1	1	0	0	1	1	0	1	0	0	1	1	1	
1	0	1	1	1	0	0	1	0	1	1	1	0	0	0	1	0	0	1	1	
0	0	0	0	1	1	0	0	1	1	0	1	0	0	0	0	1	1	0	1	
0	0	1	1	1	1	0	0	0	1	1	0	1	0	1	1	1	1	1	1	
0	1	1	0	1	0	0	1	0	1	1	1	1	0	0	1	0	0	0	1	
0	1	1	1	1	0	1	0	1	0	1	1	0	1	1	1	0	1	1	0	
1	0	0	1	0	0	0	0	1	1	1	1	1	1	1	1	1	0	0	1	
1	1	0	1	1	0	0	0	0	0	1	0	0	0	1	1	1	0	1	1	
0	0	0	0	0	0	0	1	0	1	1	1	0	0	1	0	1	0	1	0	
0	1	0	1	1	0	0	0	0	1	1	0	1	1	0	0	0	0	1	1	
0	1	0	0	1	0	0	0	1	1	0	0	1	1	0	0	0	1	0	0	
1	1	0	1	1	1	1	0	1	1	0	0	1	1	1	1	1	0	1	1	
1	0	1	1	0	1	0	0	0	1	0	0	0	0	0	0	1	0	0	0	
1	0	1	1	1	1	1	0	0	1	0	1	0	1	0	1	1	0	0	1	
1	0	1	0	0	1	0	1	1	1	1	1	1	0	1	0	0	1	1	1	
1	0	1	1	1	1	1	0	1	0	0	0	0	0	0	1	1	1	1	1	
1	0	1	0	0	1	0	0	1	0	0	0	1	0	0	0	1	1	0	0	
0	0	1	0	1	0	0	0	1	0	0	1	1	1	0	0	1	0	0	1	
0	1	0	0	0	0	0	1	1	0	0	1	0	0	0	1	1	0	0	1	
1	1	1	1	0	0	1	1	0	1	1	0	0	0	1	1	0	1	0	1	
0	1	0	1	0	1	1	1	1	1	0	0	0	1	0	0	0	0	1	1	
1	1	1	1	0	0	1	1	0	1	0	0	1	0	0	1	0	1	1	0	
0	1	0	1	0	1	0	1	1	1	1	1	0	0	1	1	0	0	1	0	
0	0	1	0	1	1	0	1	0	1	1	1	1	0	0	0	1	1	0	0	
0	0	1	1	0	0	0	1	0	0	1	0	1	1	1	0	1	1	1	1	
1	0	1	0	0	0	0	1	0	1	1	0	1	1	0	0	1	0	0	1	
1	0	0	1	1	1	0	1	1	0	0	1	1	0	1	1	1	0	1	0	
1	0	0	1	0	0	0	1	0	0	0	0	0	1	0	1	1	1	1	0	
1	0	1	0	0	0	1	0	0	1	1	0	0	0	1	1	0	0	0	0	
0	0	0	1	1	0	1	1	0	0	1	1	1	0	1	1	1	1	1	1	
0	0	1	0	0	1	1	1	1	1	1	1	0	1	0	0	1	0	0	0	
1	1	1	0	1	0	1	1	0	0	0	0	1	1	1	0	1	0	1	0	
1	0	0	0	1	1	1	1	0	1	0	1	0	0	0	0	0	0	0	0	
1	1	1	1	1	1	0	0	0	1	1	0	1	1	1	0	0	0	0	0	
0	1	1	0	0	1	1	0	0	0	0	1	0	1	0	1	0	1	0	1	
1	1	1	0	1	0	1	1	0	1	0	0	0	1	0	1	1	1	1	1	
1	1	1	1	0	1	0	1	0	0	0	1	1	1	1	1	0	0	0	1	
0	1	0	0	1	1	1	1	1	1	0	1	1	0	1	0	1	0	1	0	
0	1	0	0	0	1	1	1	0	0	1	1	1	0	0	0	0	1	1	0	
0	1	1	1	0	0	1	1	1	0	1	0	0	0	0	1	1	0	0	0	
1	1	0	1	0	0	1	0	1	1	1	1	0	1	1	0	0	1	0	0	
0	0	1	0	1	0	1	0	1	1	1	1	0	0	0	0	1	0	1	1	
0	0	1	0	1	1	1	0	0	0	0	0	1	0	0	1	1	0	0	1	
1	0	0	1	0	0	0	1	0	1	0	1	1	0	1	0	0	1	0	0	
1	0	0	1	1	1	1	1	0	1	1	1	1	1	1	1	0	0	0	0	
1	0	0	0	0	1	0	1	0	0	1	0	0	1	1	1	0	0	0	1	
1	0	0	1	0	1	1	0	0	0	0	1	0	0	1	0	0	1	1	0	
1	1	0	1	1	1	1	0	0	0	0	0	0	1	1	0	0	1	1	0	
1	0	1	0	1	1	1	1	0	1	1	1	1	1	0	1	1	1	1	1	
1	1	1	0	1	1	0	0	1	1	1	0	1	1	0	1	0	1	0	0	
1	1	0	0	0	1	1	1	0	0	1	0	0	0	1	0	1	0	0	0	
1	0	1	1	0	1	1	1	0	0	0	1	1	1	0	0	1	1	1	1	
1	1	0	1	1	0	1	0	1	1	1	0	0	0	0	1	0	0	0	1	
1	0	0	1	0	1	1	1	0	1	1	1	0	1	1	1	1	1	1	0	
1	1	1	1	0	0	1	1	0	0	1	1	0	1	1	0	0	0	1	1	
0	1	1	1	1	0	1	0	0	1	0	1	0	1	1	1	0	0	0	0	
1	1	1	0	0	1	1	0	1	0	1	0	1	0	1	1	1	1	1	0	
0	0	1	1	1	1	0	1	0	0	1	1	0	1	1	0	1	0	1	0	
0	1	1	0	0	1	1	0	1	1	0	0	1	1	1	0	1	1	0	1	
0	1	0	0	1	0	0	1	0	0	0	0	1	1	1	0	0	1	1	1	
0	1	1	0	1	1	0	0	0	1	1	1	0	1	1	0	0	0	1	1	
1	0	1	1	1	0	1	1	1	1	1	0	1	0	1	0	1	0	1	0	
1	0	0	0	1	1	0	0	0	0	1	1	1	1	0	0	1	1	1	0	
0	0	1	0	1	1	0	0	0	1	0	1	1	1	1	1	1	0	0	0	
0	1	1	1	0	0	1	1	0	1	1	0	0	0	1	0	1	1	1	0	
0	1	0	1	0	1	0	0	0	0	1	1	0	1	0	0	0	0	0	0	
0	0	1	1	1	0	1	1	1	1	0	1	1	1	1	1	1	1	1	1	
0	0	0	0	0	0	1	1	0	0	0	0	0	1	0	0	1	0	0	0	
0	0	0	0	0	1	0	0	0	1	0	1	1	1	0	0	0	1	1	1	
0	1	1	0	0	0	0	1	0	0	1	0	1	1	0	1	1	1	0	0	
1	0	0	0	1	0	0	0	0	1	1	0	0	0	1	1	0	1	1	0	
0	1	0	0	1	1	1	1	1	0	1	0	0	0	0	0	0	1	0	1	
0	0	1	1	1	0	1	1	0	0	0	1	0	1	0	0	0	1	0	0	
1	0	1	0	0	1	0	1	1	1	0	1	0	1	1	1	0	0	0	1	
1	1	1	1	1	1	1	0	0	1	1	1	1	0	1	1	0	0	1	0	
0	0	0	0	1	1	0	1	1	0	1	0	0	1	0	0	0	1	1	0	
1	0	1	0	0	0	1	1	1	1	0	0	0	0	0	0	0	1	0	1	
1	0	1	1	0	1	0	0	1	0	1	1	1	0	1	1	0	0	0	0	
0	1	0	0	1	0	0	1	1	1	0	1	0	1	1	0	0	0	0	0	
0	1	0	1	0	0	1	1	0	1	0	0	1	0	0	1	1	0	0	1	
1	0	0	0	0	0	1	0	0	0	1	1	1	0	1	0	1	1	0	1	
1	1	1	0	0	1	1	0	1	0	0	1	0	0	0	0	0	0	1	0	
0	0	0	1	0	1	0	1	0	1	1	1	1	0	0	0	0	0	0	1	
1	0	1	0	1	1	1	1	1	0	0	0	1	1	1	1	0	1	0	0	
1	1	1	0	1	1	0	1	1	0	0	0	0	0	0	1	0	0	0	0	
1	1	0	1	0	1	0	1	1	0	1	1	1	0	1	0	1	0	1	1	
1	1	1	1	1	1	0	1	0	0	1	0	1	0	0	1	0	1	1	1	
1	0	0	1	0	1	1	0	0	1	1	0	0	0	1	0	1	0	1	1	
0	1	0	1	0	0	1	0	1	0	0	0	1	1	0	1	0	1	1	0	
0	0	0	0	1	0	0	1	0	0	1	0	0	0	1	1	0	0	0	0	
1	0	0	1	1	0	0	0	1	0	1	0	0	0	0	0	1	0	0	0	
0	1	1	0	1	1	0	0	0	0	1	1	0	0	1	0	0	1	1	0	
1	1	1	1	0	1	1	1	0	0	1	1	1	0	1	1	1	1	0	0	
0	0	1	0	0	0	1	0	0	0	0	1	0	0	0	1	1	1	1	0	
0	1	0	0	0	1	0	1	0	1	1	0	0	1	1	1	1	1	1	1	
0	1	1	0	1	1	1	1	0	1	0	1	1	1	0	1	1	0	1	0	
1	1	0	0	1	1	1	0	0	1	1	0	1	0	0	0	1	0	0	0	
1	1	1	0	0	0	0	1	1	0	1	1	0	1	0	0	1	1	0	1	
1	0	1	0	1	0	1	0	0	0	1	0	1	1	0	1	0	0	1	1	
0	0	1	0	1	0	0	0	1	0	0	0	0	0	1	0	1	1	1	0	
0	0	0	1	0	1	0	0	0	1	0	0	1	1	0	1	1	0	0	0	
1	0	0	0	0	1	0	0	1	0	0	0	0	0	1	1	1	1	1	0	
0	1	0	0	1	0	0	0	0	0	1	1	1	0	0	0	1	1	1	1	
0	0	0	1	1	0	0	1	1	0	1	1	1	1	0	0	1	0	1	1	
0	1	1	0	0	0	0	0	1	0	1	0	0	1	1	1	1	0	0	1	

invalid rows: 
2	4	6	8	11	12	22	23	26	30	31	32	34	35	37	39	49	50	55	56	62	66	73	75	77	78	80	83	95	96	98	100	104	108	112	116	124	126	129	131	134	141	142	145	146	150	152	155	157	167	169	170	171	172	180	182	185	191	194	196	197	199	200	201	208	210	211	212	215	217	219	224	228	235	236	237	238	243	246	251	252	257	260	270	272	273	277	280	282	287	288	289	292	295	

 ----------Greedy covering array: 
1	1	0	1	1	0	1	1	0	1	0	0	1	1	1	1	1	0	1	0	
1	1	1	1	1	0	1	0	0	1	1	1	0	0	1	1	1	1	1	0	
0	0	1	1	0	0	0	0	0	0	0	0	1	1	0	0	0	0	1	1	
0	1	0	1	1	0	0	1	1	0	1	1	1	0	0	0	0	0	1	0	
1	1	0	0	0	0	0	0	0	1	0	1	0	1	1	0	1	1	1	0	
1	0	1	1	0	1	0	0	1	0	1	1	1	1	1	0	0	1	1	1	
1	1	0	1	1	0	0	0	0	0	0	0	1	1	1	1	0	1	1	0	
1	0	1	0	1	1	0	0	0	0	1	1	0	0	0	0	0	0	1	1	
1	0	1	0	1	1	0	0	0	1	1	0	1	1	1	0	1	0	0	1	
0	1	1	1	0	0	1	1	1	0	0	1	1	0	0	0	1	1	1	1	
1	1	1	1	1	1	1	0	0	1	0	1	1	1	1	1	0	1	0	1	
1	1	1	0	1	1	1	1	1	1	1	0	1	0	1	0	0	0	0	0	
1	0	1	1	0	1	0	0	0	1	1	1	0	1	0	1	1	1	0	0	
0	1	1	1	1	1	0	1	0	1	1	1	1	1	1	0	1	0	1	0	
0	1	1	0	0	0	0	0	0	0	1	1	1	0	0	0	1	1	0	0	
0	0	0	0	1	0	1	1	0	0	1	1	0	1	0	1	1	0	1	0	
1	1	0	1	0	0	1	1	0	0	1	1	1	1	1	1	1	1	0	0	
0	0	1	1	0	1	0	0	1	0	1	0	0	1	0	1	1	0	1	0	
1	0	1	1	1	0	1	0	1	0	0	0	0	0	0	1	1	0	1	1	
1	1	1	1	1	0	1	1	0	1	1	0	0	1	0	0	0	0	0	0	
1	0	0	1	1	0	0	0	0	1	1	0	0	1	0	1	0	1	1	1	
1	0	1	1	0	0	0	1	0	1	1	1	1	0	1	0	0	0	0	1	
1	1	1	1	0	0	1	0	1	1	1	1	0	1	1	1	0	0	1	0	
0	1	0	0	0	1	0	0	0	0	1	1	0	0	1	0	1	1	0	0	
1	1	0	0	1	0	0	0	1	1	0	0	1	0	0	0	0	1	0	1	
0	1	1	1	1	0	1	0	1	1	0	1	0	0	1	0	0	1	0	0	
0	1	0	1	0	1	0	1	0	0	1	0	0	1	0	0	0	1	1	0	
0	0	0	1	1	1	0	0	1	1	0	1	1	1	0	1	1	0	1	1	
0	0	1	1	0	0	1	1	1	0	1	0	0	0	1	0	0	0	1	1	
1	0	1	0	1	0	1	1	1	0	1	1	1	0	0	1	0	1	0	1	
1	0	1	0	0	1	1	0	1	1	0	1	0	0	0	1	0	0	0	1	
1	0	0	1	0	0	0	1	0	0	0	1	0	0	1	0	0	1	1	0	
1	1	1	1	1	1	1	0	1	0	1	1	0	1	1	0	1	0	0	1	
0	1	1	1	0	0	0	0	1	1	0	1	1	1	0	0	0	1	0	0	
0	0	0	1	0	1	0	0	0	0	0	1	0	1	1	0	0	1	0	1	
0	1	1	0	1	0	0	1	1	0	0	0	0	1	1	0	1	0	1	0	
0	0	1	0	0	1	1	0	1	0	0	0	1	0	0	1	0	1	1	0	
1	0	0	0	1	0	0	1	1	0	1	1	1	0	1	0	1	0	1	1	
1	0	1	1	1	0	1	0	0	0	0	1	1	1	0	0	1	0	0	0	
1	1	1	1	1	1	0	1	0	0	1	0	1	0	0	0	0	0	1	1	
1	1	1	0	0	0	0	1	0	1	0	0	0	1	1	1	0	1	0	0	
1	1	1	1	1	1	0	0	0	1	0	0	0	0	1	1	1	0	0	0	
0	1	1	1	1	1	1	0	0	0	0	1	0	0	0	1	1	1	0	0	
0	0	0	1	1	1	1	0	0	1	1	0	0	1	1	1	1	1	0	1	
0	0	1	1	1	1	0	0	0	1	1	0	1	0	0	0	0	1	0	0	
1	1	0	1	0	1	1	1	0	1	1	0	1	0	1	1	1	1	1	1	
1	1	1	0	0	1	1	0	0	0	1	0	0	0	1	1	0	1	0	1	
1	0	0	1	1	0	1	1	1	0	0	1	0	0	0	0	1	1	0	0	
1	1	0	1	1	1	1	1	1	0	0	1	1	1	0	1	0	0	0	1	
1	1	1	0	1	1	0	1	0	0	0	1	1	0	1	0	0	1	0	0	
1	0	1	0	0	0	0	1	0	0	1	0	0	1	0	1	1	1	1	1	
0	1	0	1	0	1	0	1	1	0	1	0	1	1	1	1	1	0	1	1	
1	0	0	0	1	1	0	1	0	0	1	0	1	1	1	1	0	1	0	1	
0	1	0	1	1	0	0	0	0	1	1	0	0	0	1	0	0	0	1	1	
1	0	1	1	0	1	1	1	0	1	0	1	1	1	1	0	0	1	0	0	
1	0	0	0	1	1	0	0	1	1	1	1	0	0	1	1	0	1	0	0	
0	0	0	1	0	0	1	0	0	0	1	0	1	1	1	1	1	0	1	0	
0	1	1	1	1	1	1	1	0	0	0	0	0	1	1	1	0	0	1	1	
0	0	0	0	0	1	1	0	0	1	0	0	1	0	1	1	0	0	0	1	
0	0	1	1	1	0	0	1	0	1	1	0	1	1	1	1	0	0	1	0	
1	0	0	0	1	0	0	0	0	0	1	0	0	0	0	1	1	1	0	0	
1	0	0	1	0	0	1	0	1	1	0	1	1	0	1	1	0	1	1	1	
1	1	0	1	1	0	1	1	0	0	1	0	0	1	0	0	1	1	1	1	
1	1	1	1	0	1	0	1	1	0	0	0	1	0	0	0	0	1	0	1	
0	1	1	0	1	0	1	0	0	0	1	0	1	0	1	0	1	0	0	1	
1	1	1	1	1	1	1	0	1	0	1	1	0	0	0	0	0	1	1	0	
0	0	0	1	1	1	0	1	1	0	1	1	1	1	0	1	1	1	0	0	
0	0	1	1	1	0	1	0	1	0	0	1	1	1	1	1	1	1	0	1	
1	0	0	1	1	1	0	1	0	0	0	1	0	1	1	1	1	1	1	1	
0	0	0	0	1	1	0	1	0	0	0	0	1	0	0	1	1	0	1	0	
1	0	0	0	0	0	1	0	1	1	0	0	1	0	0	0	1	0	1	0	
0	0	0	0	1	1	0	1	1	0	1	0	0	0	0	1	1	1	1	1	
1	1	0	1	0	1	0	0	0	0	1	1	0	1	1	1	0	0	0	0	
1	1	0	1	0	0	0	0	0	1	0	1	0	0	0	0	1	0	1	1	
1	0	0	0	0	1	0	1	0	0	0	1	1	0	1	1	0	1	0	0	
0	1	0	1	0	1	1	1	0	1	0	1	1	1	0	1	1	1	1	0	
1	1	1	1	1	0	0	1	1	1	0	1	0	1	1	0	0	0	1	1	
0	0	1	1	0	1	1	1	0	0	0	0	1	1	1	1	1	0	0	1	
1	0	0	1	1	1	1	1	0	1	1	1	1	0	0	1	1	0	0	1	
0	1	0	0	1	1	0	1	0	1	0	1	0	1	0	1	0	0	0	0	
0	1	1	1	1	1	1	0	1	1	0	0	1	1	0	0	1	0	0	0	
1	1	0	0	0	0	0	1	0	1	0	0	0	0	1	1	1	0	1	0	
0	0	0	0	0	0	1	1	0	1	1	1	0	0	0	0	0	1	0	1	
1	1	0	0	1	0	1	0	1	1	0	1	0	1	0	1	1	1	0	1	
0	1	1	1	0	0	1	0	0	1	1	0	1	1	1	0	0	1	1	1	
1	1	0	0	0	0	1	0	0	0	1	0	1	0	0	1	0	0	1	1	
0	1	0	0	1	1	1	1	1	1	1	0	1	0	0	0	1	1	1	1	
1	1	1	0	1	1	0	1	1	0	0	0	0	1	0	1	0	0	1	0	
1	0	1	0	1	0	0	0	0	0	0	0	1	0	1	1	0	1	1	1	
1	0	1	0	1	0	0	1	0	1	0	1	0	0	0	1	1	1	1	0	
1	1	0	0	0	0	1	1	0	0	0	1	1	1	1	0	1	1	0	1	
0	1	0	0	1	1	1	0	0	0	0	0	1	1	0	0	1	1	1	1	
0	1	1	1	0	0	1	1	0	0	1	0	1	0	0	1	0	0	0	0	
0	1	1	1	0	0	0	1	1	0	0	0	0	0	1	1	1	1	1	0	
0	0	0	1	0	1	0	1	0	1	1	1	0	0	0	1	0	0	0	0	
1	1	1	1	0	1	1	1	1	1	1	1	0	0	0	1	0	1	0	1	
1	1	0	1	0	1	0	0	1	1	1	1	1	0	1	1	1	1	0	1	
0	0	0	0	0	1	0	1	1	1	0	1	1	0	0	0	0	1	1	1	
0	1	1	1	1	1	0	0	1	0	1	0	0	0	1	0	1	1	1	1	
0	1	1	0	1	1	0	0	1	0	0	1	1	0	1	1	0	0	0	1	
0	1	1	1	1	0	0	0	0	1	0	0	0	1	0	1	1	1	1	0	
0	0	0	0	1	1	1	1	1	0	0	1	1	1	1	0	1	0	0	1	
0	1	1	0	0	1	1	0	0	1	1	0	0	1	0	1	1	0	1	1	
1	1	0	0	1	0	1	0	0	0	0	1	0	0	1	0	0	0	0	0	
0	1	0	1	0	0	0	1	0	1	0	0	0	0	0	0	1	1	0	0	
1	1	0	0	0	1	1	0	0	0	0	0	0	1	0	1	1	0	0	0	
1	0	0	1	0	1	1	1	1	1	1	0	1	1	0	0	0	1	0	1	
0	0	1	0	1	1	0	0	0	0	0	1	1	1	1	0	0	0	1	0	
0	1	1	1	1	0	0	1	1	1	1	0	1	1	1	0	1	1	0	1	
1	1	0	0	1	1	1	0	1	0	0	0	1	0	1	1	1	1	0	0	
0	0	1	0	0	0	1	0	0	0	1	0	0	1	1	0	0	1	1	0	
1	1	0	1	1	0	1	0	0	0	1	1	1	0	0	0	0	1	0	1	
0	1	0	1	0	1	1	1	0	1	0	0	1	0	1	0	0	0	0	0	
1	0	0	0	0	1	0	0	1	1	0	0	1	1	1	1	1	1	1	1	
0	1	0	0	1	0	0	0	1	0	1	0	0	1	1	1	1	0	0	1	
1	0	1	1	1	1	0	1	1	1	0	1	1	0	1	0	0	0	1	0	
1	1	0	1	1	0	1	1	1	0	0	0	0	0	1	1	1	0	0	1	
1	1	1	1	0	0	0	0	0	0	1	0	1	0	1	0	1	0	1	0	
1	1	1	0	1	1	0	0	1	1	1	1	1	0	0	1	1	0	1	0	
0	0	0	0	1	1	0	1	0	1	1	0	0	0	1	0	0	1	1	0	
0	0	1	1	1	0	0	1	1	1	1	0	0	0	0	1	1	0	0	1	
1	1	0	0	1	0	1	0	0	1	1	0	1	1	1	1	0	0	0	0	
1	0	0	0	0	1	1	0	1	0	1	1	0	0	0	1	1	1	1	1	
0	1	1	0	1	1	0	0	1	0	1	1	1	1	0	1	0	1	0	0	
1	0	0	1	0	1	1	1	1	0	0	0	1	0	0	1	0	0	1	0	
1	1	1	0	1	0	0	0	0	1	1	1	0	1	0	0	0	1	0	1	
1	1	1	0	1	0	0	1	0	0	0	1	1	1	0	1	1	0	0	1	
0	0	0	1	0	1	1	0	0	0	0	1	0	0	0	0	1	1	1	0	
0	0	1	1	0	0	0	1	1	1	1	1	1	0	0	1	0	1	1	0	
1	0	0	1	0	1	1	1	0	0	1	0	0	0	1	0	1	1	0	0	
0	1	0	0	0	1	1	0	0	0	1	1	1	1	0	0	0	0	0	1	
0	1	0	1	1	1	1	1	0	0	0	1	0	0	0	0	1	0	1	1	
0	0	0	1	1	0	0	0	0	1	0	1	1	0	1	0	1	1	0	1	
0	1	0	1	0	0	0	1	0	0	0	1	1	1	1	1	0	0	1	1	
1	0	1	1	1	1	1	0	1	1	1	0	1	0	1	1	0	0	1	1	
0	0	0	0	0	0	0	1	0	1	1	0	1	1	0	0	1	0	0	0	
0	1	1	0	0	0	0	0	1	1	0	0	1	0	1	0	1	0	1	1	
0	0	0	1	0	0	0	1	1	0	1	0	1	0	1	1	0	1	0	1	
0	0	1	0	1	0	0	0	1	0	1	0	1	1	0	0	0	0	1	1	
0	1	1	0	0	0	0	1	0	0	0	0	0	0	0	0	0	0	0	1	
1	1	0	1	1	1	0	0	0	1	0	1	1	0	0	1	0	0	1	0	
0	1	0	0	0	1	1	1	1	0	0	1	0	1	1	1	0	1	0	0	
0	0	1	0	0	0	1	1	0	1	0	1	0	1	1	0	1	0	0	0	
1	0	0	1	0	0	1	0	1	1	1	0	0	0	1	0	1	0	0	0	
1	0	1	0	0	1	1	0	0	1	0	0	0	0	1	0	1	1	1	1	
0	1	1	0	1	0	1	1	1	0	1	1	0	0	1	1	0	0	1	0	
0	0	1	1	0	1	1	0	1	0	1	1	1	0	1	0	1	0	0	0	
1	1	0	0	0	1	1	1	1	0	1	0	0	0	0	0	1	1	1	0	
1	1	1	0	1	0	0	1	1	0	1	0	1	1	0	0	1	1	0	0	
1	0	1	1	0	1	1	1	1	1	0	0	0	1	1	1	1	1	1	0	
0	0	0	0	0	0	1	1	1	0	0	1	1	0	0	1	1	0	0	0	
1	0	1	1	0	1	0	1	0	1	0	0	1	1	0	1	0	0	1	1	
0	1	0	0	1	1	0	0	1	1	0	0	0	0	1	0	1	1	0	1	
1	1	1	1	0	1	0	1	1	0	0	1	0	0	1	0	1	0	0	0	
0	0	1	1	1	0	0	1	0	0	1	1	0	1	1	0	0	1	0	0	
0	1	0	1	1	0	1	1	0	1	0	1	1	0	0	1	1	0	1	1	
1	0	0	0	0	0	0	1	1	0	1	1	0	1	0	0	0	0	0	0	
0	1	0	0	0	0	1	1	1	1	1	0	0	1	0	1	0	0	1	0	
0	0	0	1	1	1	1	1	1	1	0	1	0	0	1	1	1	0	1	0	
1	1	0	1	1	1	0	0	1	1	1	0	0	1	0	0	1	0	1	0	
1	1	0	1	0	1	1	0	1	0	1	0	1	1	0	1	0	1	1	1	
0	0	1	0	1	0	0	0	1	1	1	1	0	0	0	0	1	0	0	0	
1	1	0	1	1	0	0	0	1	0	0	0	0	1	1	0	1	1	1	1	
0	1	0	1	0	0	1	0	1	0	0	0	0	1	1	0	0	1	0	1	
0	0	0	0	1	1	1	0	1	0	1	0	0	0	0	0	0	0	0	0	
0	0	0	0	0	0	1	0	1	1	0	0	0	1	0	0	0	0	1	1	
1	0	1	1	1	1	0	0	1	0	0	0	0	1	0	1	0	1	0	0	
0	0	0	1	1	0	0	0	0	0	0	0	0	1	0	0	0	0	0	0	
1	0	0	0	1	1	1	0	0	1	0	1	0	1	1	1	0	0	1	1	
1	1	0	0	0	1	0	0	0	0	0	1	1	1	0	0	0	1	1	1	
0	1	0	1	0	1	0	0	1	1	1	1	0	0	0	0	0	0	0	1	
1	1	1	0	0	1	1	1	1	1	0	0	1	0	0	1	1	0	0	1	
0	0	0	1	0	0	0	1	1	1	1	1	0	1	1	0	1	1	1	1	
0	0	1	1	0	1	1	1	0	1	1	0	0	0	0	0	1	0	1	0	
0	1	0	1	1	1	0	1	0	0	0	0	1	0	0	1	0	1	0	1	
1	0	1	0	0	0	0	0	1	1	1	0	0	0	0	0	0	1	1	0	
0	0	1	0	0	0	1	0	0	1	1	1	1	0	0	1	1	1	1	1	
1	1	1	0	1	1	1	0	1	0	0	0	0	1	1	0	0	0	1	1	
0	0	1	1	1	0	1	1	0	0	0	0	1	0	1	0	1	1	1	0	
0	0	0	1	1	1	1	0	0	0	1	1	1	0	1	1	0	1	1	0	
0	0	1	0	0	1	1	1	1	1	1	0	1	0	1	1	1	1	0	0	
0	1	1	0	0	1	1	1	1	0	0	1	1	1	0	0	0	0	1	0	
1	0	0	0	0	1	0	1	1	0	0	0	0	0	1	0	0	0	1	1	
1	0	1	1	0	0	0	0	0	1	0	0	1	0	0	1	1	1	0	1	
0	1	0	0	1	0	0	0	1	0	0	1	0	0	0	1	0	1	1	1	
1	0	0	0	0	1	1	1	0	0	1	0	1	1	1	0	0	0	1	0	
0	0	1	0	1	0	0	1	0	1	0	1	1	1	0	0	1	1	1	1	
0	1	1	0	0	1	0	1	1	1	1	1	0	1	0	0	1	0	1	0	
0	1	1	1	0	0	1	0	1	0	1	0	0	1	0	0	1	1	0	1	
0	1	1	0	0	1	0	1	0	1	0	1	0	1	0	1	1	1	0	1	
1	1	1	1	0	0	1	1	1	1	1	1	1	1	0	0	1	0	0	1	
1	0	0	1	0	0	0	1	1	0	0	0	1	1	0	0	1	1	1	0	
1	0	1	1	1	0	1	1	1	1	0	0	0	0	1	0	0	1	0	1	
0	1	1	1	0	0	0	0	0	1	1	1	0	1	1	1	0	1	1	1	
0	1	1	1	0	1	0	1	1	1	0	0	0	1	0	1	0	1	1	1	
1	1	0	1	1	1	0	1	1	0	1	1	0	0	1	0	0	1	0	1	
1	1	0	0	0	0	1	1	1	1	0	1	1	0	1	0	0	1	1	0	
1	1	0	1	0	0	0	0	1	0	0	0	1	1	0	1	0	0	0	1	
1	1	0	0	1	0	0	1	0	1	1	1	1	1	0	1	0	1	1	1	
1	1	0	0	0	1	0	0	1	1	1	1	1	0	1	0	0	0	1	0	
1	0	1	1	1	1	0	1	1	1	0	1	0	0	0	0	1	1	1	1	
0	1	0	1	1	0	1	0	1	1	1	0	1	0	0	1	1	1	1	0	
1	1	0	0	1	1	1	1	0	1	0	0	0	0	0	1	0	1	1	0	
0	0	0	0	1	0	0	1	1	1	0	0	1	0	1	1	0	0	0	0	
1	1	0	0	0	1	0	1	0	1	1	0	1	0	0	0	1	1	0	0	
1	0	0	1	0	1	0	0	0	0	1	0	1	0	0	0	1	0	0	1	
1	1	1	1	1	1	1	1	0	0	1	0	1	1	0	1	1	1	1	0	
0	0	0	0	0	0	1	0	0	0	0	1	1	1	0	1	0	1	0	0	
1	1	1	0	0	0	1	0	1	0	0	1	1	1	0	1	1	1	1	0	
0	1	0	1	1	0	1	1	1	1	1	1	1	1	1	0	0	0	0	1	
1	1	1	1	0	0	1	1	0	0	0	1	0	1	0	1	0	1	1	1	
0	0	0	1	0	0	1	0	0	0	1	1	0	1	0	1	0	0	0	1	
1	1	0	1	0	0	0	0	1	0	1	1	0	0	0	1	1	0	0	0	
0	1	0	1	0	1	0	0	1	0	0	0	0	0	1	1	0	0	1	0	
0	1	1	0	1	1	1	0	0	1	0	1	1	0	1	0	0	1	1	1	
0	1	1	1	0	1	0	1	0	0	0	0	1	1	1	0	1	1	0	0	
0	0	1	0	0	1	1	1	0	0	1	1	1	0	1	0	0	1	1	1	
0	0	0	1	1	1	0	1	1	1	0	0	1	1	1	0	0	1	1	0	
1	0	0	0	0	0	0	0	1	1	1	1	1	1	1	1	0	0	0	1	
0	1	0	0	1	0	0	1	0	1	1	1	0	0	1	1	1	1	0	1	
0	1	0	0	0	0	1	0	0	1	1	1	1	0	1	1	1	0	0	0	
1	0	0	1	1	0	1	1	1	0	1	0	0	1	1	1	0	1	1	0	
0	0	0	0	0	0	1	1	0	0	0	0	0	0	1	1	1	1	1	1	
0	0	1	0	1	0	1	0	0	1	0	1	1	0	0	0	0	0	1	0	
1	1	1	0	1	0	0	1	1	1	1	0	0	0	1	1	0	1	1	1	
0	0	1	1	0	0	0	0	1	1	0	1	1	1	1	1	1	0	0	0	
1	0	1	0	1	1	1	1	0	0	1	1	0	0	1	1	1	0	0	0	
1	0	1	0	0	0	1	0	1	0	0	0	1	1	1	0	0	0	0	0	
1	0	0	0	1	1	1	0	0	1	1	1	1	1	0	0	1	1	0	0	
0	1	1	0	0	1	0	0	1	0	0	1	0	1	0	0	1	0	1	1	
1	1	1	0	0	1	1	1	0	0	0	1	1	0	1	1	1	0	1	1	
0	1	0	0	1	1	1	0	1	0	1	1	0	1	1	0	1	1	1	0	
1	0	1	1	1	1	0	1	1	0	1	0	1	1	1	1	0	0	0	0	
0	0	1	0	0	1	0	1	1	1	1	0	0	1	1	0	0	0	0	1	
0	0	1	1	0	1	0	0	0	1	0	1	0	0	1	1	0	1	1	0	
0	0	1	1	1	1	1	0	1	1	0	0	1	0	0	0	1	1	0	1	
1	1	1	1	0	0	0	1	1	1	0	1	1	0	0	1	0	0	0	0	
1	1	1	0	0	0	0	0	0	0	1	1	0	1	0	1	0	0	1	0	
0	0	0	0	1	0	1	0	1	0	1	0	1	0	1	0	0	1	0	1	
1	0	1	0	1	0	1	0	1	1	1	0	1	1	1	0	1	1	1	0	
0	1	0	0	1	0	1	0	0	1	0	0	0	1	1	0	1	0	1	0	
0	0	1	0	1	0	1	1	1	0	0	0	0	1	0	0	0	1	0	1	
1	0	1	0	1	1	1	1	0	0	0	0	0	1	0	0	1	1	0	1	
1	1	1	0	0	0	1	1	1	1	1	1	1	1	1	1	1	0	1	1	
1	0	0	1	0	1	1	0	0	1	1	1	1	1	0	0	1	0	1	1	
0	0	1	0	1	1	1	0	0	1	0	0	0	1	1	1	0	0	0	0	
0	1	1	0	0	0	1	1	1	0	1	1	0	1	1	1	1	1	0	1	
1	1	1	1	0	1	1	0	0	1	0	0	1	0	0	0	0	1	1	0	
0	0	1	0	1	0	1	1	1	1	0	0	1	1	1	1	1	1	1	1	
0	1	1	0	1	1	1	1	1	1	0	1	0	0	1	0	1	1	0	0	
1	0	1	0	1	1	0	0	1	0	0	1	1	0	0	0	1	1	1	0	
0	0	1	1	1	1	1	1	0	1	1	1	0	1	0	1	0	0	1	1	
1	0	0	0	1	0	0	1	1	1	0	1	0	1	1	1	1	1	0	0	
0	1	1	1	1	1	0	0	0	0	1	1	1	1	0	1	1	0	0	1	
1	1	0	0	1	1	0	1	0	0	1	0	0	0	1	0	1	0	0	1	
1	1	0	0	1	1	0	1	1	1	0	1	1	1	0	0	1	0	0	0	
1	0	1	1	1	0	1	1	0	1	1	1	1	0	1	1	0	1	0	0	
1	0	0	0	0	0	1	1	1	1	1	0	0	1	0	1	1	0	0	1	
1	0	0	0	1	0	0	0	1	0	1	1	1	1	0	1	1	0	1	0	
0	0	1	0	1	1	0	1	0	1	0	1	1	0	1	1	0	1	0	1	
0	0	0	0	0	1	0	0	1	1	0	0	0	1	0	0	1	1	0	0	
1	1	1	1	1	0	0	1	1	0	1	1	1	0	1	1	1	1	1	1	
0	0	1	0	0	0	0	0	0	0	0	0	0	0	1	1	1	0	0	0	
0	1	0	0	0	0	0	1	1	0	1	0	1	1	0	0	1	0	0	1	
0	0	0	0	0	1	0	0	0	1	1	1	0	0	1	1	1	0	1	1	
1	0	0	0	1	0	1	1	0	1	0	0	1	0	0	0	0	0	1	1	
1	1	1	1	0	1	0	0	0	1	0	0	0	1	1	0	0	0	0	1	
1	0	1	0	0	0	0	0	1	0	0	1	0	0	1	0	1	1	0	1	
0	1	0	1	1	0	1	0	1	0	0	1	1	1	1	0	1	0	1	0	
1	0	1	0	1	1	1	1	1	1	1	1	1	1	0	0	0	1	1	0	
1	0	0	1	0	0	0	1	0	1	0	0	0	1	1	0	1	0	0	1	
0	1	1	1	0	0	1	0	0	0	0	1	1	0	1	0	0	0	0	1	
0	0	0	1	1	0	1	0	1	1	1	1	0	1	0	0	0	1	1	0	
1	0	0	1	1	1	0	0	1	0	0	0	1	0	1	0	1	0	0	0	
0	1	1	0	0	1	0	0	0	0	1	0	1	0	1	1	0	1	1	0	
0	1	1	0	1	0	1	0	1	1	1	0	0	0	0	1	0	0	0	1	
0	0	1	1	0	1	1	1	1	0	0	1	0	1	0	0	0	0	0	0	
0	1	0	0	0	0	0	0	1	1	1	0	1	1	1	0	0	1	0	0	
1	0	1	1	1	0	1	0	0	0	1	1	0	1	1	0	1	0	1	1	
1	0	0	1	0	1	1	0	0	0	0	1	0	1	1	0	0	0	1	0	
0	1	0	1	1	1	1	1	1	1	1	0	0	1	1	1	0	1	0	0	
1	1	0	0	0	1	1	1	0	1	1	1	0	1	1	0	0	1	1	1	
0	1	1	0	1	0	1	1	0	1	0	0	1	1	0	1	0	1	0	0	
0	0	1	1	0	1	0	1	0	0	1	0	0	0	0	0	1	1	1	1	
1	0	0	0	1	0	0	0	0	1	0	0	0	0	1	0	0	0	1	0	
1	0	0	1	0	0	1	0	0	1	0	0	0	0	0	1	0	1	0	0	
1	0	0	0	1	1	0	1	1	1	0	1	0	1	0	0	0	0	0	1	
0	0	1	0	1	1	1	0	1	1	1	1	0	1	1	1	0	1	1	1	
0	0	1	0	0	0	0	1	1	0	0	1	0	0	0	1	0	0	1	1	
0	1	0	0	1	1	0	1	0	1	0	0	1	1	1	1	1	0	1	1	
1	0	1	0	0	1	0	1	1	0	1	1	1	1	1	1	1	0	1	0	
1	0	1	0	0	1	1	0	0	1	1	0	1	1	0	1	0	0	0	0	
0	1	0	1	0	1	1	0	1	1	0	1	0	0	1	1	1	0	0	1	
1	1	1	0	0	0	1	1	0	1	1	1	0	0	0	0	1	0	1	0	
1	0	0	1	1	0	0	1	0	0	0	1	0	0	0	1	0	0	0	1	
0	0	0	0	0	0	0	0	0	0	1	0	1	1	0	1	1	1	1	0	
0	0	0	1	1	0	1	1	0	0	0	0	0	1	0	1	0	0	1	1	
1	1	0	0	0	1	0	1	1	1	1	0	0	0	0	1	0	0	0	1	
1	1	0	1	0	0	0	1	1	1	1	0	0	0	1	1	1	1	0	0	
0	1	0	1	1	1	0	0	0	1	0	1	0	0	0	1	1	0	1	0	

invalid rows: 
12	20	193	229	240	266	270	2	8	10	15	19	22	26	29	30	31	37	40	42	43	45	47	50	64	65	66	89	90	93	94	96	99	100	116	118	119	121	129	135	137	140	145	146	147	154	162	172	174	176	177	179	181	184	201	215	217	224	225	227	231	235	236	237	248	250	251	257	260	262	263	268	272	275	276	284	289	294	23	104	106	142	148	158	203	232	241	281	

 ----------random covering array (last execution): 
1	0	1	1	1	1	0	0	1	1	0	1	0	1	0	1	1	1	0	1	
1	1	0	1	1	1	0	1	1	0	0	1	0	1	1	1	1	1	1	0	
0	0	1	1	0	0	0	0	0	1	1	1	0	0	1	0	0	0	0	0	
0	0	0	1	1	0	0	1	1	1	0	1	1	0	0	0	0	0	1	1	
1	1	1	1	1	0	0	0	0	0	0	0	0	1	0	1	1	0	1	0	
0	1	1	1	0	0	1	1	0	1	1	1	1	1	1	0	1	0	1	0	
0	1	1	1	1	1	0	0	1	1	0	1	0	1	0	0	1	0	0	0	
0	0	0	1	0	0	1	1	1	0	1	0	0	0	1	0	1	0	1	0	
1	0	1	0	0	0	1	1	1	1	1	0	0	1	1	1	1	0	0	0	
1	1	0	1	1	0	0	0	0	1	1	1	1	0	1	0	0	1	1	1	
0	1	1	0	1	1	1	0	1	1	1	1	0	1	1	1	1	1	1	0	
0	0	0	0	1	0	1	1	1	1	0	0	1	1	1	1	1	1	0	1	
1	1	1	0	0	1	1	1	0	0	0	1	0	0	1	1	1	0	1	0	
1	0	1	1	1	0	1	1	1	1	0	1	0	1	1	1	0	0	1	1	
1	1	0	0	1	0	0	1	0	1	0	0	0	0	1	0	0	0	1	0	
1	0	1	1	0	1	0	1	1	0	0	0	0	0	0	0	0	1	1	1	
1	1	1	0	1	1	0	1	0	1	0	1	0	1	0	0	1	1	1	1	
1	0	1	1	0	1	1	1	0	0	0	1	1	0	1	0	0	0	0	0	
1	0	0	1	0	1	0	0	1	0	1	1	1	0	1	0	1	1	0	0	
0	0	1	0	1	0	0	1	1	0	0	1	0	0	1	1	1	1	0	1	
0	1	1	1	0	1	0	1	1	0	1	1	0	0	0	1	1	0	0	0	
0	0	0	0	0	0	0	1	0	1	1	1	0	1	1	1	1	0	1	1	
0	0	1	1	1	1	0	1	0	0	0	1	1	1	1	1	1	1	1	0	
1	1	0	0	1	0	1	1	0	0	0	0	0	1	0	0	0	0	1	0	
0	1	0	0	1	0	0	0	1	1	1	0	1	0	0	1	1	0	0	0	
0	1	0	0	1	0	0	0	1	0	0	1	1	1	1	1	0	1	1	0	
0	1	1	1	1	0	1	1	0	0	0	1	0	0	0	0	0	0	0	1	
1	0	1	1	0	1	1	0	1	1	1	1	1	0	0	1	0	0	1	0	
0	0	0	1	0	0	0	1	0	0	1	1	1	1	1	0	0	1	0	1	
0	1	0	0	0	1	0	1	1	1	1	0	1	0	1	0	1	1	1	1	
0	0	0	0	0	1	1	0	0	0	1	0	1	0	1	1	1	1	1	0	
0	1	0	1	0	0	0	0	0	0	0	1	0	1	0	0	1	0	1	1	
1	0	1	0	1	0	1	1	1	0	1	1	1	1	1	0	1	1	1	0	
0	1	1	0	1	0	0	0	0	1	0	1	1	0	1	1	0	0	1	0	
0	1	1	0	0	0	1	0	0	0	1	1	0	1	0	0	0	0	1	0	
1	0	1	1	1	0	0	0	1	0	0	0	1	1	1	0	0	0	0	1	
0	1	0	1	0	1	1	0	0	1	0	0	1	0	1	0	0	1	0	0	
1	0	0	1	0	0	0	1	1	1	1	0	1	1	0	0	1	0	1	1	
1	0	1	0	0	0	0	0	1	1	0	1	0	0	1	0	1	1	1	0	
0	0	0	1	1	0	1	1	1	1	1	1	0	0	1	0	1	0	0	1	
0	1	1	0	1	1	0	0	0	0	0	0	0	1	1	1	1	0	0	1	
1	0	0	0	1	1	1	0	1	0	0	1	0	1	1	1	1	0	0	0	
1	1	0	0	1	1	1	0	1	0	0	1	0	0	1	0	0	1	1	0	
1	1	1	0	0	1	1	1	1	0	1	1	0	1	0	1	0	1	0	0	
0	1	0	0	0	0	1	1	1	1	0	1	0	0	1	1	0	0	0	0	
1	1	0	1	1	1	1	1	0	1	1	1	0	1	0	1	1	1	0	1	
0	1	0	0	1	1	1	1	0	0	1	0	0	1	1	0	1	1	0	0	
1	1	0	0	0	0	0	0	1	0	0	1	1	0	0	0	1	1	1	1	
0	0	1	0	1	1	1	0	1	1	1	1	1	0	0	0	1	1	1	1	
0	1	0	0	1	0	1	0	1	1	0	0	0	1	1	0	1	0	1	1	
1	1	1	1	0	1	0	1	0	0	1	0	0	0	1	0	1	0	0	1	
1	0	1	1	1	1	1	1	0	1	1	1	1	1	0	0	0	0	0	1	
0	1	1	0	0	1	1	1	1	1	1	0	0	1	0	0	1	0	0	1	
0	0	0	1	1	0	0	1	1	0	1	1	0	1	0	1	0	0	0	0	
0	1	1	0	0	0	1	0	0	1	0	1	0	1	1	1	1	1	1	1	
0	1	0	0	0	1	1	1	1	0	0	0	1	1	0	1	1	0	1	0	
1	0	1	1	0	1	0	1	0	1	0	1	0	1	0	0	0	1	0	0	
0	0	1	1	1	1	1	0	1	0	1	1	0	1	1	0	0	1	0	1	
0	0	0	0	0	1	1	0	0	1	1	0	0	1	0	1	0	1	0	0	
0	0	1	1	0	1	0	1	1	1	0	1	0	1	1	1	0	0	0	1	
1	1	0	0	0	1	0	1	1	0	0	0	0	0	0	0	1	0	0	0	
0	1	0	1	0	1	0	0	0	1	1	1	1	1	0	1	1	1	1	0	
1	1	1	1	1	0	0	1	1	0	1	1	0	0	0	0	1	1	0	1	
0	1	0	0	1	0	1	0	0	1	1	1	1	0	1	0	1	0	0	1	
1	0	0	0	1	0	0	1	1	1	1	0	0	1	1	0	0	1	0	0	
0	1	0	1	1	0	1	1	1	0	0	1	1	0	1	0	1	1	1	0	
1	1	1	0	0	1	1	1	1	1	0	1	1	0	0	0	0	0	1	1	
1	1	1	0	0	1	0	0	1	1	1	1	1	1	1	0	0	1	1	0	
1	1	1	1	0	1	1	0	1	0	1	1	0	1	0	0	1	0	1	1	
1	0	0	1	0	1	1	0	1	1	0	0	0	0	0	0	0	0	0	1	
1	0	0	1	0	0	0	0	0	1	0	0	1	0	0	1	1	1	0	0	
1	1	0	1	0	1	1	1	1	0	1	0	1	0	0	0	0	0	0	1	
0	0	1	0	1	1	1	1	0	0	0	1	0	1	0	0	1	0	1	0	
1	0	0	1	1	0	0	0	0	0	1	1	0	0	0	1	1	0	1	0	
0	1	0	0	0	1	1	0	0	1	0	0	0	1	0	0	1	0	1	1	
1	1	1	1	1	1	1	0	0	1	0	1	0	0	0	1	0	1	1	1	
0	0	1	1	1	0	0	0	1	0	1	1	1	1	1	1	1	0	1	1	
1	0	1	0	0	1	1	0	0	1	1	1	0	1	1	0	0	1	0	1	
1	0	0	0	0	1	1	1	1	1	1	1	0	0	0	1	1	1	1	1	
0	0	1	0	1	1	1	0	1	0	0	0	0	0	0	1	0	0	1	1	
1	0	1	0	1	0	1	0	1	1	0	1	1	0	1	1	0	1	0	0	
1	0	0	1	1	1	0	0	0	0	0	0	0	1	0	1	1	0	0	1	
0	1	0	0	0	0	0	1	0	0	1	0	0	0	0	1	0	1	1	1	
1	1	1	0	1	1	0	0	1	0	1	0	1	0	0	1	1	1	1	0	
0	1	1	1	1	0	0	1	0	1	1	1	0	1	1	1	0	1	0	0	
0	0	0	1	1	1	0	1	0	1	1	0	0	0	0	0	1	1	0	0	
1	1	0	1	1	0	1	1	1	1	1	0	1	0	0	1	0	1	0	1	
0	0	1	1	1	1	1	0	1	0	0	0	1	0	1	0	1	0	0	1	
0	1	0	1	0	1	0	0	1	1	1	0	0	1	1	0	1	0	0	0	
1	1	0	1	0	1	0	0	1	0	0	0	0	0	1	1	1	0	1	1	
1	1	1	0	1	0	0	0	0	1	1	0	0	1	0	0	1	1	1	1	
1	1	1	1	1	0	1	0	1	1	1	0	0	0	0	0	0	1	0	0	
0	0	0	0	1	1	0	1	0	1	0	1	0	0	1	0	0	1	0	1	
1	1	0	1	1	1	0	0	0	0	0	1	1	1	1	0	0	0	0	1	
0	0	0	0	0	1	1	1	0	0	0	1	0	0	0	1	0	0	1	1	
0	1	0	0	1	1	1	1	0	0	1	1	1	0	1	1	1	1	1	1	
1	1	0	0	1	1	1	1	0	1	1	1	1	1	0	1	1	0	1	0	
0	1	0	1	0	0	1	0	0	1	1	0	1	0	0	1	0	0	1	1	
1	1	0	1	1	0	1	1	1	0	1	1	1	1	1	0	0	0	0	0	
0	0	0	0	1	1	1	0	1	1	1	0	1	1	1	0	0	0	1	0	
1	1	1	1	1	1	0	0	1	0	0	1	0	0	1	1	0	0	0	0	
1	0	1	0	0	0	1	0	1	1	1	0	1	1	0	0	0	1	1	1	
1	0	1	1	1	1	1	1	0	0	1	0	0	0	1	1	0	1	0	0	
0	0	0	0	1	0	0	0	1	0	0	0	0	1	0	0	1	1	1	0	
1	1	0	0	1	0	0	0	0	0	0	1	0	0	0	1	0	0	0	1	
1	0	1	0	1	1	1	0	0	0	0	0	0	0	0	0	1	1	0	0	
0	1	1	0	0	0	1	1	0	1	1	1	1	0	0	1	1	1	0	1	
0	0	1	1	0	0	1	0	1	1	0	0	0	1	1	0	0	0	1	0	
1	1	1	0	1	0	0	1	1	1	1	1	1	1	1	1	0	0	0	1	
1	1	0	0	1	1	1	0	1	1	0	0	1	1	0	0	1	1	0	0	
0	1	1	1	0	0	0	1	0	0	0	0	0	1	1	0	0	1	0	0	
0	1	0	0	1	0	0	1	1	1	1	1	0	0	0	0	1	1	1	0	
0	0	0	0	1	0	1	0	0	1	0	1	0	1	0	1	0	1	0	1	
1	1	1	1	0	1	1	0	0	1	1	0	1	1	0	1	1	0	0	0	
1	0	1	0	1	1	0	1	1	0	1	0	1	1	0	0	0	0	0	0	
0	0	0	1	0	0	1	0	1	1	0	1	1	1	1	1	1	0	1	1	
1	0	0	0	1	1	0	0	1	0	1	1	1	1	0	0	1	1	0	1	
1	0	0	1	1	0	0	1	0	1	0	1	0	1	1	0	1	0	0	0	
1	0	0	1	1	1	1	1	1	1	0	0	1	0	1	1	1	0	1	0	
0	1	0	1	0	0	1	1	1	0	0	0	0	1	0	1	0	0	0	1	
1	0	0	0	0	1	0	1	1	0	1	1	1	0	1	1	0	0	0	1	
0	0	1	0	1	1	0	1	1	1	0	0	0	1	0	1	1	1	0	0	
1	1	0	1	0	1	1	1	0	0	1	0	1	0	0	0	1	1	1	0	
0	1	1	0	1	1	1	1	1	1	0	0	1	0	1	0	0	0	1	0	
0	0	0	1	0	1	1	0	0	1	0	1	1	0	0	0	1	1	0	1	
0	1	1	0	1	0	0	1	1	0	1	0	0	0	1	1	1	0	1	0	
1	0	1	0	1	1	0	0	1	1	1	0	0	0	1	0	1	0	1	1	
1	1	0	1	0	0	1	0	0	0	0	1	0	0	0	0	0	1	1	0	
0	1	0	1	0	1	0	1	0	1	0	1	1	0	1	1	0	0	1	1	
1	1	0	0	0	0	1	1	0	0	0	1	0	1	0	0	1	1	0	1	
0	0	1	0	1	0	1	1	0	1	1	0	0	0	0	0	0	1	1	0	
1	0	0	1	1	0	1	0	1	0	1	1	0	0	0	0	0	1	1	1	
1	1	0	0	0	0	0	0	1	1	1	1	0	1	0	1	0	0	1	0	
0	0	1	1	1	1	0	0	0	1	1	1	0	1	0	0	0	0	1	1	
0	0	0	1	0	1	1	1	1	1	1	1	1	1	1	1	1	1	0	0	
1	0	1	0	0	0	0	1	0	1	0	0	0	0	0	1	0	0	0	1	
1	0	0	1	1	0	0	0	0	1	1	0	1	1	1	1	0	0	0	0	
0	1	0	0	0	1	0	1	0	1	1	1	1	1	0	0	0	0	0	1	
0	0	1	1	0	0	0	1	1	1	1	0	1	0	1	0	0	0	0	0	
0	0	0	0	1	0	0	0	0	0	1	0	0	0	1	0	0	0	0	1	
0	0	0	1	1	1	1	0	1	1	0	1	0	0	0	1	1	0	1	0	
0	1	1	0	1	1	1	0	0	0	0	0	1	1	0	0	0	1	1	1	
1	0	1	0	0	0	0	0	0	0	0	0	0	1	1	1	0	1	1	1	
1	0	0	0	0	0	0	1	0	0	0	1	1	1	0	1	1	1	0	0	
1	1	0	1	0	0	1	0	0	0	1	0	0	1	1	1	1	1	0	0	
0	0	0	1	1	1	0	1	1	0	0	0	1	1	1	0	0	1	1	1	
1	0	0	0	0	0	1	1	0	1	0	1	1	1	1	0	0	1	1	0	
1	1	0	1	1	0	1	1	0	0	0	0	1	0	0	0	1	1	0	1	
1	1	1	0	1	0	0	1	1	1	0	0	1	0	1	0	1	0	0	1	
1	1	1	1	0	1	1	0	0	0	0	1	1	1	1	1	1	1	0	1	
1	0	0	0	0	1	0	0	0	1	0	0	1	0	0	0	0	1	1	1	
0	0	1	1	0	1	1	0	0	1	1	1	0	0	1	1	1	0	0	1	
1	1	0	0	1	0	1	0	1	0	1	0	1	1	0	1	0	0	0	0	
1	0	0	0	1	0	1	0	0	0	0	1	1	1	1	0	1	0	1	1	
0	1	1	0	0	0	0	1	1	0	0	1	0	1	1	0	0	0	1	1	
1	0	0	1	1	1	0	0	1	1	1	1	0	0	0	1	0	1	1	1	
0	0	1	0	0	0	0	1	0	0	0	0	1	0	0	0	1	0	1	1	
0	0	1	1	1	1	0	1	0	0	0	0	1	0	0	1	0	1	0	1	
1	0	0	1	0	1	1	0	1	0	0	1	1	1	0	1	0	1	1	1	
1	0	1	1	1	0	1	1	1	0	0	1	1	0	0	1	1	0	0	0	
0	1	1	1	1	1	1	1	0	1	1	1	1	0	0	0	1	1	0	0	
1	0	0	0	0	0	0	1	1	0	0	0	1	0	1	1	0	0	1	0	
1	1	1	1	1	0	0	0	1	0	1	1	1	1	0	0	1	0	0	0	
0	1	1	0	1	0	0	0	0	0	1	1	1	1	0	0	0	1	0	0	
0	0	0	0	0	0	1	1	1	0	0	0	1	0	0	0	0	1	0	0	
0	0	1	1	0	0	0	0	0	0	1	0	1	0	0	1	0	1	0	0	
0	1	1	0	0	1	1	0	1	0	0	1	1	0	1	0	1	0	0	0	
0	0	1	0	0	0	0	0	1	0	0	1	0	0	0	0	0	0	0	0	
0	0	1	1	0	1	1	0	1	0	1	0	0	1	0	1	1	1	1	0	
0	1	1	1	1	0	1	0	0	1	1	0	0	0	0	0	1	0	1	0	
0	0	0	0	1	0	1	1	0	0	1	1	1	0	0	1	0	0	1	0	
1	0	0	0	1	1	1	0	0	1	1	0	1	0	1	1	1	1	0	1	
1	1	1	1	0	0	0	1	0	0	1	1	1	1	0	1	0	0	1	1	
1	0	0	1	0	0	1	1	0	0	0	1	0	0	1	1	0	1	0	1	
0	1	0	0	1	1	1	0	1	1	1	1	0	0	0	0	0	0	0	1	
0	1	0	1	0	0	0	1	0	0	0	0	1	0	1	1	1	0	0	0	
1	1	0	1	0	1	0	1	0	1	1	0	0	0	1	1	0	1	1	0	
0	0	1	1	1	0	1	0	1	0	1	0	1	1	1	0	1	1	0	0	
1	1	0	1	0	0	0	0	1	1	0	1	0	1	1	0	0	1	0	1	
0	1	0	1	0	1	1	1	1	1	0	1	0	1	0	0	0	1	1	0	
1	1	0	0	0	1	1	1	0	1	0	0	1	1	1	1	0	1	0	1	
0	0	1	1	1	0	1	0	0	1	0	0	1	0	1	0	0	1	1	1	
0	0	0	1	0	0	1	0	0	0	1	0	1	1	0	0	1	0	0	1	
1	1	0	0	0	1	0	0	0	1	1	1	0	0	1	1	1	0	0	0	
0	1	0	1	1	1	0	0	1	0	1	0	1	0	0	0	0	0	1	0	
0	0	1	1	0	0	1	1	0	1	0	0	0	1	0	0	1	1	0	1	
1	1	1	1	0	0	0	0	1	1	1	0	0	0	1	1	0	0	1	1	
1	0	1	1	1	0	1	1	0	0	0	0	1	0	1	1	0	0	1	1	
1	1	1	0	1	0	0	1	0	0	1	1	1	0	1	0	0	1	0	0	
1	1	1	0	1	1	1	0	0	0	1	0	0	0	1	1	0	0	1	1	
1	0	1	0	1	0	0	1	0	1	1	1	1	0	1	1	1	1	1	1	
1	1	1	1	0	0	0	0	0	1	0	1	1	0	0	0	1	0	0	1	
0	1	0	0	0	0	0	0	1	0	1	1	1	1	1	1	1	1	0	1	
0	1	1	1	1	1	0	1	0	0	1	1	0	1	1	1	0	0	1	0	
0	1	1	1	1	1	1	0	0	0	1	1	1	0	1	1	0	0	0	1	
0	1	0	0	1	0	1	1	1	0	1	1	1	1	0	0	1	0	1	1	
0	1	0	1	1	0	0	0	0	1	0	0	1	1	0	1	1	1	1	1	
0	0	1	0	1	1	0	0	0	1	1	1	1	0	0	0	1	0	0	0	
0	1	1	1	1	1	0	1	1	1	1	0	0	0	0	1	1	0	1	1	
0	0	0	1	1	0	1	1	0	1	0	0	1	1	0	1	1	0	1	0	
1	1	0	1	0	0	1	0	1	0	1	1	1	0	1	1	1	0	1	1	
1	1	0	1	1	1	0	1	1	1	0	1	1	0	0	1	0	1	0	0	
0	1	0	1	1	1	1	0	1	0	0	0	0	0	0	1	1	1	0	1	
0	0	0	0	0	1	0	0	1	1	0	0	1	1	0	1	0	0	0	1	
1	1	0	0	1	0	1	1	0	1	0	0	0	0	0	1	1	0	0	1	
1	0	0	0	0	0	1	1	0	1	1	1	0	0	0	0	1	0	0	0	
1	1	1	1	1	1	1	1	1	1	0	1	0	0	1	0	1	1	0	1	
0	1	1	0	0	1	0	0	0	1	0	0	0	0	0	0	0	1	1	0	
1	1	1	1	1	1	0	0	0	1	0	0	1	0	1	0	1	1	1	0	
0	0	1	0	1	0	0	1	1	1	1	1	1	1	0	1	0	1	1	1	
0	1	1	1	1	1	0	0	0	0	1	1	0	0	1	0	1	1	1	1	
0	0	1	0	0	1	0	1	0	0	1	1	0	0	0	0	0	1	1	0	
1	0	0	0	1	1	0	1	0	0	0	1	1	0	0	0	1	0	1	0	
0	0	0	1	1	1	1	0	0	0	0	1	1	1	0	0	0	0	0	0	
0	1	0	1	1	0	1	0	1	1	1	0	0	1	1	1	0	1	1	0	
1	1	1	0	1	0	1	0	0	1	0	1	0	1	1	0	0	0	0	1	
0	1	0	1	0	0	1	1	0	1	1	0	0	1	1	0	0	1	1	1	
0	1	1	1	0	0	1	0	1	1	0	1	1	1	0	1	0	0	0	1	
0	0	1	0	0	1	0	1	0	1	1	0	1	1	0	1	1	0	1	0	
1	1	0	0	1	1	0	1	1	0	1	0	0	1	0	1	0	0	1	1	
1	0	0	0	1	1	0	1	0	1	0	0	0	1	0	1	0	1	1	0	
0	1	1	1	0	1	0	1	1	0	0	1	1	1	0	0	1	1	0	1	
1	1	0	1	0	1	0	0	0	0	1	0	0	1	0	0	0	1	0	1	
0	0	0	1	0	0	0	0	1	1	0	0	0	0	1	1	0	1	1	0	
0	1	0	1	1	1	0	1	1	0	1	0	1	1	1	1	1	0	0	1	
1	0	1	0	0	1	0	0	0	1	0	1	1	1	1	1	0	0	1	0	
1	0	0	0	0	1	1	1	1	0	0	0	0	1	1	0	1	1	1	1	
0	0	1	0	0	0	0	0	0	1	0	0	1	1	1	0	1	1	0	0	
1	1	1	0	0	0	1	1	1	1	0	0	0	0	0	1	1	1	1	0	
1	0	1	1	1	0	1	0	0	0	1	0	1	0	1	0	0	0	1	0	
1	0	0	1	1	1	1	0	0	1	1	0	0	1	1	0	1	1	1	1	
1	1	1	1	1	0	1	1	1	0	0	0	1	1	0	0	0	1	1	0	
0	0	1	0	0	1	1	1	1	1	0	1	1	1	1	0	1	0	0	1	
0	0	1	0	0	0	1	1	0	0	1	0	1	1	1	1	0	0	0	1	
0	1	0	1	0	1	1	0	0	0	0	1	0	1	1	1	0	0	1	0	
1	1	0	0	0	0	1	0	1	1	1	1	1	0	1	1	0	1	0	0	
0	0	0	0	1	1	0	0	0	1	0	1	1	0	1	1	1	0	1	1	
0	0	1	1	1	1	0	1	0	0	0	0	0	0	1	0	1	0	1	0	
0	1	0	0	0	0	0	1	1	1	1	0	1	1	0	0	0	1	0	0	
1	1	1	1	0	0	0	1	1	1	0	0	1	1	1	1	1	1	0	0	
1	0	1	1	1	0	0	0	1	0	0	0	0	1	0	1	0	1	0	0	
0	1	1	0	0	0	0	0	1	0	1	0	1	0	1	0	0	1	0	1	
1	1	1	0	0	0	1	0	1	0	1	0	0	0	1	0	1	1	0	1	
1	0	1	1	1	1	0	1	0	1	1	0	1	1	1	1	1	1	1	1	
1	0	1	1	0	0	1	1	0	1	1	1	0	0	0	1	1	1	1	0	
0	0	1	0	0	1	1	0	1	0	0	0	0	1	1	1	0	1	0	0	
1	1	1	0	1	1	0	1	0	0	1	0	1	1	1	0	0	1	1	1	
0	1	0	1	1	0	1	0	0	1	0	1	0	0	1	1	1	1	0	0	
1	1	1	1	0	1	0	0	1	1	1	0	1	1	1	1	0	1	0	1	
1	1	0	0	1	0	1	0	1	0	0	0	1	1	1	1	0	1	1	1	
1	1	0	1	0	0	1	0	1	1	0	0	1	0	1	0	1	0	1	0	
0	0	1	1	0	1	1	1	1	0	1	1	0	0	1	1	0	1	1	1	
1	1	1	0	0	1	0	0	1	0	0	0	1	1	0	1	1	0	1	1	
1	0	1	0	1	1	1	1	1	1	1	1	0	0	1	0	0	0	1	0	
1	0	0	0	1	0	1	1	1	0	1	0	0	1	0	0	1	0	0	1	
1	0	1	0	1	0	1	0	1	1	0	0	1	0	0	1	1	0	1	1	
0	1	0	0	0	1	0	1	1	1	0	1	0	1	1	1	1	1	1	1	
1	0	1	0	0	1	0	1	0	0	1	0	1	0	0	1	1	1	0	1	
1	0	1	1	0	1	0	1	1	1	0	0	1	0	0	0	1	0	1	0	
0	1	0	0	0	1	1	0	1	1	1	0	0	1	1	1	0	0	1	1	
1	1	1	0	0	0	1	0	0	0	0	0	1	0	0	1	0	0	0	0	
1	1	0	1	1	1	0	1	1	1	1	1	1	1	1	0	1	0	1	1	
1	0	0	0	0	1	0	0	0	0	0	0	0	1	1	0	0	0	0	0	
1	0	1	0	1	0	0	1	0	1	1	0	1	0	0	0	0	0	0	1	
1	0	0	1	0	1	1	1	0	0	1	0	0	1	0	1	0	0	1	0	
0	0	0	1	0	0	0	0	1	1	1	0	0	0	0	1	1	1	0	1	
0	0	1	0	1	0	1	0	0	0	1	1	0	1	1	1	1	0	0	0	
1	1	0	0	0	0	0	0	0	0	1	0	1	1	1	0	1	0	1	0	
1	0	1	1	1	0	0	0	1	1	0	1	1	1	0	0	0	1	1	0	
0	1	1	1	0	0	1	1	1	1	0	0	1	0	1	1	1	1	1	1	
1	0	1	0	0	0	0	0	0	0	1	1	0	1	0	1	1	0	0	1	
0	0	0	0	1	0	0	0	0	1	1	1	0	1	1	0	0	1	1	0	
0	1	1	1	0	0	0	1	1	0	0	1	1	0	0	1	0	1	1	0	
1	0	0	0	0	0	1	0	1	1	0	1	1	1	0	0	1	0	0	0	
0	1	0	1	1	1	1	1	0	1	0	0	0	1	1	0	0	0	0	0	
0	0	0	0	1	1	0	1	1	0	1	0	1	0	1	1	0	1	0	0	
0	0	1	0	0	0	1	0	0	0	0	1	1	0	1	0	0	1	1	1	
0	1	1	0	1	0	0	1	0	1	0	0	1	1	0	1	0	0	0	0	
1	0	1	1	0	0	0	1	1	0	1	1	0	1	1	0	1	1	1	0	
0	0	1	1	0	0	1	0	0	0	0	1	0	1	0	0	1	1	1	0	
0	1	1	0	1	1	1	1	1	0	0	1	1	1	0	1	0	1	0	1	
0	1	1	1	1	0	1	1	0	0	1	0	0	1	0	1	1	1	1	1	
0	1	1	0	1	1	0	0	1	1	0	0	0	0	1	1	0	1	0	1	
1	1	0	1	0	0	1	1	0	0	1	1	0	0	1	0	0	0	0	1	
0	0	0	1	0	0	0	0	1	0	0	0	0	1	0	1	1	0	0	0	
0	1	0	0	0	1	0	0	0	0	0	1	0	0	0	1	1	1	0	0	
0	0	1	0	0	0	1	0	1	0	1	0	1	0	0	1	1	0	1	1	
0	1	1	1	0	1	1	1	1	0	1	0	1	1	1	1	0	1	1	0	
0	0	0	1	0	1	0	0	0	0	1	0	1	0	1	0	0	0	1	1	
1	0	1	1	1	1	1	0	1	1	1	0	0	1	0	1	0	0	0	1	
1	0	1	1	0	1	1	1	0	1	0	0	1	1	1	0	1	0	1	1	
0	0	1	0	0	1	1	1	0	1	0	0	0	0	1	1	1	1	0	0	
1	0	0	0	1	1	1	0	0	0	1	1	1	1	0	1	0	1	1	0	
1	0	0	1	1	0	0	1	0	0	0	0	0	0	1	1	1	1	1	1	
0	0	0	0	0	1	0	0	1	0	1	1	0	0	0	0	1	0	1	1	
1	1	1	1	0	1	0	1	0	1	0	0	0	0	0	0	0	0	0	0	
0	0	1	1	0	1	0	0	1	0	1	1	0	0	0	0	0	1	0	1	
0	0	0	0	1	1	1	1	0	0	1	0	1	0	0	1	1	0	0	1	
1	1	0	0	1	1	0	1	0	0	0	1	1	1	0	1	1	0	0	1	
1	0	0	1	1	1	1	0	1	0	0	1	0	0	0	1	0	0	1	0	

invalid rows (last execution): 
3	11	13	16	18	20	21	24	27	28	34	35	39	43	44	45	47	49	51	52	63	67	76	80	81	84	88	92	101	103	106	107	110	124	126	127	128	131	136	139	145	149	152	157	158	160	161	166	167	168	170	180	182	187	188	189	190	191	192	195	198	199	207	208	209	211	212	215	216	229	230	231	235	238	242	243	245	248	252	254	256	258	259	261	264	270	273	275	277	283	287	292	296	297	
