forbidden tuples: 
(P_12.1, P_4.1, P_16.0, P_20.0, P_6.1, P_2.0, P_17.0, P_1.1, P_11.0)
(P_6.1, P_9.0, P_11.0, P_12.0, P_16.1, P_4.1, P_7.0, P_20.0, P_5.0, P_19.1, P_1.0, P_13.1, P_18.0)
(P_11.0, P_9.0, P_13.1, P_1.1, P_17.0, P_16.0, P_7.0, P_20.1, P_6.1, P_10.1, P_8.1, P_12.1, P_15.0, P_2.0, P_19.1, P_4.1, P_3.1, P_18.1, P_14.1, P_5.1)
(P_19.1, P_9.0, P_8.0, P_18.0, P_1.0, P_3.1, P_16.1, P_10.0, P_13.0, P_6.1, P_14.1)
(P_5.0, P_8.1, P_11.0, P_10.0, P_7.0, P_1.0, P_9.0, P_15.0)
(P_16.0, P_15.1, P_3.1, P_6.0, P_4.0, P_18.0, P_8.1, P_12.0, P_7.0, P_9.1, P_17.0, P_1.1)
(P_1.1, P_9.1, P_20.0, P_13.0, P_5.0, P_12.1, P_18.1, P_11.1, P_15.0, P_14.0, P_4.1)
(P_7.0, P_8.0, P_17.1, P_10.0, P_1.1, P_6.0)
(P_18.1, P_10.0, P_9.0)
(P_9.0, P_7.1, P_8.1)

 ----------Identity covering array: 
1	0	0	0	1	1	0	1	1	1	1	0	0	1	1	1	1	0	1	1	
1	0	1	1	1	0	1	1	1	0	1	0	1	1	1	1	1	0	0	1	
0	0	0	0	0	1	1	0	1	1	0	0	0	0	0	1	0	1	0	0	
0	0	1	0	0	0	0	0	1	1	0	1	1	0	1	1	0	0	1	1	
0	0	1	1	1	1	0	1	0	0	1	0	0	1	0	1	0	0	0	1	
0	1	1	1	1	1	1	1	1	1	0	1	1	0	0	1	0	1	0	0	
0	0	0	1	1	1	0	1	1	1	0	0	0	0	1	1	1	0	0	1	
0	1	1	0	1	0	1	0	0	0	0	0	1	0	1	1	0	1	0	0	
0	1	0	0	1	1	1	1	0	1	1	0	1	1	1	0	0	1	0	0	
1	0	1	1	0	0	1	0	1	1	0	1	0	1	0	1	0	1	1	1	
1	1	1	1	1	1	1	1	1	1	1	0	0	0	1	0	1	1	0	1	
1	1	0	0	1	0	1	1	0	1	1	1	1	0	1	0	0	0	1	1	
0	1	1	1	1	1	1	0	1	0	1	0	1	1	0	0	1	0	0	0	
0	1	1	0	0	1	1	1	1	1	1	0	1	1	1	1	0	0	1	1	
0	0	1	1	0	0	1	0	0	1	0	0	1	1	0	0	0	0	0	1	
1	0	1	0	0	1	0	0	0	0	0	0	1	1	1	1	1	0	1	0	
1	0	1	1	1	1	0	1	1	1	0	0	1	1	0	0	1	0	1	1	
0	1	0	0	0	1	1	0	1	0	0	1	1	1	0	1	1	0	0	0	
1	0	0	0	1	0	1	0	1	0	0	1	0	1	1	1	1	1	0	0	
1	0	0	0	1	1	1	0	1	0	1	0	1	0	1	0	0	0	1	1	
0	0	0	1	1	1	0	0	1	0	1	0	1	0	1	1	1	1	0	0	
0	0	1	0	1	0	1	1	1	1	1	0	1	0	0	0	0	1	1	0	
1	0	1	0	1	1	1	1	1	0	1	1	1	0	0	1	1	0	0	1	
0	1	1	1	0	0	0	1	0	0	0	0	1	1	0	0	0	0	0	1	
0	0	0	1	1	0	0	0	0	1	1	1	0	0	1	0	0	1	0	1	
1	0	1	1	0	0	1	1	1	0	1	1	0	0	1	0	0	0	0	1	
0	1	0	1	0	1	0	0	1	0	0	0	1	0	0	1	0	0	1	1	
0	1	1	0	0	1	0	0	1	1	1	1	0	1	1	1	1	1	0	0	
1	0	0	0	0	0	1	1	1	0	0	1	1	0	0	1	0	1	1	0	
1	0	1	1	1	0	1	0	0	1	0	1	1	0	1	0	1	1	1	0	
1	1	1	0	1	0	1	0	0	0	1	1	0	0	0	0	1	1	0	0	
0	0	1	1	1	0	0	1	1	0	0	0	0	0	0	1	0	0	1	0	
1	1	1	0	1	1	1	1	1	0	0	1	1	1	1	0	0	1	0	1	
0	0	1	1	0	1	1	0	1	1	1	1	0	0	0	0	0	0	0	1	
0	1	1	1	0	1	0	1	1	0	0	0	0	0	0	0	0	1	0	0	
0	0	0	0	0	1	1	1	0	0	0	1	0	1	1	1	0	0	1	1	
1	1	0	1	0	0	1	0	0	1	0	1	0	0	0	1	1	0	0	0	
0	0	1	0	1	0	0	1	0	1	0	1	1	1	1	1	0	1	1	0	
1	0	1	0	1	1	1	0	1	1	0	0	0	1	1	0	0	0	0	0	
0	1	0	0	1	0	1	0	1	1	0	0	1	0	1	1	0	1	1	1	
0	0	0	1	1	1	1	1	0	0	1	0	0	0	0	0	1	0	1	1	
0	1	0	0	1	0	1	1	1	0	1	0	0	1	1	0	1	0	0	1	
1	1	1	1	0	0	1	0	1	0	0	0	0	1	1	0	1	0	0	1	
1	1	0	1	0	1	0	1	1	0	1	0	1	1	1	0	1	1	0	0	
0	1	0	1	0	0	1	0	1	1	1	0	1	0	1	0	0	0	0	0	
1	1	0	1	1	0	0	1	1	1	1	0	1	1	0	1	1	1	1	1	
1	1	0	1	1	0	1	1	0	0	0	0	1	0	0	0	1	1	0	1	
1	0	1	1	1	0	0	0	1	0	0	1	0	1	1	0	0	0	1	0	
1	1	1	0	1	1	0	0	1	1	0	1	0	0	1	0	1	1	1	1	
0	1	1	1	1	0	1	1	0	1	0	0	0	0	1	0	0	0	1	1	
0	0	0	1	1	1	1	0	0	0	0	0	1	1	0	1	1	1	1	0	
0	1	0	0	0	1	0	1	1	1	0	1	1	1	0	1	1	1	1	1	
0	1	0	1	1	1	0	1	0	1	0	0	1	0	1	0	1	1	1	0	
0	0	0	0	0	0	0	1	1	0	1	0	1	0	1	1	0	1	0	1	
1	1	1	1	1	1	1	1	1	1	1	0	0	0	0	0	0	0	1	0	
0	1	1	1	1	0	0	1	0	0	1	1	1	0	1	0	1	0	0	0	
1	0	0	0	0	1	0	1	1	1	0	0	1	1	0	1	1	0	0	0	
1	1	0	0	0	1	1	1	1	0	0	0	0	0	1	1	1	1	1	1	
1	1	0	0	0	0	0	1	0	1	1	0	0	0	0	0	1	1	0	0	
0	0	0	0	0	1	1	1	1	1	1	0	1	0	1	1	1	0	1	0	
0	0	0	1	1	0	0	0	0	0	0	0	1	1	1	0	1	0	0	0	
1	0	1	1	1	0	0	1	1	1	1	1	0	0	0	1	1	1	0	0	
1	0	0	1	1	1	0	0	1	0	0	0	1	1	1	1	0	1	1	1	
0	1	0	1	1	0	1	0	1	1	0	1	0	0	0	0	0	1	1	1	
1	0	0	0	0	0	1	1	0	1	0	0	1	1	1	0	0	1	0	1	
1	1	1	1	1	0	1	0	1	0	0	1	1	0	1	1	0	0	0	1	
0	1	1	1	0	1	0	0	1	1	0	1	1	1	1	0	1	0	1	0	
1	0	1	1	0	1	1	1	1	1	0	1	0	1	1	0	1	1	0	0	
0	1	1	1	1	1	0	1	1	0	0	0	0	1	1	1	1	1	1	0	
0	1	0	0	0	0	0	0	0	1	0	0	0	1	1	1	1	0	1	0	
1	0	0	0	1	0	0	0	0	1	1	1	0	1	0	1	0	0	0	0	
0	1	0	1	0	0	0	0	0	0	0	1	1	1	1	1	1	1	1	0	
0	1	1	0	1	1	0	1	1	0	0	0	1	0	0	0	1	0	0	1	
0	0	1	0	1	0	0	0	1	0	1	0	0	1	0	1	0	1	0	1	
0	1	1	1	1	0	0	1	0	1	0	0	0	0	0	0	1	0	1	0	
1	1	1	1	0	1	0	0	1	1	1	0	0	1	0	1	1	0	1	1	
0	0	1	0	1	1	1	1	1	0	1	1	0	0	1	1	0	1	1	1	
1	1	0	0	0	1	1	1	1	1	0	0	0	1	0	0	1	1	1	0	
1	1	1	0	1	0	0	0	1	1	1	0	1	1	1	0	1	1	1	0	
0	1	1	0	0	1	0	0	0	0	1	0	0	0	1	0	1	0	1	1	
1	1	0	0	0	1	1	0	1	1	1	1	0	1	1	0	0	0	0	1	
0	0	0	0	1	0	0	1	0	0	1	0	0	1	0	1	1	0	1	1	
1	0	1	1	0	0	0	0	0	0	1	0	1	0	0	0	0	1	1	0	
1	0	1	1	1	1	0	0	0	0	1	1	0	1	1	0	1	1	0	1	
1	0	0	1	0	1	1	1	1	1	1	0	1	0	0	1	0	1	0	1	
1	0	0	0	1	0	0	0	0	1	0	0	1	0	0	1	1	1	0	1	
1	1	0	1	0	0	0	0	0	1	1	1	1	1	1	1	0	1	1	1	
0	1	0	0	1	1	1	0	0	0	0	1	0	0	1	1	1	0	1	1	
0	0	0	1	1	0	1	1	0	1	0	0	0	0	1	1	1	1	0	0	
0	0	1	1	1	0	1	0	0	0	1	0	0	1	1	1	1	0	1	0	
1	0	1	1	1	1	0	1	0	1	0	0	0	1	0	0	0	1	1	1	
1	1	0	1	0	1	0	0	0	1	0	0	0	1	1	1	0	1	0	1	
1	0	0	0	0	0	1	0	1	1	0	0	1	0	0	0	1	0	1	1	
0	0	0	1	0	0	1	1	1	0	0	1	0	1	0	1	1	0	1	1	
0	1	1	0	0	0	0	0	1	0	1	0	1	0	0	0	1	0	1	0	
1	1	1	1	1	0	1	0	1	0	1	1	1	0	0	0	1	1	1	1	
0	1	1	1	1	0	0	1	1	1	1	1	1	1	0	0	1	1	0	1	
0	1	1	1	0	0	0	0	0	1	1	1	0	0	0	1	0	1	1	0	
0	1	0	1	0	0	1	1	1	0	0	1	1	1	1	1	0	1	0	1	
0	1	1	0	0	0	1	1	0	1	0	1	0	0	1	0	1	1	0	1	
0	0	0	1	0	1	1	0	1	0	1	0	0	1	1	1	1	0	0	1	
1	1	1	0	0	1	0	1	0	1	0	1	0	1	1	0	0	1	1	0	
1	1	0	0	0	1	1	0	0	0	1	0	1	1	0	1	1	1	0	1	
1	0	1	0	1	0	0	1	0	0	0	0	0	0	1	0	0	0	0	1	
0	0	0	1	0	0	0	0	1	0	1	0	0	1	0	0	0	0	1	1	
1	1	0	0	1	1	0	0	0	0	0	0	0	1	0	0	1	0	0	1	
1	1	0	1	1	1	0	0	1	1	1	1	1	0	0	0	0	1	1	0	
0	1	1	0	0	1	1	1	0	1	0	0	0	0	1	1	0	0	0	0	
0	0	0	1	0	1	1	1	1	1	1	1	1	1	1	0	0	1	1	1	
1	1	0	1	1	0	0	1	0	1	0	1	0	1	1	0	1	0	0	1	
1	0	0	1	0	1	1	1	0	0	0	0	1	0	0	1	0	0	0	0	
1	0	1	1	1	0	0	0	1	1	0	0	1	0	1	0	0	1	0	1	
1	1	0	0	0	0	0	1	1	1	1	0	0	0	0	0	0	0	1	1	
0	1	0	1	1	1	0	1	0	1	1	1	0	1	0	1	1	1	0	0	
0	0	0	0	0	1	0	1	0	0	0	1	1	1	1	0	1	1	0	1	
0	1	1	0	1	0	1	1	1	1	1	1	0	0	1	1	0	0	1	0	
1	0	0	0	1	0	0	1	1	0	0	1	0	1	1	0	1	1	1	1	
0	0	0	0	1	0	1	1	1	1	0	0	1	1	0	1	0	0	0	1	
0	1	1	0	1	0	1	0	0	1	1	1	1	1	1	1	1	0	0	1	
0	1	0	1	0	0	0	1	0	0	1	0	1	0	1	1	0	0	1	0	
0	0	0	0	0	0	1	0	1	0	1	1	1	1	1	0	1	1	1	0	
1	0	0	0	1	1	0	1	0	1	1	0	1	0	1	0	1	0	0	1	
1	1	1	1	1	0	0	0	0	0	0	1	1	1	0	1	1	1	0	0	
0	1	1	1	0	1	1	0	0	1	0	1	1	0	1	0	1	0	0	1	
1	1	0	0	1	0	0	0	1	1	0	1	0	0	0	1	1	0	1	0	
0	0	1	1	1	1	1	0	0	0	1	0	1	0	1	0	0	1	0	1	
0	0	1	0	1	1	1	0	0	1	0	0	0	1	1	0	1	1	1	1	
1	1	1	1	0	0	0	0	1	0	0	0	0	1	0	1	0	0	0	0	
0	0	1	1	0	0	1	0	1	1	1	1	1	0	0	1	1	0	1	0	
1	1	0	1	1	0	0	1	1	0	0	0	1	1	0	0	0	0	1	0	
1	1	1	0	0	1	0	0	0	1	0	0	1	0	0	0	0	1	0	1	
1	1	1	0	0	0	0	0	1	0	0	0	0	1	1	1	0	1	1	1	
0	0	1	1	0	0	0	1	1	1	1	0	0	1	1	0	0	1	0	0	
0	0	1	0	0	1	0	1	1	1	0	0	0	0	0	1	1	1	1	1	
1	1	0	0	1	0	1	1	1	1	1	1	1	0	1	1	1	1	0	0	
0	0	0	0	0	1	0	0	0	1	1	0	1	1	0	0	0	0	1	0	
0	0	0	0	0	0	1	1	0	1	1	1	0	1	0	1	0	1	0	1	
0	0	0	1	0	0	0	1	1	1	0	1	1	0	0	0	1	1	1	0	
0	0	0	0	0	1	1	0	0	1	0	1	1	0	1	1	0	1	0	0	
0	0	0	0	0	0	1	0	0	0	0	0	0	0	0	0	0	1	1	1	
0	1	1	0	1	0	0	0	1	1	1	0	0	0	1	1	1	0	0	1	
1	1	1	1	0	1	0	1	0	0	0	1	0	0	0	0	1	0	1	1	
1	0	1	0	0	1	1	1	0	0	1	0	0	1	0	0	0	0	1	0	
1	0	0	0	1	0	0	1	1	0	1	1	1	1	0	0	0	0	0	0	
1	1	0	1	1	0	1	1	0	0	1	0	0	1	0	1	0	1	0	0	
1	0	1	0	0	0	1	1	0	0	0	1	1	0	1	1	1	0	1	1	
1	1	1	0	0	0	1	1	1	1	0	1	1	1	0	0	0	0	0	0	
1	1	0	1	1	0	0	0	0	0	0	1	1	1	0	1	0	0	1	1	
0	0	0	1	1	1	1	0	0	1	0	1	1	1	1	0	0	0	1	1	
1	1	0	1	1	1	1	1	1	0	1	1	0	1	0	1	1	0	1	0	
1	0	1	0	0	0	0	0	0	1	0	1	0	1	0	0	1	0	1	0	
0	1	0	0	1	1	1	0	1	1	1	0	0	0	0	1	1	1	1	0	
0	1	0	1	0	0	0	1	0	0	1	1	0	1	1	0	0	1	0	1	
0	1	1	0	1	0	1	1	1	0	0	1	0	1	0	0	0	0	1	1	
0	0	1	1	0	1	1	1	1	0	0	0	1	0	1	0	0	0	1	0	
1	0	1	0	0	0	0	0	1	1	1	0	0	1	1	1	1	1	1	1	
0	0	1	0	1	1	0	0	0	0	0	1	1	0	0	0	0	0	1	0	
1	0	0	0	0	1	0	0	0	0	1	1	1	0	0	1	1	0	1	1	
1	1	1	0	0	0	0	1	1	0	1	1	0	1	1	1	1	0	1	0	
0	1	0	0	1	1	0	0	1	0	1	1	1	1	1	1	0	0	0	1	
1	1	0	1	1	1	0	0	1	1	0	1	1	0	0	1	1	1	0	1	
0	0	1	0	0	0	1	0	0	0	1	1	1	1	1	0	0	0	0	0	
0	0	0	1	1	1	0	1	1	0	0	1	0	1	1	1	0	1	0	1	
1	0	0	1	0	1	0	1	1	0	0	1	0	0	0	0	0	1	0	1	
1	1	0	0	0	0	0	0	0	0	0	1	1	0	1	0	0	0	0	0	
1	0	0	0	0	1	0	0	0	0	1	1	0	0	0	1	0	1	0	0	
0	1	0	1	1	1	1	0	1	0	0	1	0	0	1	0	1	0	0	0	
0	0	0	0	0	1	0	0	1	0	0	0	0	0	1	0	0	0	0	0	
1	1	1	0	1	1	0	1	0	0	1	0	0	0	1	1	1	1	0	0	
0	1	1	1	1	1	0	0	0	1	0	0	0	0	0	1	0	1	0	1	
0	1	1	0	0	0	0	0	1	0	1	1	1	0	0	0	0	1	0	1	
1	1	0	0	1	0	1	0	0	1	1	1	0	1	0	0	1	1	1	1	
0	0	1	1	0	1	0	1	1	0	1	1	1	1	0	1	0	1	1	0	
1	1	0	0	0	0	1	0	1	0	1	0	1	1	0	1	0	0	1	0	
0	1	0	1	0	0	0	0	1	1	0	0	0	0	1	0	1	1	1	1	
0	0	0	1	1	0	1	0	0	0	1	1	1	0	0	1	0	0	0	0	
1	0	1	1	0	0	1	0	0	1	1	0	1	1	0	1	1	1	0	0	
1	1	0	0	1	1	1	1	0	0	0	1	0	0	1	1	0	1	0	1	
1	0	0	1	0	0	1	1	1	1	0	0	0	1	1	1	0	0	1	0	
1	1	1	1	0	0	0	1	1	1	0	0	1	0	1	1	1	0	0	0	
1	1	0	1	0	0	1	1	0	1	1	1	1	1	0	0	1	0	1	0	
1	1	1	0	0	1	1	0	0	1	0	1	0	0	0	1	0	0	1	1	
0	1	0	0	1	0	0	1	0	0	0	1	0	0	0	1	0	1	1	0	
0	0	0	1	1	0	1	0	1	1	1	0	0	1	0	0	1	1	0	0	
0	0	1	1	0	0	0	0	0	0	0	1	0	0	1	1	1	1	0	1	
1	1	0	0	1	1	0	1	0	1	0	0	1	0	0	1	0	0	1	0	
0	0	1	1	0	1	1	0	0	1	1	0	0	1	1	1	0	1	1	0	
0	1	1	0	0	1	1	0	0	0	1	1	1	1	0	1	0	0	1	1	
1	0	0	1	0	1	1	0	1	0	0	1	1	1	0	0	0	1	0	1	
0	1	1	1	0	1	1	0	0	0	1	0	0	1	0	0	1	1	1	1	
1	0	1	0	1	1	1	0	1	1	1	1	1	1	0	0	0	1	1	1	
0	0	0	1	1	1	0	0	1	1	0	1	0	1	0	1	0	0	1	0	
1	0	0	1	1	0	1	1	1	0	1	1	0	0	1	0	0	1	1	0	
0	0	1	1	0	1	1	1	1	0	1	0	1	0	0	1	1	1	0	1	
0	1	0	1	0	1	1	0	1	0	1	1	0	0	0	1	1	1	1	1	
0	1	1	1	1	0	0	1	1	0	0	1	1	0	1	0	0	1	1	1	
1	0	1	1	1	0	0	1	0	1	1	1	0	0	0	1	0	0	1	1	
0	0	0	0	1	1	0	0	1	1	0	1	0	0	0	0	1	1	0	1	
0	0	1	1	1	1	0	0	0	1	1	0	1	0	1	1	1	1	1	1	
0	1	1	0	1	0	0	1	0	1	1	1	1	0	0	1	0	0	0	1	
0	1	1	1	1	0	1	0	1	0	1	1	0	1	1	1	0	1	1	0	
1	0	0	1	0	0	0	0	1	1	1	1	1	1	1	1	1	0	0	1	
1	1	0	1	1	0	0	0	0	0	1	0	0	0	1	1	1	0	1	1	
0	0	0	0	0	0	0	1	0	1	1	1	0	0	1	0	1	0	1	0	
0	1	0	1	1	0	0	0	0	1	1	0	1	1	0	0	0	0	1	1	
0	1	0	0	1	0	0	0	1	1	0	0	1	1	0	0	0	1	0	0	
1	1	0	1	1	1	1	0	1	1	0	0	1	1	1	1	1	0	1	1	
1	0	1	1	0	1	0	0	0	1	0	0	0	0	0	0	1	0	0	0	
1	0	1	1	1	1	1	0	0	1	0	1	0	1	0	1	1	0	0	1	
1	0	1	0	0	1	0	1	1	1	1	1	1	0	1	0	0	1	1	1	
1	0	1	1	1	1	1	0	1	0	0	0	0	0	0	1	1	1	1	1	
1	0	1	0	0	1	0	0	1	0	0	0	1	0	0	0	1	1	0	0	
0	0	1	0	1	0	0	0	1	0	0	1	1	1	0	0	1	0	0	1	
0	1	0	0	0	0	0	1	1	0	0	1	0	0	0	1	1	0	0	1	
1	1	1	1	0	0	1	1	0	1	1	0	0	0	1	1	0	1	0	1	
0	1	0	1	0	1	1	1	1	1	0	0	0	1	0	0	0	0	1	1	
1	1	1	1	0	0	1	1	0	1	0	0	1	0	0	1	0	1	1	0	
0	1	0	1	0	1	0	1	1	1	1	1	0	0	1	1	0	0	1	0	
0	0	1	0	1	1	0	1	0	1	1	1	1	0	0	0	1	1	0	0	
0	0	1	1	0	0	0	1	0	0	1	0	1	1	1	0	1	1	1	1	
1	0	1	0	0	0	0	1	0	1	1	0	1	1	0	0	1	0	0	1	
1	0	0	1	1	1	0	1	1	0	0	1	1	0	1	1	1	0	1	0	
1	0	0	1	0	0	0	1	0	0	0	0	0	1	0	1	1	1	1	0	
1	0	1	0	0	0	1	0	0	1	1	0	0	0	1	1	0	0	0	0	
0	0	0	1	1	0	1	1	0	0	1	1	1	0	1	1	1	1	1	1	
0	0	1	0	0	1	1	1	1	1	1	1	0	1	0	0	1	0	0	0	
1	1	1	0	1	0	1	1	0	0	0	0	1	1	1	0	1	0	1	0	
1	0	0	0	1	1	1	1	0	1	0	1	0	0	0	0	0	0	0	0	
1	1	1	1	1	1	0	0	0	1	1	0	1	1	1	0	0	0	0	0	
0	1	1	0	0	1	1	0	0	0	0	1	0	1	0	1	0	1	0	1	
1	1	1	0	1	0	1	1	0	1	0	0	0	1	0	1	1	1	1	1	
1	1	1	1	0	1	0	1	0	0	0	1	1	1	1	1	0	0	0	1	
0	1	0	0	1	1	1	1	1	1	0	1	1	0	1	0	1	0	1	0	
0	1	0	0	0	1	1	1	0	0	1	1	1	0	0	0	0	1	1	0	
0	1	1	1	0	0	1	1	1	0	1	0	0	0	0	1	1	0	0	0	
1	1	0	1	0	0	1	0	1	1	1	1	0	1	1	0	0	1	0	0	
0	0	1	0	1	0	1	0	1	1	1	1	0	0	0	0	1	0	1	1	
0	0	1	0	1	1	1	0	0	0	0	0	1	0	0	1	1	0	0	1	
1	0	0	1	0	0	0	1	0	1	0	1	1	0	1	0	0	1	0	0	
1	0	0	1	1	1	1	1	0	1	1	1	1	1	1	1	0	0	0	0	
1	0	0	0	0	1	0	1	0	0	1	0	0	1	1	1	0	0	0	1	
1	0	0	1	0	1	1	0	0	0	0	1	0	0	1	0	0	1	1	0	
1	1	0	1	1	1	1	0	0	0	0	0	0	1	1	0	0	1	1	0	
1	0	1	0	1	1	1	1	0	1	1	1	1	1	0	1	1	1	1	1	
1	1	1	0	1	1	0	0	1	1	1	0	1	1	0	1	0	1	0	0	
1	1	0	0	0	1	1	1	0	0	1	0	0	0	1	0	1	0	0	0	
1	0	1	1	0	1	1	1	0	0	0	1	1	1	0	0	1	1	1	1	
1	1	0	1	1	0	1	0	1	1	1	0	0	0	0	1	0	0	0	1	
1	0	0	1	0	1	1	1	0	1	1	1	0	1	1	1	1	1	1	0	
1	1	1	1	0	0	1	1	0	0	1	1	0	1	1	0	0	0	1	1	
0	1	1	1	1	0	1	0	0	1	0	1	0	1	1	1	0	0	0	0	
1	1	1	0	0	1	1	0	1	0	1	0	1	0	1	1	1	1	1	0	
0	0	1	1	1	1	0	1	0	0	1	1	0	1	1	0	1	0	1	0	
0	1	1	0	0	1	1	0	1	1	0	0	1	1	1	0	1	1	0	1	
0	1	0	0	1	0	0	1	0	0	0	0	1	1	1	0	0	1	1	1	
0	1	1	0	1	1	0	0	0	1	1	1	0	1	1	0	0	0	1	1	
1	0	1	1	1	0	1	1	1	1	1	0	1	0	1	0	1	0	1	0	
1	0	0	0	1	1	0	0	0	0	1	1	1	1	0	0	1	1	1	0	
0	0	1	0	1	1	0	0	0	1	0	1	1	1	1	1	1	0	0	0	
0	1	1	1	0	0	1	1	0	1	1	0	0	0	1	0	1	1	1	0	
0	1	0	1	0	1	0	0	0	0	1	1	0	1	0	0	0	0	0	0	
0	0	1	1	1	0	1	1	1	1	0	1	1	1	1	1	1	1	1	1	
0	0	0	0	0	0	1	1	0	0	0	0	0	1	0	0	1	0	0	0	
0	0	0	0	0	1	0	0	0	1	0	1	1	1	0	0	0	1	1	1	
0	1	1	0	0	0	0	1	0	0	1	0	1	1	0	1	1	1	0	0	
1	0	0	0	1	0	0	0	0	1	1	0	0	0	1	1	0	1	1	0	
0	1	0	0	1	1	1	1	1	0	1	0	0	0	0	0	0	1	0	1	
0	0	1	1	1	0	1	1	0	0	0	1	0	1	0	0	0	1	0	0	
1	0	1	0	0	1	0	1	1	1	0	1	0	1	1	1	0	0	0	1	
1	1	1	1	1	1	1	0	0	1	1	1	1	0	1	1	0	0	1	0	
0	0	0	0	1	1	0	1	1	0	1	0	0	1	0	0	0	1	1	0	
1	0	1	0	0	0	1	1	1	1	0	0	0	0	0	0	0	1	0	1	
1	0	1	1	0	1	0	0	1	0	1	1	1	0	1	1	0	0	0	0	
0	1	0	0	1	0	0	1	1	1	0	1	0	1	1	0	0	0	0	0	
0	1	0	1	0	0	1	1	0	1	0	0	1	0	0	1	1	0	0	1	
1	0	0	0	0	0	1	0	0	0	1	1	1	0	1	0	1	1	0	1	
1	1	1	0	0	1	1	0	1	0	0	1	0	0	0	0	0	0	1	0	
0	0	0	1	0	1	0	1	0	1	1	1	1	0	0	0	0	0	0	1	
1	0	1	0	1	1	1	1	1	0	0	0	1	1	1	1	0	1	0	0	
1	1	1	0	1	1	0	1	1	0	0	0	0	0	0	1	0	0	0	0	
1	1	0	1	0	1	0	1	1	0	1	1	1	0	1	0	1	0	1	1	
1	1	1	1	1	1	0	1	0	0	1	0	1	0	0	1	0	1	1	1	
1	0	0	1	0	1	1	0	0	1	1	0	0	0	1	0	1	0	1	1	
0	1	0	1	0	0	1	0	1	0	0	0	1	1	0	1	0	1	1	0	
0	0	0	0	1	0	0	1	0	0	1	0	0	0	1	1	0	0	0	0	
1	0	0	1	1	0	0	0	1	0	1	0	0	0	0	0	1	0	0	0	
0	1	1	0	1	1	0	0	0	0	1	1	0	0	1	0	0	1	1	0	
1	1	1	1	0	1	1	1	0	0	1	1	1	0	1	1	1	1	0	0	
0	0	1	0	0	0	1	0	0	0	0	1	0	0	0	1	1	1	1	0	
0	1	0	0	0	1	0	1	0	1	1	0	0	1	1	1	1	1	1	1	
0	1	1	0	1	1	1	1	0	1	0	1	1	1	0	1	1	0	1	0	
1	1	0	0	1	1	1	0	0	1	1	0	1	0	0	0	1	0	0	0	
1	1	1	0	0	0	0	1	1	0	1	1	0	1	0	0	1	1	0	1	
1	0	1	0	1	0	1	0	0	0	1	0	1	1	0	1	0	0	1	1	
0	0	1	0	1	0	0	0	1	0	0	0	0	0	1	0	1	1	1	0	
0	0	0	1	0	1	0	0	0	1	0	0	1	1	0	1	1	0	0	0	
1	0	0	0	0	1	0	0	1	0	0	0	0	0	1	1	1	1	1	0	
0	1	0	0	1	0	0	0	0	0	1	1	1	0	0	0	1	1	1	1	
0	0	0	1	1	0	0	1	1	0	1	1	1	1	0	0	1	0	1	1	
0	1	1	0	0	0	0	0	1	0	1	0	0	1	1	1	1	0	0	1	

invalid rows: 
8	9	12	24	31	36	41	47	50	51	65	72	83	84	89	100	103	108	111	115	123	126	137	140	143	145	146	153	166	169	178	181	183	185	190	203	215	217	220	223	225	227	228	230	231	234	240	242	243	244	246	247	249	250	255	258	260	263	265	268	275	276	282	286	287	288	289	291	298	

 ----------Greedy covering array: 
1	0	1	1	0	1	1	0	1	0	0	1	1	1	0	1	1	0	1	1	
1	0	0	1	1	0	1	0	0	1	0	1	1	1	1	1	1	1	1	1	
0	1	1	1	0	1	0	0	0	1	0	1	0	0	0	0	0	0	0	0	
0	0	0	1	1	1	0	1	1	0	0	1	0	0	1	1	0	0	1	0	
0	0	1	0	0	0	0	0	0	0	0	1	1	1	1	1	1	1	0	1	
0	1	1	1	1	1	0	1	0	1	1	1	1	0	1	0	0	1	0	1	
0	0	1	1	0	1	1	0	0	0	0	1	1	0	0	1	0	1	1	1	
0	1	0	0	1	0	0	0	0	1	1	1	1	0	1	0	0	0	1	0	
0	1	1	0	1	1	0	0	0	1	1	0	1	1	0	0	1	0	1	1	
1	1	0	1	0	1	0	1	1	1	0	1	0	1	1	1	0	1	0	0	
1	1	1	1	0	1	1	0	0	1	1	0	1	0	1	1	1	1	1	1	
1	0	0	0	1	1	0	1	1	1	1	0	1	0	0	1	1	0	1	1	
0	0	1	1	1	0	1	0	0	1	1	0	1	1	1	0	1	1	0	0	
0	0	1	1	1	1	0	0	1	1	1	1	0	1	1	1	1	0	1	1	
0	0	0	0	1	1	0	0	0	1	0	0	0	1	1	1	0	1	0	0	
1	0	1	0	1	0	1	0	1	0	0	1	0	1	1	0	0	0	1	0	
1	0	1	1	1	1	1	0	1	0	0	0	1	1	1	1	0	1	0	1	
0	0	1	1	1	0	1	1	0	1	1	1	0	1	0	0	0	0	0	0	
1	1	0	1	0	0	1	1	0	1	0	1	1	1	0	0	0	0	1	0	
1	0	1	1	1	0	0	0	1	1	0	0	1	0	0	1	1	0	1	0	
0	1	1	1	1	0	1	0	0	0	0	1	1	0	0	0	1	1	1	0	
0	1	0	1	1	1	0	0	1	1	0	0	1	0	1	0	1	0	0	1	
1	0	1	1	1	0	1	1	0	1	0	1	1	0	1	1	1	0	0	1	
0	0	0	0	1	0	0	0	0	0	1	0	0	1	1	1	0	1	0	1	
0	1	0	0	0	1	0	1	0	0	0	0	1	0	0	1	1	1	1	0	
1	0	0	1	0	0	0	1	0	1	0	0	0	0	1	1	1	1	1	1	
0	0	1	1	1	0	0	0	1	0	1	1	0	0	0	1	0	1	0	0	
0	1	1	1	0	1	1	1	0	0	1	1	0	1	1	0	1	0	1	0	
1	1	0	1	1	0	0	1	1	1	0	1	0	0	0	0	0	0	0	1	
1	1	0	0	1	1	1	1	1	1	0	0	1	0	1	0	0	1	1	0	
1	1	0	0	0	0	1	1	0	1	1	0	1	0	1	0	1	0	0	0	
0	0	0	1	0	0	0	0	1	0	0	1	1	0	1	0	0	1	0	1	
1	1	1	1	1	0	0	1	0	1	1	0	1	1	1	1	0	0	1	1	
0	0	1	1	0	1	0	1	0	1	0	0	0	0	1	1	1	1	0	0	
0	1	1	1	0	0	0	0	0	0	1	0	0	0	1	0	0	1	0	1	
0	0	1	0	0	0	0	1	1	1	0	1	0	1	0	1	0	0	1	1	
1	0	0	0	0	1	1	1	0	1	1	1	0	0	0	0	0	1	0	0	
0	1	0	0	1	1	0	1	1	0	0	1	1	1	1	0	0	0	1	1	
1	0	1	1	0	1	0	0	0	1	0	0	1	1	1	0	0	0	1	0	
0	1	0	1	1	1	0	0	1	1	1	1	1	0	0	1	0	0	1	0	
0	0	1	0	0	0	1	0	1	1	0	0	1	0	0	1	1	1	0	1	
0	0	0	1	0	0	1	0	0	1	1	0	1	1	0	1	1	0	1	1	
1	0	0	1	0	0	1	0	0	1	1	0	0	1	1	1	0	1	1	0	
1	1	1	1	1	0	1	0	0	0	1	0	0	1	0	0	1	1	1	1	
0	0	0	1	1	1	0	0	0	1	1	0	0	0	0	0	1	1	1	0	
1	1	0	1	1	1	1	0	1	0	1	1	1	1	0	1	1	1	0	1	
1	1	0	0	1	0	1	0	0	1	1	0	1	0	0	1	0	1	0	1	
1	0	0	1	0	0	0	1	1	0	0	0	1	1	1	0	0	1	1	0	
1	1	1	1	0	1	1	1	1	0	1	0	1	0	1	1	0	0	1	0	
0	0	0	0	0	1	0	0	1	1	1	0	1	0	1	1	0	1	1	1	
0	1	1	0	1	0	1	0	1	1	0	1	1	1	0	0	0	1	0	0	
0	1	1	1	1	1	1	1	1	0	1	1	0	1	0	1	0	0	0	1	
0	1	1	0	1	1	1	0	1	0	1	0	1	0	0	0	0	1	1	1	
0	1	0	1	1	0	0	0	0	0	0	1	0	0	0	1	1	0	1	1	
1	0	1	1	0	1	0	0	1	1	1	0	1	0	1	0	1	1	0	1	
0	0	0	0	1	0	1	1	0	0	1	0	1	0	1	0	1	1	1	1	
1	0	1	1	1	1	1	0	0	0	0	1	0	1	0	0	0	0	0	1	
1	1	1	1	0	0	1	0	1	1	1	1	0	0	0	1	0	0	1	1	
1	1	0	0	0	1	1	0	0	0	1	0	0	0	0	0	1	0	0	1	
0	0	1	1	1	1	1	0	1	1	0	1	0	0	0	0	1	0	1	1	
0	0	0	0	1	0	1	0	0	0	0	0	1	1	0	0	0	1	1	0	
1	1	0	1	0	1	1	1	0	0	0	1	1	0	1	0	1	1	0	1	
1	1	1	1	1	0	0	0	1	0	0	1	1	1	0	1	0	1	1	0	
0	1	0	1	0	1	0	1	1	1	1	0	1	0	0	1	0	1	0	0	
1	1	0	0	1	1	0	0	0	1	0	0	0	1	0	1	0	0	1	1	
1	0	0	1	1	0	0	1	0	1	1	1	1	0	1	1	0	1	1	0	
0	0	1	1	1	1	1	1	1	0	1	0	0	1	1	0	0	1	1	0	
1	1	1	1	0	1	1	1	0	1	0	0	0	1	1	0	0	1	1	1	
0	1	1	1	0	0	1	0	1	0	1	1	1	1	1	0	0	1	1	1	
0	0	0	0	0	1	1	0	1	0	1	1	0	1	0	0	0	0	1	0	
1	0	0	0	0	1	0	1	0	0	0	1	1	1	0	0	1	0	0	0	
0	1	0	0	1	0	1	1	1	0	1	1	0	1	0	0	0	1	1	0	
0	0	1	1	1	0	1	0	0	0	1	0	1	0	1	1	0	0	0	1	
0	1	0	1	0	0	0	0	0	0	0	1	1	1	1	1	1	0	0	0	
0	0	0	0	0	1	1	0	1	0	1	0	1	0	1	0	0	1	0	1	
1	0	1	1	0	1	1	0	1	0	1	1	0	1	1	1	1	1	0	0	
0	1	1	1	0	0	0	1	1	1	0	1	1	0	1	1	1	0	1	1	
1	1	1	1	0	1	1	0	1	1	1	0	0	1	0	0	0	0	0	1	
1	1	0	1	1	1	1	0	1	0	1	0	1	1	1	0	1	0	1	0	
0	0	1	0	0	0	1	0	1	0	1	0	0	0	1	1	1	0	1	0	
1	0	1	1	0	1	0	1	0	1	1	0	0	1	0	1	1	0	1	0	
0	0	0	0	0	0	1	0	1	0	0	1	1	1	0	1	1	0	0	1	
1	1	0	0	1	0	0	0	1	0	0	0	0	0	1	0	1	1	0	0	
1	1	1	0	0	0	1	1	0	0	0	0	1	1	1	1	1	1	1	0	
1	1	1	1	1	1	0	0	0	1	0	1	0	0	0	1	1	1	0	1	
1	1	0	0	1	1	1	0	0	0	0	1	1	0	0	1	0	0	0	0	
1	1	0	0	1	1	0	1	1	0	1	1	0	1	0	1	1	1	1	0	
0	0	1	0	0	0	1	1	1	1	1	1	1	0	0	1	0	0	1	0	
0	1	0	0	0	1	1	0	0	1	0	1	1	0	0	0	0	1	1	1	
0	0	0	0	0	0	1	0	1	1	0	1	1	1	1	0	1	1	1	0	
1	1	1	0	0	1	0	0	1	0	0	0	1	1	1	1	0	1	0	1	
1	1	1	0	0	1	0	0	0	0	1	1	0	1	0	1	0	1	1	0	
1	0	0	1	1	1	1	0	1	1	0	0	0	0	0	1	0	0	0	0	
0	0	0	1	0	0	1	1	1	1	0	1	0	1	0	1	0	1	0	1	
0	0	0	1	1	0	1	0	1	0	1	0	0	0	1	0	1	0	0	0	
1	1	0	1	1	0	1	1	1	1	1	0	1	0	1	1	1	1	0	0	
0	1	0	1	1	1	1	1	0	0	1	0	1	1	1	1	1	1	0	1	
0	1	0	0	0	1	0	1	1	0	1	1	0	0	1	0	1	1	0	0	
0	1	0	1	1	0	0	1	0	1	1	1	0	1	0	1	0	1	1	1	
0	1	0	0	0	1	1	1	0	1	1	0	0	0	1	1	0	0	1	1	
0	0	1	1	0	0	1	0	0	1	0	1	0	1	0	1	1	1	1	0	
1	1	1	0	0	1	0	1	1	0	1	0	0	1	1	0	0	0	1	1	
1	1	1	0	1	0	1	0	0	1	1	1	0	1	0	1	1	0	0	0	
1	0	0	0	0	0	0	0	0	0	0	0	1	0	1	1	0	0	1	1	
0	0	0	1	0	0	0	0	1	0	0	0	0	1	0	1	1	1	0	0	
1	0	1	0	0	0	1	0	0	0	1	0	1	1	0	1	0	0	0	0	
1	1	1	1	1	1	0	1	1	0	1	0	1	0	0	0	1	1	0	0	
0	0	1	0	0	1	0	0	0	1	1	1	0	0	1	0	0	0	1	1	
0	1	1	1	1	1	0	1	1	1	0	0	0	1	0	1	1	1	1	1	
1	0	0	0	0	1	1	1	0	0	1	0	1	1	0	1	0	1	1	1	
1	0	1	0	1	0	0	0	0	1	0	1	0	0	0	0	0	1	0	1	
1	1	0	1	1	1	0	0	0	0	0	0	1	0	1	1	0	1	1	0	
1	0	0	1	0	1	0	0	1	0	1	0	0	0	0	1	1	0	0	1	
0	1	1	0	0	1	1	1	0	0	1	1	1	1	0	0	1	1	0	1	
0	1	1	0	1	0	1	1	0	0	0	0	0	1	0	1	0	0	1	1	
0	0	0	1	0	1	0	1	1	1	1	1	1	0	1	0	1	0	1	1	
1	1	0	1	0	0	1	1	1	0	0	0	1	1	0	1	0	0	1	1	
0	0	0	1	1	1	0	0	0	1	0	1	1	1	0	1	0	0	0	1	
0	0	0	0	1	1	1	1	0	1	1	1	1	1	1	1	1	0	1	0	
0	0	0	0	1	0	0	0	1	0	1	1	0	0	0	0	1	1	1	1	
0	1	0	1	1	0	1	1	1	1	0	0	0	1	0	0	1	0	1	0	
1	0	1	0	1	1	1	0	0	0	0	0	1	0	0	1	1	0	1	1	
1	1	0	0	1	0	1	1	0	0	1	1	1	1	1	0	0	1	0	0	
0	0	1	0	1	1	1	1	0	1	1	0	0	0	1	1	0	1	1	0	
1	0	0	1	0	1	1	1	1	0	1	1	1	0	0	0	0	0	0	0	
0	1	1	0	1	0	0	0	0	1	0	0	1	0	1	1	1	1	1	0	
0	1	1	0	0	1	1	0	1	1	0	0	1	1	1	1	0	0	1	0	
1	0	0	1	0	0	0	0	0	0	1	1	0	1	1	0	0	1	0	0	
0	0	0	1	1	1	1	1	1	1	0	1	0	0	1	0	1	1	0	0	
1	0	0	1	1	0	0	0	1	0	1	0	1	1	0	0	0	1	0	1	
1	1	1	0	1	1	0	0	0	0	1	0	0	0	1	1	0	0	0	0	
1	1	0	1	0	0	0	0	1	0	1	1	0	1	1	1	0	0	1	0	
0	1	0	1	0	1	0	0	0	0	0	0	0	1	1	0	1	1	1	1	
0	1	1	1	0	1	1	0	1	0	0	1	0	0	1	1	0	0	0	1	
1	1	0	1	1	1	1	1	0	1	1	1	1	0	0	0	1	0	1	1	
0	0	1	0	1	1	0	0	1	0	0	0	0	1	0	0	1	0	0	0	
0	1	0	0	0	1	0	1	0	1	0	1	0	1	0	1	1	0	0	1	
0	1	0	1	1	1	1	1	1	0	0	0	0	0	0	0	0	1	0	1	
0	1	1	0	1	1	0	1	0	1	0	1	0	0	0	0	0	0	1	0	
0	1	0	0	0	0	0	0	1	1	0	0	0	0	0	1	0	0	0	0	
0	0	0	1	0	1	1	0	0	0	1	1	1	0	1	1	1	0	1	0	
1	0	1	0	0	0	1	1	1	0	1	0	0	0	1	1	0	1	0	1	
1	0	1	0	0	0	0	0	1	1	0	0	0	1	1	0	1	0	0	1	
1	0	0	1	1	0	0	1	0	0	0	0	1	1	0	0	1	0	0	1	
1	1	0	0	0	0	0	0	0	1	1	1	1	1	0	0	1	1	0	1	
1	0	0	0	1	0	1	1	1	1	0	1	0	0	1	1	0	0	1	1	
1	0	0	1	1	1	0	1	0	1	1	0	0	1	1	0	0	0	0	1	
1	0	0	0	1	0	0	1	1	0	1	1	1	1	0	1	0	1	0	0	
0	0	1	0	1	1	0	1	1	1	0	0	1	1	0	1	0	1	1	0	
1	0	1	1	0	0	1	1	1	1	1	1	1	1	0	0	1	1	0	1	
1	0	0	0	0	1	1	1	1	0	0	0	0	1	1	0	0	0	0	0	
0	1	1	1	0	1	1	0	1	1	1	1	1	0	0	0	1	0	0	0	
0	1	0	0	0	0	0	1	0	0	1	0	0	1	0	1	1	1	1	1	
0	0	0	1	0	0	0	1	1	1	1	0	1	1	1	1	0	0	0	1	
0	0	1	1	1	0	0	0	1	1	0	0	0	0	1	0	0	1	1	1	
1	1	0	1	0	1	1	0	1	0	0	1	0	1	1	1	1	0	1	0	
0	0	1	0	1	0	0	1	1	0	0	0	1	0	1	0	0	0	0	0	
1	0	1	0	1	0	1	1	1	0	0	1	0	0	0	1	1	0	0	0	
1	0	0	1	0	0	1	1	1	0	1	1	0	1	1	0	1	0	1	1	
0	0	1	1	1	0	0	1	0	0	1	1	1	1	0	1	1	0	1	0	
1	1	1	1	1	1	1	1	0	0	1	1	1	0	0	1	0	1	0	0	
0	0	0	0	1	0	0	1	0	1	0	0	0	1	1	0	1	0	1	0	
0	1	1	1	0	0	0	1	0	0	0	1	1	1	0	1	0	1	1	1	
1	1	1	1	0	0	0	1	0	0	0	0	0	0	0	1	0	1	0	1	
1	0	0	0	1	0	0	1	0	0	1	0	0	0	0	0	0	0	1	0	
1	1	1	0	0	0	0	1	0	0	0	1	0	0	0	0	1	0	0	0	
0	0	1	1	0	0	1	1	0	1	1	0	1	0	0	0	0	1	1	0	
0	0	1	1	0	0	0	0	0	0	0	0	0	0	0	0	0	0	1	0	
1	1	1	0	0	0	1	0	0	0	1	1	1	0	1	0	1	0	1	1	
0	1	1	0	0	1	0	0	0	0	1	1	1	0	1	1	0	1	0	0	
0	1	0	1	1	0	0	1	0	0	1	0	0	0	1	1	1	0	0	0	
1	1	0	0	0	1	1	1	1	1	1	0	1	1	0	1	1	0	0	0	
0	1	1	1	1	0	0	1	1	0	0	1	0	1	1	0	1	1	0	1	
1	0	0	1	1	0	0	0	1	1	1	1	0	1	0	0	1	0	0	0	
0	1	0	1	0	1	1	0	1	0	1	0	0	0	0	1	0	1	1	0	
0	0	0	0	1	0	0	1	0	1	0	1	1	0	0	0	1	1	0	0	
1	1	0	0	1	1	1	0	0	1	0	1	0	1	1	0	1	1	0	0	
1	1	1	0	0	0	0	1	0	1	1	1	1	0	0	1	0	0	1	1	
1	0	0	1	0	1	0	0	1	1	0	1	0	1	0	0	0	1	1	1	
1	0	0	1	1	1	1	0	0	0	1	1	0	0	1	0	0	1	1	1	
1	0	0	0	1	1	1	1	1	1	1	0	0	1	0	0	1	1	0	1	
1	0	1	0	0	1	0	1	1	1	1	1	0	0	1	1	0	0	0	0	
0	1	0	0	0	0	0	1	1	0	1	1	1	0	0	0	0	0	0	1	
0	1	0	1	0	1	1	0	0	1	0	0	1	1	0	0	1	1	0	0	
0	1	0	0	0	0	1	1	0	0	0	1	0	0	1	1	0	1	1	0	
1	0	1	0	1	1	0	0	1	0	1	1	1	0	0	0	0	0	0	1	
0	1	1	0	0	1	0	0	1	1	0	1	0	1	1	0	1	1	1	0	
0	0	1	0	1	0	0	1	1	1	1	1	0	1	1	1	1	0	0	0	
1	1	1	1	1	0	0	1	0	1	0	0	0	1	0	1	0	1	0	0	
0	1	1	0	0	0	1	0	1	1	1	0	0	1	1	1	1	1	0	0	
1	1	1	1	1	1	0	1	1	1	0	0	1	1	1	1	1	0	0	0	
0	0	1	1	0	1	0	1	1	0	0	1	1	1	0	0	0	1	0	0	
1	1	0	1	0	0	0	1	1	1	0	0	1	0	0	0	1	1	1	1	
0	1	1	1	1	0	1	0	0	1	0	1	0	0	1	1	1	1	0	1	
0	1	1	1	0	0	1	1	1	1	1	1	0	0	0	1	1	1	0	0	
0	1	0	1	1	0	0	1	1	0	1	0	1	0	1	1	0	1	1	1	
1	0	0	0	0	1	0	1	1	0	0	1	1	0	1	1	1	1	0	1	
0	1	1	1	0	1	1	1	0	0	0	0	1	0	0	1	0	0	0	0	
0	1	1	0	1	1	1	0	1	0	0	1	1	0	1	1	1	1	1	0	
0	0	0	0	1	1	0	1	0	0	1	1	1	0	1	1	1	0	0	1	
0	1	0	1	0	0	0	1	1	1	1	1	1	1	1	0	1	1	1	0	
1	0	0	1	1	1	1	1	0	0	0	1	0	1	0	1	1	1	1	0	
1	0	0	0	0	0	1	0	1	0	1	1	1	0	0	1	1	1	1	0	
0	0	0	0	0	1	1	1	1	0	0	0	0	0	0	0	1	0	1	1	
0	0	0	0	1	1	0	0	1	0	1	0	1	1	0	1	1	1	0	0	
0	1	0	1	1	1	0	0	0	0	1	0	1	1	0	0	0	0	0	0	
1	0	1	1	1	1	1	0	1	1	1	1	1	1	0	1	0	1	1	0	
1	0	1	0	0	1	1	0	0	0	0	0	0	0	1	0	0	1	0	0	
1	0	1	0	0	1	1	1	0	1	0	1	1	1	1	1	0	1	0	0	
1	1	1	1	1	1	0	1	1	0	0	0	0	0	1	1	1	0	1	1	
1	1	1	1	0	0	1	0	1	1	0	1	1	0	1	1	0	1	0	0	
1	1	1	1	1	0	1	0	0	0	0	0	0	0	1	0	0	0	0	0	
0	0	0	1	1	0	1	1	0	0	0	0	1	1	1	1	0	0	0	0	
0	0	0	1	0	0	1	1	0	0	1	1	0	0	0	1	0	0	0	1	
1	1	0	0	0	1	0	0	0	1	1	1	0	0	1	1	1	1	1	1	
0	0	1	1	0	1	0	0	1	1	1	0	0	1	0	1	0	1	0	1	
1	1	0	0	1	1	0	0	1	1	1	1	0	0	1	0	0	1	0	1	
0	0	1	1	0	1	0	1	1	0	1	1	0	0	0	0	1	1	1	1	
0	1	1	0	1	1	1	1	0	0	0	0	1	0	1	0	1	0	0	1	
0	1	0	0	1	0	1	0	1	0	0	0	0	1	1	1	1	1	1	1	
1	0	0	0	1	1	1	0	0	0	0	0	0	1	1	1	1	0	0	1	
1	0	1	1	1	0	1	1	1	0	0	1	1	0	0	0	0	1	1	1	
1	1	0	0	0	0	1	0	1	0	0	1	0	1	0	0	0	1	0	1	
1	0	0	0	0	1	0	0	0	1	0	1	0	0	1	0	1	0	1	0	
0	1	0	0	1	0	1	1	1	1	0	1	1	0	0	1	1	1	1	1	
0	0	1	1	0	1	1	1	0	1	0	0	0	1	1	0	1	0	0	1	
1	0	0	0	1	0	1	0	1	1	1	0	1	1	1	0	0	0	1	1	
1	0	1	0	0	1	0	1	0	1	0	0	1	0	0	0	0	0	0	1	
1	0	1	0	1	1	0	0	0	0	1	0	1	1	1	0	1	1	1	0	
0	1	1	0	0	0	0	1	0	1	1	1	0	1	1	1	0	0	0	0	
1	1	0	0	0	1	1	0	1	1	1	1	1	1	1	1	0	0	0	1	
1	0	1	0	1	0	0	1	0	0	1	1	0	1	1	1	0	1	1	1	
0	0	1	1	1	1	1	1	1	1	1	0	1	0	0	0	0	0	1	1	
0	1	1	0	1	0	0	1	1	1	1	0	0	0	0	0	1	0	0	1	
0	0	0	1	0	0	1	0	0	1	1	1	0	0	1	0	1	1	0	1	
1	1	0	1	0	1	0	1	0	1	1	0	0	1	0	0	1	1	1	0	
0	0	0	1	0	1	1	1	1	1	0	0	1	0	1	1	1	0	0	0	
0	0	1	0	1	0	1	0	0	1	0	1	1	0	1	1	0	0	0	0	
1	1	0	0	1	1	0	1	0	0	0	0	0	0	0	0	0	1	1	1	
1	0	1	0	1	1	0	1	0	1	0	1	1	1	0	0	1	1	1	1	
1	0	1	0	0	0	0	0	0	0	0	1	0	1	0	1	1	0	1	1	
1	1	1	0	0	0	0	1	1	1	0	0	0	0	0	0	0	1	1	0	
1	1	1	0	0	0	0	0	1	1	1	0	1	1	0	0	0	1	1	0	
1	1	1	0	1	1	1	1	1	1	0	1	1	1	1	1	1	0	0	1	
1	1	1	1	1	1	0	0	0	0	1	1	1	1	1	0	1	0	0	0	
1	0	1	0	0	0	1	0	0	1	1	0	0	0	0	0	1	0	1	1	
1	1	1	0	1	0	1	1	1	1	0	0	0	1	1	1	0	1	0	1	
1	0	0	1	0	1	0	0	0	1	1	1	1	0	0	1	1	1	0	0	
1	1	1	0	0	1	1	1	1	1	0	1	0	1	0	0	1	1	1	1	
1	0	0	0	0	0	0	1	1	1	1	0	0	1	1	1	1	1	1	1	
0	0	0	0	0	1	0	1	0	1	1	1	1	1	1	0	0	1	1	0	
1	1	1	1	1	0	1	0	1	1	1	1	0	0	1	0	1	0	1	0	
0	0	1	0	0	0	1	1	1	0	0	0	1	1	1	0	1	1	1	1	
0	1	1	1	1	1	1	0	0	1	1	0	0	1	1	1	0	0	1	0	
0	1	0	0	1	0	0	0	1	0	1	0	1	1	0	1	0	0	1	1	
0	0	1	0	0	1	0	1	1	0	1	0	1	1	1	1	1	0	1	0	
1	0	0	1	1	1	1	0	1	1	0	0	1	0	1	0	1	1	1	1	
1	1	1	0	1	0	1	1	1	0	0	0	1	1	0	0	1	0	0	0	
0	0	1	0	1	1	1	1	0	0	0	1	1	1	1	0	0	0	1	0	
0	1	0	0	0	1	1	0	1	1	1	0	0	0	1	0	1	1	1	1	
0	0	1	0	0	0	0	1	0	0	1	0	0	1	0	0	1	1	0	0	
0	1	0	1	1	1	1	1	1	1	0	1	1	1	1	1	0	1	1	1	
0	0	0	0	0	0	1	0	0	1	0	0	0	1	0	0	0	0	0	1	
0	1	1	0	1	1	0	1	1	0	0	0	0	1	0	1	0	0	0	0	
0	1	0	0	1	0	1	0	0	0	1	1	0	1	1	0	1	0	0	1	
1	1	0	0	0	1	0	0	1	0	0	1	1	0	0	0	1	0	1	0	
0	1	1	1	0	0	0	0	0	1	1	0	1	0	0	1	1	0	0	1	
0	1	0	0	0	0	0	1	0	1	0	0	1	1	1	0	0	1	0	1	
1	0	1	1	0	1	0	1	0	0	0	1	0	1	1	1	0	0	1	1	
1	0	1	0	1	1	0	1	1	1	1	1	1	0	1	0	1	1	1	0	
0	1	1	1	0	0	0	0	1	0	0	0	1	1	0	0	1	0	0	1	
1	1	0	1	0	1	0	0	0	1	0	0	0	0	1	1	0	0	0	1	
1	0	1	1	1	0	0	1	0	0	0	1	0	0	1	0	1	1	1	0	
0	0	0	1	0	1	0	1	0	0	1	0	1	1	0	0	0	0	1	1	
0	0	0	0	1	1	1	0	0	1	1	1	0	0	0	1	0	1	0	1	
1	1	0	0	1	0	1	1	0	1	0	0	0	0	0	1	1	0	1	0	
1	0	1	1	0	0	0	1	1	1	1	0	0	0	1	0	0	0	0	0	
0	0	1	0	1	1	0	1	0	0	0	0	0	0	0	1	1	1	0	1	
1	1	1	1	1	0	0	0	0	1	0	1	1	1	1	0	0	0	1	1	
1	0	1	1	0	0	0	0	0	0	1	1	1	0	1	0	0	0	0	1	
1	0	1	1	1	0	1	1	1	0	1	0	0	0	0	1	1	1	1	1	
1	1	1	0	1	0	0	0	1	0	1	1	1	0	1	1	1	1	0	1	
1	0	1	0	0	1	1	0	1	1	0	0	0	0	0	1	1	1	1	0	
0	1	0	1	1	0	0	0	1	1	1	1	0	1	0	0	0	1	0	0	
0	0	0	0	0	0	0	0	0	0	0	1	1	0	0	0	1	0	1	1	
1	0	0	1	0	0	1	0	0	0	0	0	1	0	0	0	1	1	0	0	
0	1	1	0	0	0	0	1	1	0	1	0	1	0	1	0	1	0	1	0	
1	1	1	0	1	0	1	1	0	1	1	1	0	0	1	0	1	1	1	1	
0	1	0	0	0	0	1	1	1	1	0	1	0	0	1	0	0	0	0	0	
0	1	1	0	0	1	1	0	1	0	1	1	0	1	0	1	1	0	1	1	
0	0	1	0	1	1	1	1	1	1	1	1	1	1	1	0	0	0	0	1	
1	0	1	0	1	1	1	0	0	1	1	0	1	0	0	0	1	0	0	0	
1	1	0	1	0	0	1	1	0	0	1	0	0	1	1	1	1	0	0	1	
1	0	0	0	1	0	0	0	1	1	0	1	1	1	1	1	1	0	0	0	
0	1	0	1	0	0	1	0	1	0	0	0	1	0	1	0	0	0	1	0	
0	0	1	0	1	1	1	0	0	0	0	1	0	1	0	0	0	1	0	0	
1	1	1	1	0	0	1	0	1	0	0	1	0	0	0	0	0	0	1	0	
0	1	0	0	1	0	1	1	1	0	1	0	1	0	0	1	1	0	0	0	
0	0	0	1	1	0	1	1	1	0	0	0	1	1	0	1	1	1	0	1	
0	0	0	1	0	0	1	0	0	0	1	1	0	1	1	1	1	0	1	0	

invalid rows: 
18	19	23	28	31	37	56	62	68	84	97	100	110	114	115	119	123	124	135	161	167	185	198	202	209	213	214	219	226	259	276	288	293	5	7	21	24	25	35	44	61	92	112	128	133	153	163	164	170	180	208	229	232	239	261	273	278	286	296	83	241	282	

 ----------random covering array (last execution): 
1	1	1	0	1	1	1	1	1	1	1	0	1	0	0	0	0	0	1	1	
1	0	1	0	0	1	1	1	1	1	0	1	1	0	0	1	1	1	1	1	
1	1	0	1	0	0	0	1	0	0	1	0	0	0	0	0	0	1	0	0	
1	0	0	0	1	1	0	1	0	1	1	1	0	0	1	0	1	0	0	0	
1	1	1	0	0	1	0	0	1	0	0	1	0	0	0	1	0	0	1	1	
1	1	0	1	0	0	0	1	0	0	1	1	0	1	1	1	1	1	1	1	
1	1	0	0	0	1	0	1	0	1	1	0	1	0	0	1	0	0	1	1	
1	0	0	1	0	0	0	0	0	1	0	1	0	1	0	0	1	1	0	1	
0	1	1	1	0	0	0	0	1	1	1	0	0	1	0	0	1	1	1	1	
1	0	0	1	1	1	1	1	1	0	1	1	0	0	1	1	0	1	0	0	
0	1	1	1	0	1	1	1	0	1	1	1	1	1	0	1	0	1	1	1	
0	0	1	0	1	1	1	0	0	1	1	0	0	1	1	0	1	1	1	1	
0	1	1	0	0	0	0	1	1	0	0	1	1	1	0	1	1	1	0	1	
1	1	1	0	1	1	0	1	1	1	1	1	0	1	0	0	1	1	1	0	
0	0	0	0	0	1	0	0	1	0	1	1	0	0	0	1	1	1	0	0	
1	1	0	0	1	0	1	0	1	1	0	1	1	0	0	0	1	0	0	0	
0	1	0	0	1	1	1	1	1	0	1	1	1	0	0	1	1	0	1	1	
1	1	0	0	0	0	0	1	1	0	0	0	1	1	1	0	1	1	0	0	
1	0	0	1	0	0	1	1	1	1	0	0	1	0	1	0	0	1	0	1	
0	1	1	0	1	1	1	1	0	1	0	0	0	0	0	0	1	1	0	1	
1	1	1	1	0	0	0	1	0	1	0	0	1	0	0	1	1	0	0	1	
0	0	1	1	1	0	0	1	0	0	1	1	0	0	0	0	1	1	1	1	
1	1	1	0	0	1	1	1	0	0	0	1	1	0	1	0	1	1	1	1	
0	0	0	0	0	1	0	0	1	0	0	1	0	1	0	1	1	0	1	0	
0	0	1	1	0	1	0	0	0	1	1	0	0	0	1	1	0	0	0	1	
0	0	1	0	0	1	1	1	0	1	0	1	0	0	1	1	0	1	1	0	
1	1	0	0	1	1	0	1	0	0	0	0	0	1	0	1	1	0	0	0	
1	1	1	1	0	0	0	1	1	1	1	1	1	1	1	0	0	0	0	0	
1	0	0	1	1	0	1	1	0	0	0	0	0	0	1	0	1	1	1	0	
0	0	0	1	1	0	1	0	0	1	1	1	1	0	1	1	1	1	0	1	
0	0	1	1	0	0	1	0	0	0	0	1	1	1	1	0	0	1	0	1	
1	0	0	0	1	0	0	1	0	0	0	1	0	0	0	1	0	0	1	1	
0	1	0	1	0	1	1	1	1	1	0	1	0	1	1	0	1	1	1	1	
0	1	1	0	0	1	0	1	0	0	1	1	0	0	1	1	0	1	0	0	
0	1	0	1	0	0	0	1	0	0	0	1	0	1	0	1	0	0	1	0	
1	1	0	0	1	1	0	0	1	1	0	0	0	0	1	0	0	1	1	0	
1	0	0	0	0	0	1	0	0	0	1	0	1	1	1	1	0	1	0	0	
1	0	0	1	1	0	0	0	1	1	1	1	0	0	1	0	1	0	1	1	
0	1	0	0	0	0	1	1	1	1	1	1	0	0	0	0	0	1	0	1	
1	0	0	1	1	1	0	1	0	1	1	0	0	1	0	0	1	1	0	1	
0	1	1	0	1	1	0	0	0	0	0	0	1	0	0	1	0	1	1	1	
0	0	1	0	0	1	0	1	1	1	0	0	1	1	0	0	0	1	1	1	
0	0	0	0	0	1	1	1	1	1	0	1	1	1	0	1	0	1	0	0	
0	1	1	1	0	0	1	1	1	1	0	0	1	1	0	1	1	0	1	0	
0	0	1	0	0	0	0	1	0	1	1	0	0	1	0	1	1	1	0	0	
1	0	1	1	1	1	1	1	1	0	1	0	1	1	0	1	1	0	1	1	
0	0	0	1	0	1	1	0	0	0	0	0	1	1	0	1	1	1	1	1	
0	0	0	0	1	0	1	1	1	1	0	1	0	0	1	1	0	0	0	1	
0	1	0	1	1	1	1	1	0	1	1	1	1	1	1	0	0	0	0	1	
0	0	0	0	1	1	0	0	0	1	1	1	0	1	0	1	0	1	1	1	
1	1	0	1	1	0	0	0	1	0	0	0	1	0	0	1	1	1	0	1	
1	1	0	1	1	1	0	1	1	0	1	0	1	1	1	0	1	0	1	0	
0	1	0	1	1	0	0	0	0	1	1	0	1	1	0	1	1	0	1	1	
1	0	1	1	0	1	0	1	0	1	0	0	0	0	0	0	1	0	1	0	
0	1	1	0	1	0	1	1	0	0	1	1	0	1	0	1	0	1	1	1	
0	0	1	0	0	0	0	0	0	1	0	1	1	1	1	1	1	0	1	1	
1	1	0	0	0	0	1	1	1	0	1	0	1	0	0	0	1	0	1	0	
1	1	0	1	1	1	1	1	0	1	0	0	1	1	0	0	0	1	1	0	
0	0	1	1	0	0	1	0	0	0	1	0	1	1	0	0	0	0	1	0	
1	1	1	0	1	0	0	1	0	1	1	0	1	0	0	0	1	1	1	0	
0	0	0	0	0	0	0	0	1	1	0	0	1	0	0	1	1	0	0	1	
1	0	1	1	0	0	1	1	0	0	1	1	1	0	1	1	0	0	1	1	
1	1	0	1	1	1	1	1	1	1	0	0	0	0	0	1	1	0	0	1	
0	0	0	1	1	1	0	1	0	0	1	0	0	1	1	1	0	1	0	1	
0	0	0	1	0	1	1	0	1	1	1	0	0	0	0	0	1	1	1	0	
1	0	0	0	0	1	1	1	0	1	0	1	0	1	1	1	1	1	0	1	
0	1	0	0	1	0	0	1	1	1	1	1	1	1	1	1	1	0	0	0	
0	1	0	1	0	0	1	1	1	1	1	1	1	0	1	1	0	1	1	0	
1	1	0	1	1	0	0	1	1	1	0	1	1	1	0	1	0	0	1	1	
1	0	0	0	1	0	0	0	1	1	1	0	1	1	0	0	0	0	0	0	
1	0	1	0	0	0	1	0	1	0	1	0	0	0	1	0	0	0	0	1	
1	0	0	1	1	0	0	0	1	1	0	0	1	1	1	1	1	0	0	0	
0	1	0	0	0	1	0	1	0	0	0	1	1	1	0	0	1	0	1	1	
1	0	1	1	0	1	0	1	1	0	0	1	0	0	0	0	0	0	0	1	
0	0	0	0	1	0	0	0	0	0	1	1	1	1	0	1	0	0	1	1	
1	1	1	0	1	1	1	1	1	0	1	1	1	1	0	1	0	0	0	0	
1	1	1	1	1	1	0	1	0	1	0	1	0	0	1	0	0	1	1	1	
0	1	0	1	1	0	1	1	1	0	1	0	1	1	0	0	0	1	1	0	
0	0	1	1	1	0	1	1	1	1	1	1	1	1	0	0	1	0	0	1	
0	1	1	0	1	1	0	0	0	1	0	1	1	1	0	0	0	0	0	0	
0	1	1	0	0	1	1	1	1	1	1	0	0	1	1	0	0	1	0	0	
1	0	1	0	1	1	0	0	1	0	0	0	1	0	0	0	0	0	1	1	
0	0	1	1	1	0	1	0	0	0	0	1	0	0	0	1	1	0	0	0	
0	1	1	1	0	1	1	0	1	1	0	1	1	0	1	1	0	0	0	1	
1	1	1	1	0	1	1	1	0	0	1	0	0	0	0	1	1	1	1	0	
1	0	0	1	0	1	1	0	0	0	1	0	1	0	0	0	1	0	0	1	
1	0	1	1	1	1	1	0	1	1	1	0	0	1	1	1	1	0	0	0	
1	1	0	0	1	1	0	0	0	1	0	0	1	1	1	0	0	1	0	1	
1	0	0	1	0	0	0	0	0	1	1	0	1	0	0	1	0	1	1	1	
1	0	1	0	1	0	0	0	1	1	0	1	1	0	0	1	0	1	0	1	
0	1	0	1	1	1	1	0	1	0	1	1	0	0	0	1	0	0	1	1	
1	1	0	1	0	1	1	0	1	1	1	0	0	1	0	1	0	0	0	0	
0	0	0	0	1	1	1	1	0	0	1	0	1	0	0	0	1	1	0	0	
1	0	0	0	1	1	0	1	1	0	0	0	1	0	1	1	0	1	1	0	
0	0	1	0	1	0	0	1	0	0	0	1	1	1	0	0	1	0	0	0	
0	0	1	1	1	1	1	1	0	0	0	1	1	1	1	1	1	1	0	1	
0	0	1	1	0	1	0	1	1	0	1	1	1	1	1	1	1	0	1	1	
1	0	1	1	1	0	0	0	0	0	1	1	0	1	1	1	0	0	0	0	
1	0	0	1	0	1	0	1	1	1	0	0	0	1	1	1	1	1	1	0	
0	0	0	1	0	1	0	0	0	1	1	1	1	1	1	0	0	1	1	0	
1	1	1	0	0	1	0	1	1	1	0	0	1	0	0	1	0	1	0	0	
0	1	0	1	1	0	1	0	1	1	1	1	0	1	1	0	0	0	1	0	
1	1	1	1	0	1	1	0	1	0	0	0	1	1	0	0	1	1	0	0	
0	0	0	0	0	1	1	0	0	1	0	1	0	0	0	0	0	0	1	1	
0	0	1	0	1	1	0	1	1	0	0	0	0	0	0	1	0	0	0	0	
0	1	0	0	0	1	1	0	1	0	0	0	1	1	0	0	0	0	0	1	
0	1	1	1	1	0	1	1	0	0	1	0	0	1	1	1	1	0	0	1	
1	1	0	0	0	0	0	0	0	1	1	1	0	1	0	0	0	1	1	0	
0	1	1	1	1	1	0	1	1	1	1	0	0	0	1	1	1	1	1	0	
0	0	0	0	0	1	1	0	1	1	1	0	1	1	1	1	0	0	1	1	
1	1	0	0	0	0	1	0	0	0	0	0	0	0	0	1	1	1	1	0	
0	0	0	1	0	1	1	1	0	1	1	1	0	0	0	1	1	0	0	1	
0	0	1	0	1	1	1	1	0	0	1	0	0	1	0	0	0	0	1	0	
1	1	1	1	0	0	0	0	1	0	1	0	1	1	1	1	0	0	1	1	
0	1	0	1	0	1	0	0	1	1	0	0	1	0	1	0	1	0	1	0	
1	0	1	0	1	0	0	1	0	1	1	1	0	1	1	0	0	1	1	1	
0	0	0	1	1	1	1	1	1	1	0	0	1	0	1	0	0	0	1	1	
1	0	0	0	0	1	0	1	1	0	1	0	0	0	0	0	1	1	1	1	
1	0	1	0	0	1	0	0	1	1	1	1	1	1	1	0	1	1	0	1	
1	0	1	0	1	0	0	0	0	1	0	0	0	1	0	1	1	0	1	0	
0	0	1	1	1	0	0	1	1	1	0	0	1	0	1	0	1	1	0	0	
0	1	1	0	0	1	1	0	0	1	1	0	1	0	0	0	1	0	1	1	
1	0	0	1	0	0	1	0	1	0	0	1	1	1	1	1	1	0	0	1	
0	1	0	0	0	1	0	0	0	1	1	1	1	1	1	1	1	1	0	0	
1	0	0	0	1	0	1	1	0	0	1	0	1	1	1	0	0	0	0	1	
0	1	1	1	0	1	0	0	0	1	0	1	0	0	0	1	1	1	0	1	
0	1	0	1	1	1	0	0	1	1	1	1	1	0	0	0	0	1	0	1	
1	0	0	0	0	0	1	1	1	0	0	1	0	1	0	1	0	0	0	0	
1	0	1	0	1	0	0	1	0	0	1	1	1	0	1	1	1	1	0	0	
0	0	0	0	1	0	1	1	1	0	0	0	0	1	0	1	1	0	1	1	
0	1	0	1	0	1	1	0	0	0	1	1	0	1	0	0	1	0	0	0	
1	0	0	1	1	1	1	1	1	1	0	1	0	1	0	0	0	0	0	0	
0	0	1	1	0	0	0	1	1	1	1	1	0	0	0	1	0	0	1	0	
1	1	0	1	1	1	0	1	0	0	1	1	1	0	0	0	0	0	1	0	
1	0	1	1	0	0	1	1	0	1	1	0	1	1	1	0	1	1	1	1	
0	1	1	0	1	0	0	0	1	0	1	0	0	0	0	0	1	0	0	0	
1	0	1	1	0	1	0	0	1	0	1	0	0	0	1	0	0	1	1	0	
0	0	0	1	1	0	0	1	0	0	1	0	1	0	1	1	1	0	1	0	
1	1	0	1	0	0	0	0	0	1	1	0	0	0	1	0	1	1	0	0	
0	0	0	1	1	1	0	0	0	0	0	0	0	0	0	0	0	1	0	0	
1	0	1	0	0	1	0	1	0	1	1	1	1	1	0	0	0	0	0	1	
0	1	0	0	1	1	1	0	0	0	0	1	1	1	1	1	0	0	1	0	
0	1	1	0	1	0	1	0	1	0	0	1	0	0	0	0	0	1	1	0	
0	0	1	0	0	0	1	1	1	0	0	0	0	0	1	0	1	0	1	1	
1	0	1	1	0	0	1	0	1	0	0	0	0	1	0	1	0	1	1	1	
1	0	0	0	1	1	1	0	0	1	0	1	1	0	1	0	1	1	1	0	
0	0	0	0	0	0	1	1	1	0	1	1	0	1	1	0	1	1	1	0	
1	0	0	0	1	1	1	0	1	0	0	0	0	1	1	1	1	0	0	1	
0	1	0	0	1	1	0	0	1	1	1	0	0	0	1	1	1	1	0	1	
1	1	1	0	1	0	1	1	1	0	0	0	1	1	1	1	0	1	1	1	
0	0	0	0	1	0	1	0	1	0	1	1	1	0	1	0	0	0	0	0	
1	1	1	1	1	0	0	1	0	0	1	0	1	1	0	0	0	1	0	1	
0	0	1	1	0	1	0	0	1	1	0	0	0	1	1	1	0	0	1	0	
0	0	0	0	1	1	0	1	1	0	0	1	0	1	1	0	0	1	1	1	
0	1	0	0	1	0	0	1	0	1	0	1	0	0	0	1	1	1	1	0	
1	0	1	1	1	1	1	1	1	1	1	1	1	0	0	0	0	0	0	0	
0	1	0	0	1	0	0	0	0	0	0	1	0	0	1	0	1	0	0	1	
1	1	1	0	1	1	1	0	0	0	0	0	1	0	1	0	1	0	0	0	
1	0	1	0	1	0	1	1	1	1	0	1	1	1	1	0	0	0	1	0	
1	1	1	0	0	1	0	1	1	1	0	0	0	1	1	0	1	0	0	1	
1	1	0	1	0	1	1	1	0	0	1	0	1	1	1	1	1	0	0	1	
0	0	1	0	0	0	0	0	1	1	0	1	0	0	1	0	1	1	0	0	
1	1	0	1	0	1	0	1	1	1	0	0	0	0	1	1	0	0	1	1	
0	1	0	1	0	1	1	1	0	0	0	0	0	0	1	1	0	0	1	0	
0	0	0	0	0	0	1	0	0	1	0	0	0	1	1	0	1	0	0	0	
1	1	1	1	0	0	1	0	0	0	0	0	0	0	1	0	0	0	0	0	
0	1	0	0	0	0	0	1	0	1	0	0	1	1	1	1	0	1	0	1	
0	1	0	0	0	0	0	1	0	1	0	0	0	0	0	0	0	0	0	0	
1	1	1	1	0	0	1	0	0	1	0	1	1	1	0	0	0	0	1	1	
1	1	0	1	0	1	0	0	0	0	1	1	0	1	0	1	0	0	0	1	
0	0	1	1	0	1	0	1	0	0	0	1	0	1	1	0	1	0	0	0	
0	0	1	1	1	1	1	0	1	0	1	0	1	1	1	0	0	1	0	1	
1	1	1	1	1	0	0	1	1	0	0	1	0	0	1	1	1	0	1	0	
1	0	1	0	1	0	1	1	1	0	0	0	0	1	0	0	1	1	0	0	
0	0	0	1	1	1	0	1	0	1	1	0	1	1	0	1	0	0	0	0	
1	0	1	0	0	0	0	0	0	0	0	0	0	0	1	1	1	1	0	1	
1	0	1	1	0	0	1	0	1	0	1	1	1	0	0	1	1	1	0	0	
1	1	0	1	0	1	1	0	0	1	0	0	0	1	1	0	0	1	1	1	
1	0	0	0	1	0	1	1	1	1	1	0	0	0	0	1	0	1	1	0	
1	0	0	0	0	0	1	1	0	1	1	1	1	1	0	1	1	0	1	0	
0	0	1	0	1	0	1	0	1	0	1	0	1	1	1	1	1	1	1	0	
1	1	0	0	1	1	1	0	0	0	1	1	0	1	1	0	0	1	0	0	
1	0	0	1	1	0	0	0	0	0	0	0	0	1	1	0	0	0	1	1	
0	0	1	1	0	0	0	1	1	0	1	0	1	0	0	1	0	1	0	1	
1	0	0	1	0	1	0	0	0	1	0	1	1	0	1	1	0	0	0	0	
1	1	0	0	1	0	1	0	0	0	1	0	0	1	0	0	1	0	1	1	
1	1	1	1	1	0	0	0	1	1	1	1	0	0	0	1	0	1	0	0	
1	1	1	0	1	1	0	0	1	0	0	1	0	1	1	0	1	1	0	0	
0	1	0	1	0	1	1	1	1	0	0	0	0	0	1	1	1	1	0	0	
0	1	1	1	1	1	0	0	1	0	0	1	1	1	0	1	0	1	0	0	
0	1	1	1	1	1	1	1	1	0	1	1	0	0	1	0	1	1	0	1	
1	1	0	0	1	0	0	1	1	0	1	0	0	0	1	1	0	0	0	1	
0	0	1	1	1	0	1	1	0	1	0	0	0	0	1	1	0	1	1	1	
1	1	1	1	0	1	0	1	0	0	0	1	1	0	0	1	1	1	1	0	
1	1	1	1	1	1	0	1	0	0	0	0	1	1	1	1	0	1	0	0	
0	0	0	1	1	1	0	1	0	1	0	1	0	1	1	1	1	0	1	1	
1	0	1	0	1	1	1	0	0	0	1	1	0	0	1	1	0	0	1	1	
0	1	0	1	0	1	0	1	0	0	1	0	1	0	1	0	0	0	0	1	
1	1	1	1	1	1	0	0	0	1	1	1	1	0	0	1	1	0	0	1	
1	0	1	0	0	1	0	0	0	0	1	1	0	1	1	0	1	0	1	1	
1	0	1	1	1	0	0	1	1	1	0	1	0	1	1	1	0	1	0	1	
1	0	1	0	0	1	1	1	1	1	1	0	1	0	1	1	1	0	0	0	
1	0	1	0	1	1	1	0	0	1	0	0	1	1	0	1	0	0	0	1	
0	0	1	0	1	0	0	0	0	1	1	0	1	0	1	0	0	0	1	0	
0	0	1	0	1	1	0	0	1	0	1	0	0	1	0	1	1	0	0	1	
0	0	0	1	0	0	0	1	1	0	1	0	0	1	0	0	1	0	0	1	
1	1	0	0	1	1	1	1	1	1	1	0	1	1	0	1	1	1	0	1	
0	1	0	0	0	0	1	0	0	0	1	1	1	0	0	1	0	0	0	0	
1	1	0	0	0	1	1	0	1	0	1	1	1	0	1	1	0	1	0	1	
0	1	1	1	1	1	1	1	0	1	1	1	0	0	1	0	1	0	1	0	
1	1	0	1	1	1	1	1	0	0	0	1	1	0	0	1	0	1	0	1	
0	1	0	1	0	0	1	1	0	0	0	1	1	0	0	0	1	0	0	0	
0	0	0	0	0	1	0	1	1	0	0	1	1	0	1	0	1	0	0	1	
1	0	0	0	0	1	0	1	0	0	0	0	1	1	1	0	0	0	1	0	
1	0	1	1	0	1	1	0	0	1	1	1	0	1	0	1	0	1	1	0	
0	1	0	0	1	1	0	1	1	0	1	0	0	1	0	1	0	1	1	0	
1	0	0	1	1	0	1	0	0	0	1	1	0	1	0	1	1	1	1	0	
1	1	1	0	1	0	0	1	0	1	1	0	0	1	1	1	0	0	1	0	
0	1	1	1	0	0	0	0	0	0	1	1	1	0	1	0	1	0	1	1	
0	0	1	1	1	1	0	0	1	1	0	1	1	0	0	1	1	0	1	0	
0	0	1	0	0	1	1	0	1	0	1	1	1	0	0	0	1	0	1	0	
1	1	0	0	1	0	1	1	0	1	0	0	1	0	1	1	1	0	1	1	
1	0	0	1	1	0	1	0	1	0	0	0	1	0	0	1	0	0	1	0	
1	0	1	0	0	0	1	0	0	1	1	1	0	0	0	0	0	1	0	0	
1	0	1	1	1	1	0	0	0	1	0	0	1	0	1	1	1	1	1	1	
0	1	1	0	0	0	0	1	1	0	1	1	1	0	1	0	0	1	1	0	
0	0	0	0	1	0	1	0	1	1	0	1	1	1	0	0	1	1	1	1	
0	1	0	0	0	0	1	0	0	0	1	0	0	0	1	0	0	1	1	1	
0	1	1	0	0	0	1	0	1	1	1	1	0	1	0	1	1	0	0	1	
1	1	0	1	0	1	0	0	1	0	0	1	0	1	1	0	0	1	0	0	
1	0	0	1	1	1	1	0	1	0	1	1	1	1	0	0	0	1	1	1	
1	1	0	0	0	1	1	0	1	1	0	1	0	1	1	1	1	0	1	0	
0	1	0	0	1	0	0	1	0	1	1	0	1	1	1	0	1	1	1	1	
0	1	1	1	1	0	0	0	0	0	0	0	0	1	1	0	1	1	1	0	
1	0	1	0	0	0	0	1	0	0	0	1	1	1	0	1	0	1	1	0	
0	0	1	1	0	0	1	1	1	1	1	0	0	1	1	1	0	1	0	0	
0	0	1	0	1	1	0	1	0	0	1	1	1	0	1	0	0	1	0	1	
1	1	0	0	0	1	0	0	0	0	0	1	1	0	0	0	1	1	0	1	
0	0	0	1	0	0	1	0	0	1	1	0	0	0	1	1	1	0	1	0	
1	1	1	0	0	0	1	0	1	1	1	0	0	0	1	1	1	1	1	1	
1	1	1	0	0	1	1	0	1	1	0	0	0	0	0	0	0	0	1	0	
0	1	0	1	1	0	1	0	0	1	0	0	0	0	1	1	0	1	0	0	
0	1	0	1	1	0	1	0	1	1	0	0	0	1	0	1	0	1	0	1	
1	1	1	1	1	1	1	0	1	0	1	1	1	0	1	0	1	1	1	1	
1	1	1	1	0	0	1	1	1	0	1	1	0	1	0	0	1	0	0	1	
0	1	1	0	0	0	1	0	0	1	0	0	1	1	0	0	0	1	1	0	
0	1	0	1	1	1	1	0	1	0	0	1	1	0	1	1	1	1	1	0	
1	0	1	0	0	1	1	1	0	0	1	0	0	1	0	1	0	1	0	1	
1	1	1	1	1	0	1	0	1	1	1	0	1	0	1	1	0	1	1	0	
0	0	1	0	1	1	1	0	1	1	0	1	0	1	1	1	0	1	1	0	
1	0	0	0	0	0	0	0	1	1	1	1	0	1	1	1	0	1	0	1	
1	1	1	1	1	0	1	1	0	1	0	1	1	1	0	0	1	1	0	0	
0	1	1	0	1	0	0	0	1	1	0	1	1	0	1	1	0	0	1	1	
0	1	0	1	0	1	0	1	1	1	1	1	1	1	0	0	1	1	0	0	
0	0	0	1	1	1	0	0	1	1	0	0	0	1	0	0	1	0	1	1	
0	1	1	0	1	1	0	0	1	1	1	1	0	1	1	0	0	0	0	1	
0	0	1	0	1	0	1	1	0	1	1	1	1	0	0	1	1	1	1	1	
0	1	1	1	1	0	1	0	1	0	0	0	1	0	1	0	1	0	0	1	
1	1	0	0	0	0	0	0	1	1	1	1	1	0	1	0	1	0	0	1	
0	0	1	1	1	0	0	0	0	1	1	1	1	1	0	1	0	1	1	0	
0	1	1	0	0	0	0	0	1	0	0	0	0	1	1	1	0	0	0	0	
1	0	0	1	1	1	0	1	1	1	1	1	1	0	1	1	1	1	1	1	
0	0	0	0	0	0	0	0	1	0	0	0	1	0	0	0	0	1	1	0	
0	1	0	1	1	1	0	0	1	0	1	0	0	0	1	0	1	0	0	0	
1	0	1	1	0	0	0	0	1	0	0	1	1	1	0	0	1	0	1	0	
1	0	1	1	1	0	1	0	0	1	1	0	0	0	0	0	0	0	0	1	
0	1	1	1	0	1	0	1	0	0	0	0	0	1	0	0	0	1	1	1	
0	0	0	1	0	0	0	0	1	0	0	1	0	0	1	1	0	1	1	1	
1	1	0	0	0	1	1	1	1	1	1	1	0	0	1	0	0	0	1	0	
1	1	1	0	1	0	1	0	0	1	1	1	0	1	1	1	1	1	0	1	
0	1	1	1	1	0	0	1	1	0	0	0	0	0	0	0	0	0	1	1	
0	0	0	1	0	1	1	1	0	0	1	1	0	0	0	0	0	1	1	0	
1	1	1	0	0	0	1	1	0	1	0	1	0	0	1	1	1	0	0	0	
0	0	0	0	0	0	0	1	1	1	1	0	0	1	1	0	0	0	1	1	
1	0	0	0	0	1	0	0	0	0	1	0	1	1	0	1	1	1	1	0	
0	0	1	1	0	1	1	0	0	1	0	0	1	0	1	0	1	1	0	0	
0	1	0	0	1	0	1	1	0	0	0	1	0	1	1	0	0	1	0	0	
0	1	1	0	0	1	0	0	0	0	1	0	0	0	1	1	1	0	1	0	
1	1	0	1	0	0	1	1	1	1	0	1	0	0	0	0	1	1	1	1	
1	1	0	0	0	0	1	1	0	0	0	1	0	1	0	0	0	0	1	1	
0	1	1	0	1	1	1	1	0	1	0	0	1	1	1	1	1	0	1	0	
1	1	1	1	1	1	1	0	0	0	0	1	0	1	0	1	1	0	1	1	
0	1	1	0	1	1	1	0	0	1	1	0	1	0	0	1	0	1	0	0	
1	0	0	1	1	0	0	1	1	0	0	0	0	1	0	1	1	1	0	0	
1	0	1	0	0	0	0	0	0	1	0	0	0	0	0	0	0	0	1	1	
0	0	1	0	0	0	1	1	0	0	0	0	1	0	0	1	0	0	0	1	
0	1	1	1	1	0	0	0	0	1	0	1	0	1	1	0	0	0	0	1	
1	1	1	1	0	0	1	0	0	1	0	1	1	1	1	1	1	1	1	0	
1	0	0	1	1	0	0	0	0	0	0	1	1	0	1	0	0	1	0	0	
1	1	1	1	1	1	0	0	1	1	1	0	1	1	0	0	0	0	1	0	
1	1	0	0	1	0	0	0	1	0	1	1	1	1	1	0	1	1	1	1	
0	1	1	0	0	0	1	0	0	0	1	0	1	1	0	0	1	1	0	1	
0	0	1	1	0	1	1	1	1	0	0	1	1	1	1	0	0	0	1	0	
1	0	1	0	1	1	1	0	1	0	0	1	0	0	0	0	1	1	0	1	
0	0	0	1	1	0	0	1	0	1	0	1	1	0	0	0	0	0	0	1	
1	1	0	0	0	0	0	0	1	0	1	0	1	0	0	1	1	0	0	0	
1	1	0	1	1	0	1	1	0	1	0	0	1	0	0	0	0	0	0	0	
0	0	1	1	1	1	0	0	0	0	0	0	1	1	1	0	1	0	0	1	
0	0	1	0	1	1	0	1	1	0	0	0	1	0	1	1	1	0	1	1	
1	0	1	0	0	1	0	1	1	1	0	1	1	1	0	0	0	0	0	0	

invalid rows (last execution): 
3	6	11	20	22	23	26	29	31	34	35	37	41	47	49	51	55	58	62	64	66	73	85	93	96	107	111	112	113	125	129	132	135	140	152	161	164	176	180	182	193	194	195	210	211	212	217	222	228	234	235	237	238	248	252	257	265	267	272	273	275	277	280	281	286	289	291	292	296	297	
