forbidden tuples: 
(P_5.1, P_9.1, P_3.0, P_10.1, P_15.0, P_8.1)
(P_7.1, P_19.0, P_10.0, P_11.0, P_1.1, P_9.0, P_15.1, P_14.0, P_3.0, P_20.1, P_5.1, P_17.1, P_16.1, P_13.1)
(P_13.1, P_9.1, P_8.1, P_14.0, P_4.1, P_5.1, P_18.0, P_1.1, P_6.1, P_17.1, P_11.0, P_20.0)
(P_1.0, P_10.0, P_17.1, P_8.1, P_7.1, P_3.1, P_19.0, P_4.1, P_5.0, P_15.0, P_12.1, P_9.0, P_18.0, P_6.1, P_16.1, P_14.0, P_20.1)
(P_19.0, P_1.1, P_2.0, P_17.0, P_16.1, P_18.0, P_7.0)
(P_14.0, P_18.0, P_16.0, P_9.0, P_4.1, P_10.0, P_1.0)
(P_2.0, P_11.1)
(P_3.0, P_16.0, P_4.1, P_9.1, P_6.1, P_17.1, P_19.1, P_5.0, P_13.0, P_14.1, P_20.0, P_15.1, P_10.0, P_2.1, P_8.1, P_12.1, P_1.1)
(P_14.0, P_3.0, P_1.0, P_7.0, P_10.1, P_8.0, P_15.0, P_9.1, P_13.0, P_2.0, P_20.0, P_18.1, P_12.1, P_16.1)
(P_12.1, P_10.0, P_1.1, P_7.1, P_20.0, P_6.0, P_2.1, P_3.1, P_17.0, P_15.0, P_18.0, P_13.0, P_8.0, P_4.0, P_11.0, P_16.1, P_19.0, P_14.1)
(P_15.1, P_17.1, P_4.0, P_5.0, P_19.0, P_10.1, P_12.0, P_7.1, P_1.0, P_13.1, P_18.0)
(P_2.1, P_7.1, P_13.0, P_3.1, P_9.1, P_15.0, P_16.1, P_1.1, P_14.1, P_12.0, P_6.1)
(P_19.1, P_20.1, P_13.0, P_9.0, P_11.0, P_3.1, P_15.1, P_6.1, P_16.1, P_14.1, P_18.0, P_2.0, P_5.0, P_12.0, P_1.0, P_4.1, P_17.0, P_7.0, P_10.1, P_8.0)
(P_17.1, P_11.0, P_19.0, P_8.1, P_16.0, P_5.0, P_1.0, P_6.0)
(P_10.1, P_9.1, P_15.1, P_19.0, P_18.1, P_1.0, P_16.1, P_11.1, P_6.1)
(P_13.0, P_16.1, P_3.1, P_17.0, P_4.1, P_18.0, P_6.0, P_12.0)

 ----------Identity covering array: 
1	0	0	0	1	1	0	1	1	1	1	0	0	1	1	1	1	0	1	1	
1	0	1	1	1	0	1	1	1	0	1	0	1	1	1	1	1	0	0	1	
0	0	0	0	0	1	1	0	1	1	0	0	0	0	0	1	0	1	0	0	
0	0	1	0	0	0	0	0	1	1	0	1	1	0	1	1	0	0	1	1	
0	0	1	1	1	1	0	1	0	0	1	0	0	1	0	1	0	0	0	1	
0	1	1	1	1	1	1	1	1	1	0	1	1	0	0	1	0	1	0	0	
0	0	0	1	1	1	0	1	1	1	0	0	0	0	1	1	1	0	0	1	
0	1	1	0	1	0	1	0	0	0	0	0	1	0	1	1	0	1	0	0	
0	1	0	0	1	1	1	1	0	1	1	0	1	1	1	0	0	1	0	0	
1	0	1	1	0	0	1	0	1	1	0	1	0	1	0	1	0	1	1	1	
1	1	1	1	1	1	1	1	1	1	1	0	0	0	1	0	1	1	0	1	
1	1	0	0	1	0	1	1	0	1	1	1	1	0	1	0	0	0	1	1	
0	1	1	1	1	1	1	0	1	0	1	0	1	1	0	0	1	0	0	0	
0	1	1	0	0	1	1	1	1	1	1	0	1	1	1	1	0	0	1	1	
0	0	1	1	0	0	1	0	0	1	0	0	1	1	0	0	0	0	0	1	
1	0	1	0	0	1	0	0	0	0	0	0	1	1	1	1	1	0	1	0	
1	0	1	1	1	1	0	1	1	1	0	0	1	1	0	0	1	0	1	1	
0	1	0	0	0	1	1	0	1	0	0	1	1	1	0	1	1	0	0	0	
1	0	0	0	1	0	1	0	1	0	0	1	0	1	1	1	1	1	0	0	
1	0	0	0	1	1	1	0	1	0	1	0	1	0	1	0	0	0	1	1	
0	0	0	1	1	1	0	0	1	0	1	0	1	0	1	1	1	1	0	0	
0	0	1	0	1	0	1	1	1	1	1	0	1	0	0	0	0	1	1	0	
1	0	1	0	1	1	1	1	1	0	1	1	1	0	0	1	1	0	0	1	
0	1	1	1	0	0	0	1	0	0	0	0	1	1	0	0	0	0	0	1	
0	0	0	1	1	0	0	0	0	1	1	1	0	0	1	0	0	1	0	1	
1	0	1	1	0	0	1	1	1	0	1	1	0	0	1	0	0	0	0	1	
0	1	0	1	0	1	0	0	1	0	0	0	1	0	0	1	0	0	1	1	
0	1	1	0	0	1	0	0	1	1	1	1	0	1	1	1	1	1	0	0	
1	0	0	0	0	0	1	1	1	0	0	1	1	0	0	1	0	1	1	0	
1	0	1	1	1	0	1	0	0	1	0	1	1	0	1	0	1	1	1	0	
1	1	1	0	1	0	1	0	0	0	1	1	0	0	0	0	1	1	0	0	
0	0	1	1	1	0	0	1	1	0	0	0	0	0	0	1	0	0	1	0	
1	1	1	0	1	1	1	1	1	0	0	1	1	1	1	0	0	1	0	1	
0	0	1	1	0	1	1	0	1	1	1	1	0	0	0	0	0	0	0	1	
0	1	1	1	0	1	0	1	1	0	0	0	0	0	0	0	0	1	0	0	
0	0	0	0	0	1	1	1	0	0	0	1	0	1	1	1	0	0	1	1	
1	1	0	1	0	0	1	0	0	1	0	1	0	0	0	1	1	0	0	0	
0	0	1	0	1	0	0	1	0	1	0	1	1	1	1	1	0	1	1	0	
1	0	1	0	1	1	1	0	1	1	0	0	0	1	1	0	0	0	0	0	
0	1	0	0	1	0	1	0	1	1	0	0	1	0	1	1	0	1	1	1	
0	0	0	1	1	1	1	1	0	0	1	0	0	0	0	0	1	0	1	1	
0	1	0	0	1	0	1	1	1	0	1	0	0	1	1	0	1	0	0	1	
1	1	1	1	0	0	1	0	1	0	0	0	0	1	1	0	1	0	0	1	
1	1	0	1	0	1	0	1	1	0	1	0	1	1	1	0	1	1	0	0	
0	1	0	1	0	0	1	0	1	1	1	0	1	0	1	0	0	0	0	0	
1	1	0	1	1	0	0	1	1	1	1	0	1	1	0	1	1	1	1	1	
1	1	0	1	1	0	1	1	0	0	0	0	1	0	0	0	1	1	0	1	
1	0	1	1	1	0	0	0	1	0	0	1	0	1	1	0	0	0	1	0	
1	1	1	0	1	1	0	0	1	1	0	1	0	0	1	0	1	1	1	1	
0	1	1	1	1	0	1	1	0	1	0	0	0	0	1	0	0	0	1	1	
0	0	0	1	1	1	1	0	0	0	0	0	1	1	0	1	1	1	1	0	
0	1	0	0	0	1	0	1	1	1	0	1	1	1	0	1	1	1	1	1	
0	1	0	1	1	1	0	1	0	1	0	0	1	0	1	0	1	1	1	0	
0	0	0	0	0	0	0	1	1	0	1	0	1	0	1	1	0	1	0	1	
1	1	1	1	1	1	1	1	1	1	1	0	0	0	0	0	0	0	1	0	
0	1	1	1	1	0	0	1	0	0	1	1	1	0	1	0	1	0	0	0	
1	0	0	0	0	1	0	1	1	1	0	0	1	1	0	1	1	0	0	0	
1	1	0	0	0	1	1	1	1	0	0	0	0	0	1	1	1	1	1	1	
1	1	0	0	0	0	0	1	0	1	1	0	0	0	0	0	1	1	0	0	
0	0	0	0	0	1	1	1	1	1	1	0	1	0	1	1	1	0	1	0	
0	0	0	1	1	0	0	0	0	0	0	0	1	1	1	0	1	0	0	0	
1	0	1	1	1	0	0	1	1	1	1	1	0	0	0	1	1	1	0	0	
1	0	0	1	1	1	0	0	1	0	0	0	1	1	1	1	0	1	1	1	
0	1	0	1	1	0	1	0	1	1	0	1	0	0	0	0	0	1	1	1	
1	0	0	0	0	0	1	1	0	1	0	0	1	1	1	0	0	1	0	1	
1	1	1	1	1	0	1	0	1	0	0	1	1	0	1	1	0	0	0	1	
0	1	1	1	0	1	0	0	1	1	0	1	1	1	1	0	1	0	1	0	
1	0	1	1	0	1	1	1	1	1	0	1	0	1	1	0	1	1	0	0	
0	1	1	1	1	1	0	1	1	0	0	0	0	1	1	1	1	1	1	0	
0	1	0	0	0	0	0	0	0	1	0	0	0	1	1	1	1	0	1	0	
1	0	0	0	1	0	0	0	0	1	1	1	0	1	0	1	0	0	0	0	
0	1	0	1	0	0	0	0	0	0	0	1	1	1	1	1	1	1	1	0	
0	1	1	0	1	1	0	1	1	0	0	0	1	0	0	0	1	0	0	1	
0	0	1	0	1	0	0	0	1	0	1	0	0	1	0	1	0	1	0	1	
0	1	1	1	1	0	0	1	0	1	0	0	0	0	0	0	1	0	1	0	
1	1	1	1	0	1	0	0	1	1	1	0	0	1	0	1	1	0	1	1	
0	0	1	0	1	1	1	1	1	0	1	1	0	0	1	1	0	1	1	1	
1	1	0	0	0	1	1	1	1	1	0	0	0	1	0	0	1	1	1	0	
1	1	1	0	1	0	0	0	1	1	1	0	1	1	1	0	1	1	1	0	
0	1	1	0	0	1	0	0	0	0	1	0	0	0	1	0	1	0	1	1	
1	1	0	0	0	1	1	0	1	1	1	1	0	1	1	0	0	0	0	1	
0	0	0	0	1	0	0	1	0	0	1	0	0	1	0	1	1	0	1	1	
1	0	1	1	0	0	0	0	0	0	1	0	1	0	0	0	0	1	1	0	
1	0	1	1	1	1	0	0	0	0	1	1	0	1	1	0	1	1	0	1	
1	0	0	1	0	1	1	1	1	1	1	0	1	0	0	1	0	1	0	1	
1	0	0	0	1	0	0	0	0	1	0	0	1	0	0	1	1	1	0	1	
1	1	0	1	0	0	0	0	0	1	1	1	1	1	1	1	0	1	1	1	
0	1	0	0	1	1	1	0	0	0	0	1	0	0	1	1	1	0	1	1	
0	0	0	1	1	0	1	1	0	1	0	0	0	0	1	1	1	1	0	0	
0	0	1	1	1	0	1	0	0	0	1	0	0	1	1	1	1	0	1	0	
1	0	1	1	1	1	0	1	0	1	0	0	0	1	0	0	0	1	1	1	
1	1	0	1	0	1	0	0	0	1	0	0	0	1	1	1	0	1	0	1	
1	0	0	0	0	0	1	0	1	1	0	0	1	0	0	0	1	0	1	1	
0	0	0	1	0	0	1	1	1	0	0	1	0	1	0	1	1	0	1	1	
0	1	1	0	0	0	0	0	1	0	1	0	1	0	0	0	1	0	1	0	
1	1	1	1	1	0	1	0	1	0	1	1	1	0	0	0	1	1	1	1	
0	1	1	1	1	0	0	1	1	1	1	1	1	1	0	0	1	1	0	1	
0	1	1	1	0	0	0	0	0	1	1	1	0	0	0	1	0	1	1	0	
0	1	0	1	0	0	1	1	1	0	0	1	1	1	1	1	0	1	0	1	
0	1	1	0	0	0	1	1	0	1	0	1	0	0	1	0	1	1	0	1	
0	0	0	1	0	1	1	0	1	0	1	0	0	1	1	1	1	0	0	1	
1	1	1	0	0	1	0	1	0	1	0	1	0	1	1	0	0	1	1	0	
1	1	0	0	0	1	1	0	0	0	1	0	1	1	0	1	1	1	0	1	
1	0	1	0	1	0	0	1	0	0	0	0	0	0	1	0	0	0	0	1	
0	0	0	1	0	0	0	0	1	0	1	0	0	1	0	0	0	0	1	1	
1	1	0	0	1	1	0	0	0	0	0	0	0	1	0	0	1	0	0	1	
1	1	0	1	1	1	0	0	1	1	1	1	1	0	0	0	0	1	1	0	
0	1	1	0	0	1	1	1	0	1	0	0	0	0	1	1	0	0	0	0	
0	0	0	1	0	1	1	1	1	1	1	1	1	1	1	0	0	1	1	1	
1	1	0	1	1	0	0	1	0	1	0	1	0	1	1	0	1	0	0	1	
1	0	0	1	0	1	1	1	0	0	0	0	1	0	0	1	0	0	0	0	
1	0	1	1	1	0	0	0	1	1	0	0	1	0	1	0	0	1	0	1	
1	1	0	0	0	0	0	1	1	1	1	0	0	0	0	0	0	0	1	1	
0	1	0	1	1	1	0	1	0	1	1	1	0	1	0	1	1	1	0	0	
0	0	0	0	0	1	0	1	0	0	0	1	1	1	1	0	1	1	0	1	
0	1	1	0	1	0	1	1	1	1	1	1	0	0	1	1	0	0	1	0	
1	0	0	0	1	0	0	1	1	0	0	1	0	1	1	0	1	1	1	1	
0	0	0	0	1	0	1	1	1	1	0	0	1	1	0	1	0	0	0	1	
0	1	1	0	1	0	1	0	0	1	1	1	1	1	1	1	1	0	0	1	
0	1	0	1	0	0	0	1	0	0	1	0	1	0	1	1	0	0	1	0	
0	0	0	0	0	0	1	0	1	0	1	1	1	1	1	0	1	1	1	0	
1	0	0	0	1	1	0	1	0	1	1	0	1	0	1	0	1	0	0	1	
1	1	1	1	1	0	0	0	0	0	0	1	1	1	0	1	1	1	0	0	
0	1	1	1	0	1	1	0	0	1	0	1	1	0	1	0	1	0	0	1	
1	1	0	0	1	0	0	0	1	1	0	1	0	0	0	1	1	0	1	0	
0	0	1	1	1	1	1	0	0	0	1	0	1	0	1	0	0	1	0	1	
0	0	1	0	1	1	1	0	0	1	0	0	0	1	1	0	1	1	1	1	
1	1	1	1	0	0	0	0	1	0	0	0	0	1	0	1	0	0	0	0	
0	0	1	1	0	0	1	0	1	1	1	1	1	0	0	1	1	0	1	0	
1	1	0	1	1	0	0	1	1	0	0	0	1	1	0	0	0	0	1	0	
1	1	1	0	0	1	0	0	0	1	0	0	1	0	0	0	0	1	0	1	
1	1	1	0	0	0	0	0	1	0	0	0	0	1	1	1	0	1	1	1	
0	0	1	1	0	0	0	1	1	1	1	0	0	1	1	0	0	1	0	0	
0	0	1	0	0	1	0	1	1	1	0	0	0	0	0	1	1	1	1	1	
1	1	0	0	1	0	1	1	1	1	1	1	1	0	1	1	1	1	0	0	
0	0	0	0	0	1	0	0	0	1	1	0	1	1	0	0	0	0	1	0	
0	0	0	0	0	0	1	1	0	1	1	1	0	1	0	1	0	1	0	1	
0	0	0	1	0	0	0	1	1	1	0	1	1	0	0	0	1	1	1	0	
0	0	0	0	0	1	1	0	0	1	0	1	1	0	1	1	0	1	0	0	
0	0	0	0	0	0	1	0	0	0	0	0	0	0	0	0	0	1	1	1	
0	1	1	0	1	0	0	0	1	1	1	0	0	0	1	1	1	0	0	1	
1	1	1	1	0	1	0	1	0	0	0	1	0	0	0	0	1	0	1	1	
1	0	1	0	0	1	1	1	0	0	1	0	0	1	0	0	0	0	1	0	
1	0	0	0	1	0	0	1	1	0	1	1	1	1	0	0	0	0	0	0	
1	1	0	1	1	0	1	1	0	0	1	0	0	1	0	1	0	1	0	0	
1	0	1	0	0	0	1	1	0	0	0	1	1	0	1	1	1	0	1	1	
1	1	1	0	0	0	1	1	1	1	0	1	1	1	0	0	0	0	0	0	
1	1	0	1	1	0	0	0	0	0	0	1	1	1	0	1	0	0	1	1	
0	0	0	1	1	1	1	0	0	1	0	1	1	1	1	0	0	0	1	1	
1	1	0	1	1	1	1	1	1	0	1	1	0	1	0	1	1	0	1	0	
1	0	1	0	0	0	0	0	0	1	0	1	0	1	0	0	1	0	1	0	
0	1	0	0	1	1	1	0	1	1	1	0	0	0	0	1	1	1	1	0	
0	1	0	1	0	0	0	1	0	0	1	1	0	1	1	0	0	1	0	1	
0	1	1	0	1	0	1	1	1	0	0	1	0	1	0	0	0	0	1	1	
0	0	1	1	0	1	1	1	1	0	0	0	1	0	1	0	0	0	1	0	
1	0	1	0	0	0	0	0	1	1	1	0	0	1	1	1	1	1	1	1	
0	0	1	0	1	1	0	0	0	0	0	1	1	0	0	0	0	0	1	0	
1	0	0	0	0	1	0	0	0	0	1	1	1	0	0	1	1	0	1	1	
1	1	1	0	0	0	0	1	1	0	1	1	0	1	1	1	1	0	1	0	
0	1	0	0	1	1	0	0	1	0	1	1	1	1	1	1	0	0	0	1	
1	1	0	1	1	1	0	0	1	1	0	1	1	0	0	1	1	1	0	1	
0	0	1	0	0	0	1	0	0	0	1	1	1	1	1	0	0	0	0	0	
0	0	0	1	1	1	0	1	1	0	0	1	0	1	1	1	0	1	0	1	
1	0	0	1	0	1	0	1	1	0	0	1	0	0	0	0	0	1	0	1	
1	1	0	0	0	0	0	0	0	0	0	1	1	0	1	0	0	0	0	0	
1	0	0	0	0	1	0	0	0	0	1	1	0	0	0	1	0	1	0	0	
0	1	0	1	1	1	1	0	1	0	0	1	0	0	1	0	1	0	0	0	
0	0	0	0	0	1	0	0	1	0	0	0	0	0	1	0	0	0	0	0	
1	1	1	0	1	1	0	1	0	0	1	0	0	0	1	1	1	1	0	0	
0	1	1	1	1	1	0	0	0	1	0	0	0	0	0	1	0	1	0	1	
0	1	1	0	0	0	0	0	1	0	1	1	1	0	0	0	0	1	0	1	
1	1	0	0	1	0	1	0	0	1	1	1	0	1	0	0	1	1	1	1	
0	0	1	1	0	1	0	1	1	0	1	1	1	1	0	1	0	1	1	0	
1	1	0	0	0	0	1	0	1	0	1	0	1	1	0	1	0	0	1	0	
0	1	0	1	0	0	0	0	1	1	0	0	0	0	1	0	1	1	1	1	
0	0	0	1	1	0	1	0	0	0	1	1	1	0	0	1	0	0	0	0	
1	0	1	1	0	0	1	0	0	1	1	0	1	1	0	1	1	1	0	0	
1	1	0	0	1	1	1	1	0	0	0	1	0	0	1	1	0	1	0	1	
1	0	0	1	0	0	1	1	1	1	0	0	0	1	1	1	0	0	1	0	
1	1	1	1	0	0	0	1	1	1	0	0	1	0	1	1	1	0	0	0	
1	1	0	1	0	0	1	1	0	1	1	1	1	1	0	0	1	0	1	0	
1	1	1	0	0	1	1	0	0	1	0	1	0	0	0	1	0	0	1	1	
0	1	0	0	1	0	0	1	0	0	0	1	0	0	0	1	0	1	1	0	
0	0	0	1	1	0	1	0	1	1	1	0	0	1	0	0	1	1	0	0	
0	0	1	1	0	0	0	0	0	0	0	1	0	0	1	1	1	1	0	1	
1	1	0	0	1	1	0	1	0	1	0	0	1	0	0	1	0	0	1	0	
0	0	1	1	0	1	1	0	0	1	1	0	0	1	1	1	0	1	1	0	
0	1	1	0	0	1	1	0	0	0	1	1	1	1	0	1	0	0	1	1	
1	0	0	1	0	1	1	0	1	0	0	1	1	1	0	0	0	1	0	1	
0	1	1	1	0	1	1	0	0	0	1	0	0	1	0	0	1	1	1	1	
1	0	1	0	1	1	1	0	1	1	1	1	1	1	0	0	0	1	1	1	
0	0	0	1	1	1	0	0	1	1	0	1	0	1	0	1	0	0	1	0	
1	0	0	1	1	0	1	1	1	0	1	1	0	0	1	0	0	1	1	0	
0	0	1	1	0	1	1	1	1	0	1	0	1	0	0	1	1	1	0	1	
0	1	0	1	0	1	1	0	1	0	1	1	0	0	0	1	1	1	1	1	
0	1	1	1	1	0	0	1	1	0	0	1	1	0	1	0	0	1	1	1	
1	0	1	1	1	0	0	1	0	1	1	1	0	0	0	1	0	0	1	1	
0	0	0	0	1	1	0	0	1	1	0	1	0	0	0	0	1	1	0	1	
0	0	1	1	1	1	0	0	0	1	1	0	1	0	1	1	1	1	1	1	
0	1	1	0	1	0	0	1	0	1	1	1	1	0	0	1	0	0	0	1	
0	1	1	1	1	0	1	0	1	0	1	1	0	1	1	1	0	1	1	0	
1	0	0	1	0	0	0	0	1	1	1	1	1	1	1	1	1	0	0	1	
1	1	0	1	1	0	0	0	0	0	1	0	0	0	1	1	1	0	1	1	
0	0	0	0	0	0	0	1	0	1	1	1	0	0	1	0	1	0	1	0	
0	1	0	1	1	0	0	0	0	1	1	0	1	1	0	0	0	0	1	1	
0	1	0	0	1	0	0	0	1	1	0	0	1	1	0	0	0	1	0	0	
1	1	0	1	1	1	1	0	1	1	0	0	1	1	1	1	1	0	1	1	
1	0	1	1	0	1	0	0	0	1	0	0	0	0	0	0	1	0	0	0	
1	0	1	1	1	1	1	0	0	1	0	1	0	1	0	1	1	0	0	1	
1	0	1	0	0	1	0	1	1	1	1	1	1	0	1	0	0	1	1	1	
1	0	1	1	1	1	1	0	1	0	0	0	0	0	0	1	1	1	1	1	
1	0	1	0	0	1	0	0	1	0	0	0	1	0	0	0	1	1	0	0	
0	0	1	0	1	0	0	0	1	0	0	1	1	1	0	0	1	0	0	1	
0	1	0	0	0	0	0	1	1	0	0	1	0	0	0	1	1	0	0	1	
1	1	1	1	0	0	1	1	0	1	1	0	0	0	1	1	0	1	0	1	
0	1	0	1	0	1	1	1	1	1	0	0	0	1	0	0	0	0	1	1	
1	1	1	1	0	0	1	1	0	1	0	0	1	0	0	1	0	1	1	0	
0	1	0	1	0	1	0	1	1	1	1	1	0	0	1	1	0	0	1	0	
0	0	1	0	1	1	0	1	0	1	1	1	1	0	0	0	1	1	0	0	
0	0	1	1	0	0	0	1	0	0	1	0	1	1	1	0	1	1	1	1	
1	0	1	0	0	0	0	1	0	1	1	0	1	1	0	0	1	0	0	1	
1	0	0	1	1	1	0	1	1	0	0	1	1	0	1	1	1	0	1	0	
1	0	0	1	0	0	0	1	0	0	0	0	0	1	0	1	1	1	1	0	
1	0	1	0	0	0	1	0	0	1	1	0	0	0	1	1	0	0	0	0	
0	0	0	1	1	0	1	1	0	0	1	1	1	0	1	1	1	1	1	1	
0	0	1	0	0	1	1	1	1	1	1	1	0	1	0	0	1	0	0	0	
1	1	1	0	1	0	1	1	0	0	0	0	1	1	1	0	1	0	1	0	
1	0	0	0	1	1	1	1	0	1	0	1	0	0	0	0	0	0	0	0	
1	1	1	1	1	1	0	0	0	1	1	0	1	1	1	0	0	0	0	0	
0	1	1	0	0	1	1	0	0	0	0	1	0	1	0	1	0	1	0	1	
1	1	1	0	1	0	1	1	0	1	0	0	0	1	0	1	1	1	1	1	
1	1	1	1	0	1	0	1	0	0	0	1	1	1	1	1	0	0	0	1	
0	1	0	0	1	1	1	1	1	1	0	1	1	0	1	0	1	0	1	0	
0	1	0	0	0	1	1	1	0	0	1	1	1	0	0	0	0	1	1	0	
0	1	1	1	0	0	1	1	1	0	1	0	0	0	0	1	1	0	0	0	
1	1	0	1	0	0	1	0	1	1	1	1	0	1	1	0	0	1	0	0	
0	0	1	0	1	0	1	0	1	1	1	1	0	0	0	0	1	0	1	1	
0	0	1	0	1	1	1	0	0	0	0	0	1	0	0	1	1	0	0	1	
1	0	0	1	0	0	0	1	0	1	0	1	1	0	1	0	0	1	0	0	
1	0	0	1	1	1	1	1	0	1	1	1	1	1	1	1	0	0	0	0	
1	0	0	0	0	1	0	1	0	0	1	0	0	1	1	1	0	0	0	1	
1	0	0	1	0	1	1	0	0	0	0	1	0	0	1	0	0	1	1	0	
1	1	0	1	1	1	1	0	0	0	0	0	0	1	1	0	0	1	1	0	
1	0	1	0	1	1	1	1	0	1	1	1	1	1	0	1	1	1	1	1	
1	1	1	0	1	1	0	0	1	1	1	0	1	1	0	1	0	1	0	0	
1	1	0	0	0	1	1	1	0	0	1	0	0	0	1	0	1	0	0	0	
1	0	1	1	0	1	1	1	0	0	0	1	1	1	0	0	1	1	1	1	
1	1	0	1	1	0	1	0	1	1	1	0	0	0	0	1	0	0	0	1	
1	0	0	1	0	1	1	1	0	1	1	1	0	1	1	1	1	1	1	0	
1	1	1	1	0	0	1	1	0	0	1	1	0	1	1	0	0	0	1	1	
0	1	1	1	1	0	1	0	0	1	0	1	0	1	1	1	0	0	0	0	
1	1	1	0	0	1	1	0	1	0	1	0	1	0	1	1	1	1	1	0	
0	0	1	1	1	1	0	1	0	0	1	1	0	1	1	0	1	0	1	0	
0	1	1	0	0	1	1	0	1	1	0	0	1	1	1	0	1	1	0	1	
0	1	0	0	1	0	0	1	0	0	0	0	1	1	1	0	0	1	1	1	
0	1	1	0	1	1	0	0	0	1	1	1	0	1	1	0	0	0	1	1	
1	0	1	1	1	0	1	1	1	1	1	0	1	0	1	0	1	0	1	0	
1	0	0	0	1	1	0	0	0	0	1	1	1	1	0	0	1	1	1	0	
0	0	1	0	1	1	0	0	0	1	0	1	1	1	1	1	1	0	0	0	
0	1	1	1	0	0	1	1	0	1	1	0	0	0	1	0	1	1	1	0	
0	1	0	1	0	1	0	0	0	0	1	1	0	1	0	0	0	0	0	0	
0	0	1	1	1	0	1	1	1	1	0	1	1	1	1	1	1	1	1	1	
0	0	0	0	0	0	1	1	0	0	0	0	0	1	0	0	1	0	0	0	
0	0	0	0	0	1	0	0	0	1	0	1	1	1	0	0	0	1	1	1	
0	1	1	0	0	0	0	1	0	0	1	0	1	1	0	1	1	1	0	0	
1	0	0	0	1	0	0	0	0	1	1	0	0	0	1	1	0	1	1	0	
0	1	0	0	1	1	1	1	1	0	1	0	0	0	0	0	0	1	0	1	
0	0	1	1	1	0	1	1	0	0	0	1	0	1	0	0	0	1	0	0	
1	0	1	0	0	1	0	1	1	1	0	1	0	1	1	1	0	0	0	1	
1	1	1	1	1	1	1	0	0	1	1	1	1	0	1	1	0	0	1	0	
0	0	0	0	1	1	0	1	1	0	1	0	0	1	0	0	0	1	1	0	
1	0	1	0	0	0	1	1	1	1	0	0	0	0	0	0	0	1	0	1	
1	0	1	1	0	1	0	0	1	0	1	1	1	0	1	1	0	0	0	0	
0	1	0	0	1	0	0	1	1	1	0	1	0	1	1	0	0	0	0	0	
0	1	0	1	0	0	1	1	0	1	0	0	1	0	0	1	1	0	0	1	
1	0	0	0	0	0	1	0	0	0	1	1	1	0	1	0	1	1	0	1	
1	1	1	0	0	1	1	0	1	0	0	1	0	0	0	0	0	0	1	0	
0	0	0	1	0	1	0	1	0	1	1	1	1	0	0	0	0	0	0	1	
1	0	1	0	1	1	1	1	1	0	0	0	1	1	1	1	0	1	0	0	
1	1	1	0	1	1	0	1	1	0	0	0	0	0	0	1	0	0	0	0	
1	1	0	1	0	1	0	1	1	0	1	1	1	0	1	0	1	0	1	1	
1	1	1	1	1	1	0	1	0	0	1	0	1	0	0	1	0	1	1	1	
1	0	0	1	0	1	1	0	0	1	1	0	0	0	1	0	1	0	1	1	
0	1	0	1	0	0	1	0	1	0	0	0	1	1	0	1	0	1	1	0	
0	0	0	0	1	0	0	1	0	0	1	0	0	0	1	1	0	0	0	0	
1	0	0	1	1	0	0	0	1	0	1	0	0	0	0	0	1	0	0	0	
0	1	1	0	1	1	0	0	0	0	1	1	0	0	1	0	0	1	1	0	
1	1	1	1	0	1	1	1	0	0	1	1	1	0	1	1	1	1	0	0	
0	0	1	0	0	0	1	0	0	0	0	1	0	0	0	1	1	1	1	0	
0	1	0	0	0	1	0	1	0	1	1	0	0	1	1	1	1	1	1	1	
0	1	1	0	1	1	1	1	0	1	0	1	1	1	0	1	1	0	1	0	
1	1	0	0	1	1	1	0	0	1	1	0	1	0	0	0	1	0	0	0	
1	1	1	0	0	0	0	1	1	0	1	1	0	1	0	0	1	1	0	1	
1	0	1	0	1	0	1	0	0	0	1	0	1	1	0	1	0	0	1	1	
0	0	1	0	1	0	0	0	1	0	0	0	0	0	1	0	1	1	1	0	
0	0	0	1	0	1	0	0	0	1	0	0	1	1	0	1	1	0	0	0	
1	0	0	0	0	1	0	0	1	0	0	0	0	0	1	1	1	1	1	0	
0	1	0	0	1	0	0	0	0	0	1	1	1	0	0	0	1	1	1	1	
0	0	0	1	1	0	0	1	1	0	1	1	1	1	0	0	1	0	1	1	
0	1	1	0	0	0	0	0	1	0	1	0	0	1	1	1	1	0	0	1	

invalid rows: 
1	2	5	20	21	22	23	25	26	28	32	34	41	46	54	56	60	62	71	74	77	82	83	84	85	90	100	101	105	109	118	121	122	126	128	129	133	136	137	143	144	156	158	162	166	173	176	177	184	187	191	193	194	197	199	202	204	210	219	220	221	222	224	225	226	237	240	241	244	249	253	257	258	263	266	269	271	273	276	278	283	285	286	294	299	

 ----------Greedy covering array: 
1	1	0	0	1	0	0	1	1	1	1	1	1	0	0	1	1	0	1	1	
1	0	0	0	0	1	0	1	1	1	1	1	1	1	1	1	1	1	1	0	
0	1	0	1	0	0	0	0	1	0	1	0	0	0	1	0	0	0	0	1	
0	1	1	0	1	0	0	1	1	0	1	0	0	1	0	1	0	1	0	0	
0	0	0	0	0	1	0	0	0	1	1	1	0	0	0	1	1	1	1	1	
0	1	1	1	0	1	1	0	1	1	1	1	0	1	1	0	0	1	0	1	
0	1	0	0	0	1	0	1	1	1	1	1	1	0	0	1	0	0	0	1	
0	0	0	1	0	0	1	1	0	0	1	1	0	1	1	0	0	1	0	0	
0	1	0	1	0	0	1	1	0	1	0	1	0	1	1	0	1	0	1	1	
1	1	1	1	1	1	0	0	1	0	1	0	0	0	1	1	1	1	0	0	
1	1	0	1	0	1	1	1	1	1	0	1	1	0	1	1	0	1	1	1	
1	1	1	0	1	0	1	1	0	1	0	1	0	1	1	1	0	0	1	0	
0	0	0	0	0	1	1	0	1	0	0	1	1	1	1	0	1	1	1	1	
0	1	0	0	1	0	1	1	1	1	1	0	0	1	1	1	1	1	1	1	
0	1	0	0	0	1	0	0	0	0	0	0	0	1	1	1	1	1	0	0	
1	0	0	0	1	0	0	1	0	0	1	0	1	1	0	0	1	1	0	1	
1	1	0	0	1	1	0	0	1	1	0	1	1	1	0	1	1	1	0	1	
0	0	1	0	0	0	1	0	1	0	1	0	1	1	1	0	1	0	0	1	
1	0	1	1	0	0	0	1	1	0	1	1	1	0	1	0	1	0	0	0	
1	0	0	0	1	0	0	1	1	0	0	1	0	1	1	1	0	0	1	1	
0	0	0	1	0	1	0	1	1	0	1	1	1	1	0	0	0	0	1	1	
0	1	0	1	1	0	0	0	1	1	0	1	0	1	1	0	0	1	1	0	
1	0	1	0	0	0	0	0	1	1	1	1	1	1	1	1	0	1	1	1	
0	0	0	0	0	1	1	0	0	1	0	0	0	1	0	1	1	1	0	0	
0	1	1	1	0	1	0	1	0	0	0	1	0	0	0	1	0	0	1	0	
1	0	1	0	0	1	0	1	1	1	0	0	0	0	1	1	0	1	1	0	
0	0	0	0	1	1	1	0	1	0	1	0	0	1	0	1	0	0	0	1	
0	1	1	1	0	0	1	1	1	0	1	0	1	0	0	0	1	1	1	1	
1	0	1	1	1	0	0	0	1	1	1	0	0	1	1	0	0	0	0	0	
1	1	1	1	1	1	0	1	0	0	0	1	1	1	1	0	0	1	0	0	
1	0	1	1	0	0	1	0	0	0	0	1	1	0	1	0	0	1	1	0	
0	0	0	0	1	1	0	0	1	1	1	1	0	0	0	0	0	1	0	0	
1	0	1	1	0	0	1	1	1	1	0	1	0	1	1	1	1	1	0	1	
0	1	1	0	0	1	0	0	1	0	0	0	0	0	1	1	0	1	1	1	
0	0	0	1	0	1	1	0	1	1	0	0	0	0	0	0	0	1	0	1	
0	0	1	0	1	0	0	1	0	1	1	0	0	0	1	1	1	0	0	1	
1	1	1	0	0	1	1	0	0	0	1	0	1	0	1	0	0	0	0	0	
0	1	1	1	1	0	0	1	0	1	1	1	0	1	0	0	1	1	0	0	
1	1	0	0	0	0	0	1	1	0	0	1	0	0	1	0	1	1	0	1	
0	1	0	1	1	0	1	1	1	0	1	1	0	1	1	1	0	0	0	0	
0	0	0	0	1	1	0	0	0	1	0	1	1	0	1	1	0	0	1	1	
0	0	0	0	0	0	1	1	1	1	0	1	1	0	1	1	1	0	1	0	
1	0	0	0	0	1	1	1	1	0	0	0	1	0	1	1	1	1	0	0	
1	0	0	1	0	1	1	1	1	1	0	0	1	1	0	0	1	0	1	1	
0	1	0	0	0	1	1	1	1	0	0	0	0	1	1	0	0	0	1	0	
1	1	0	1	1	1	1	0	1	1	1	1	1	1	0	1	1	0	1	0	
1	0	0	1	0	1	1	0	0	1	0	1	1	1	1	1	0	0	0	0	
1	0	1	0	1	1	0	1	1	0	0	1	0	0	0	0	1	1	0	0	
1	1	1	1	1	0	1	1	1	0	0	1	1	0	0	1	0	1	0	1	
0	1	0	0	1	1	1	1	0	1	0	1	0	0	1	1	0	1	0	0	
0	0	0	1	1	1	0	0	0	0	1	1	1	1	1	0	1	0	0	1	
0	1	1	1	1	0	1	0	1	1	1	0	1	1	0	1	1	0	0	1	
0	1	0	1	1	1	1	1	0	1	0	1	1	1	0	0	0	0	0	1	
0	0	0	1	0	0	0	1	1	1	1	0	0	1	0	1	0	0	1	0	
1	1	0	0	1	1	1	0	1	1	0	1	0	0	1	0	0	1	1	1	
0	0	1	0	0	1	1	1	0	1	0	1	1	1	0	0	0	1	1	0	
1	1	0	0	0	0	0	0	1	1	1	0	1	1	0	0	1	0	0	1	
1	0	0	1	1	0	1	1	1	1	1	0	1	0	1	1	0	0	0	1	
1	1	0	1	0	0	1	0	0	1	0	0	1	0	0	0	0	0	1	0	
0	1	0	0	1	0	0	1	1	1	1	0	1	1	1	0	0	0	1	1	
0	0	0	0	0	1	0	1	0	0	0	1	1	1	0	0	1	0	0	0	
1	1	1	1	0	1	0	0	1	1	1	1	1	0	0	0	0	1	1	0	
1	0	0	1	1	1	0	1	1	0	1	1	0	1	0	1	1	0	0	1	
0	1	1	1	1	1	1	0	1	0	0	1	0	0	1	1	0	0	0	0	
1	1	0	1	0	0	0	1	0	1	0	0	0	1	1	1	1	0	0	0	
1	0	1	0	0	1	1	1	1	0	1	1	0	1	1	1	0	1	0	0	
0	1	1	0	1	1	1	1	1	0	0	0	1	1	0	0	1	1	0	1	
1	1	1	1	0	1	0	1	1	1	0	0	1	0	1	0	1	1	0	1	
0	0	0	1	1	1	1	1	1	1	1	1	1	0	0	0	1	1	0	1	
0	1	0	0	1	0	1	1	0	0	1	0	1	0	0	0	1	0	0	0	
1	1	1	0	0	0	0	0	0	0	1	1	0	0	0	0	1	0	1	0	
0	0	1	1	1	1	1	1	0	0	1	0	1	1	0	0	1	0	0	0	
0	0	0	0	0	0	1	0	1	1	0	1	1	1	0	1	0	1	0	1	
0	0	0	1	0	0	0	0	1	0	1	1	0	0	0	1	1	1	1	0	
0	1	0	0	1	1	1	0	0	1	0	1	1	0	0	0	0	1	0	0	
1	1	0	0	1	1	1	0	1	0	1	0	1	0	0	1	1	1	1	1	
0	0	1	1	1	0	0	1	1	1	1	1	0	0	1	1	0	1	1	1	
1	1	0	1	1	0	1	0	1	1	0	0	1	0	1	0	1	0	0	1	
1	1	0	1	1	0	1	1	1	0	0	1	1	1	0	0	1	1	1	0	
0	0	0	0	1	0	1	1	0	0	0	0	1	0	0	1	0	1	1	1	
1	1	1	0	0	0	1	1	1	0	0	0	0	0	1	1	1	0	1	1	
0	0	0	0	1	0	0	0	0	1	1	1	1	0	0	1	1	0	1	0	
1	0	0	1	1	1	0	0	0	0	0	0	0	1	0	0	0	1	1	0	
1	0	1	1	0	1	0	1	0	0	0	1	1	0	0	1	1	1	1	1	
1	1	0	1	0	1	0	0	1	1	1	0	0	1	1	1	0	0	1	1	
1	1	0	1	0	0	0	0	0	0	1	1	1	1	0	1	0	0	0	0	
1	1	1	1	1	1	1	1	0	0	1	0	0	1	0	1	1	0	1	0	
0	0	1	0	1	0	1	1	0	0	1	1	1	0	1	1	0	0	0	1	
0	1	0	1	0	1	0	1	0	1	1	1	1	0	1	0	0	0	0	0	
0	0	0	0	1	1	0	1	0	0	1	1	1	0	1	0	1	1	1	0	
1	1	0	1	1	1	0	0	0	1	0	1	0	0	0	1	1	1	0	1	
1	1	0	1	0	1	1	1	0	0	1	0	0	0	0	1	1	0	0	1	
1	1	0	0	1	0	0	0	1	0	0	0	1	1	1	1	0	0	0	0	
0	0	1	0	1	1	0	0	1	1	1	0	1	0	1	1	1	0	0	0	
0	0	0	0	1	0	1	0	1	0	0	0	1	1	0	0	0	1	1	0	
1	0	1	1	1	1	1	0	1	0	0	1	1	1	1	1	0	1	1	0	
0	1	1	1	0	1	1	0	1	1	0	1	1	1	0	1	1	1	1	0	
0	1	1	1	1	1	1	0	0	0	1	0	0	0	0	0	0	1	1	0	
0	0	1	1	0	1	1	1	1	1	1	0	0	1	1	1	1	0	0	0	
0	1	1	1	0	0	1	1	0	1	0	0	1	0	1	1	0	1	0	0	
0	0	0	0	0	1	0	1	1	0	1	0	1	0	1	1	1	0	1	1	
1	1	1	1	1	0	1	1	0	1	0	0	0	0	0	0	1	1	0	1	
1	0	0	1	0	0	1	0	0	0	1	0	1	1	1	1	1	0	1	1	
1	0	0	0	0	0	0	1	0	1	0	1	0	0	0	1	0	1	0	0	
0	0	0	0	1	1	0	0	1	0	0	0	0	0	0	1	1	0	1	0	
1	0	0	0	0	0	1	0	0	0	0	1	1	0	0	1	1	0	0	1	
1	1	1	1	1	1	1	0	1	0	0	1	0	1	0	0	0	0	1	1	
0	1	0	0	0	0	1	1	0	1	1	0	0	0	1	0	0	1	0	1	
0	1	1	1	1	1	0	1	1	1	0	0	0	1	1	1	1	0	1	1	
1	1	1	0	0	1	1	1	0	1	0	1	1	0	0	1	1	0	0	0	
1	0	0	0	0	1	0	0	0	1	1	0	0	1	1	0	0	0	0	1	
1	1	0	1	0	1	0	1	1	0	0	1	0	1	0	1	0	1	0	0	
1	1	0	0	1	0	1	0	1	1	0	0	0	0	0	1	0	0	1	0	
0	1	1	1	0	1	1	0	0	1	1	1	1	0	0	0	1	0	1	1	
0	0	1	1	0	0	0	1	0	1	0	0	1	1	0	1	1	0	0	1	
0	1	1	0	1	0	1	1	1	1	1	1	0	0	1	0	0	1	1	0	
1	0	1	1	1	0	0	1	1	1	0	1	1	0	0	1	1	0	0	0	
0	1	0	0	0	0	0	0	1	1	1	1	0	1	1	1	1	0	0	0	
0	1	1	0	0	0	1	1	0	0	1	1	1	1	1	1	1	1	1	0	
0	0	0	0	1	1	1	1	0	1	1	0	0	1	0	0	0	0	1	0	
0	0	1	1	1	0	0	1	1	0	0	0	1	1	1	0	1	0	1	0	
1	1	0	0	0	0	0	1	0	1	0	1	1	1	0	1	0	0	1	1	
1	0	1	1	0	1	1	0	0	0	1	1	1	1	0	0	1	1	0	0	
0	1	1	0	0	1	1	1	0	0	0	0	1	1	1	1	0	1	0	1	
1	1	1	0	1	0	1	0	1	0	1	1	1	0	0	0	0	0	0	0	
0	0	0	1	0	1	0	1	0	0	0	1	0	1	1	1	0	1	1	1	
0	1	0	1	1	0	0	1	0	0	0	1	1	0	1	1	1	1	0	1	
1	0	0	0	0	1	1	0	1	0	1	0	0	0	0	0	1	1	0	0	
0	1	1	0	1	1	0	0	1	0	1	0	1	1	1	0	0	1	1	0	
1	0	0	0	1	1	1	0	1	1	0	1	0	1	0	0	1	0	0	0	
1	1	0	1	0	0	1	0	0	0	0	0	0	1	0	1	0	1	0	1	
1	0	0	1	1	0	1	1	1	0	1	0	0	0	0	1	1	1	0	0	
0	1	0	1	0	1	0	1	1	1	0	0	0	0	0	0	1	1	1	0	
0	1	0	1	1	0	0	0	1	1	1	0	1	0	0	1	0	1	0	1	
1	1	1	1	0	0	1	1	1	1	1	1	1	1	1	0	0	0	1	0	
0	1	0	0	1	0	0	0	0	0	0	0	0	1	0	0	1	0	1	1	
0	1	1	1	0	0	0	0	0	1	1	0	0	0	1	1	1	0	1	0	
0	1	1	1	1	1	0	0	1	1	0	0	1	1	0	0	0	0	0	0	
0	1	1	1	0	0	0	1	0	0	1	0	0	1	1	0	0	0	0	1	
0	0	0	1	1	0	0	0	0	0	0	0	0	0	1	1	0	0	0	0	
0	1	0	0	0	0	1	1	1	0	1	1	1	0	0	1	0	1	1	0	
1	0	1	0	1	1	1	0	0	1	0	0	1	0	0	1	0	1	0	1	
1	0	0	0	1	0	0	0	0	1	0	0	0	0	1	0	1	1	1	1	
1	0	1	0	0	0	0	0	1	1	0	1	0	1	0	0	1	0	1	0	
1	0	0	1	0	1	1	0	0	1	1	1	0	0	1	0	1	0	1	0	
1	0	1	0	1	0	0	1	0	1	1	0	1	1	1	1	0	1	0	0	
1	1	1	0	0	0	1	0	1	1	0	0	0	1	1	0	1	1	0	0	
1	0	1	0	1	1	1	0	0	0	1	1	0	1	0	1	1	0	0	0	
0	1	1	0	1	1	0	1	0	0	0	1	0	1	1	1	1	0	0	1	
1	0	1	0	1	1	1	0	1	1	1	1	1	0	1	0	1	0	1	1	
1	1	1	0	1	0	0	0	0	0	0	0	1	0	0	0	1	1	0	0	
0	1	0	1	1	0	1	0	1	0	1	1	1	0	1	0	0	0	1	1	
0	0	1	1	0	1	1	1	0	1	0	0	0	0	0	1	1	0	1	0	
0	0	1	0	1	0	1	0	1	1	0	1	0	0	1	1	1	1	0	0	
0	0	0	0	1	1	0	1	1	1	0	0	0	1	1	0	0	1	0	1	
1	1	0	1	1	0	0	1	1	0	1	0	1	0	0	1	1	1	1	0	
0	0	1	0	1	0	0	0	0	0	0	1	0	1	0	0	0	1	0	1	
1	0	1	0	1	0	0	0	0	0	1	0	1	1	0	1	0	0	1	1	
1	0	1	0	1	0	1	1	1	1	1	0	1	0	0	0	1	1	1	0	
0	0	1	0	0	0	1	1	1	0	1	1	0	1	0	1	1	0	1	1	
1	1	1	1	0	1	1	0	1	0	1	1	1	1	0	1	0	0	0	1	
0	0	1	0	0	0	0	1	0	0	0	0	0	1	1	0	1	1	1	0	
0	0	1	1	0	1	0	1	1	1	1	1	0	0	0	1	1	0	0	1	
1	0	1	1	0	1	0	0	1	1	0	0	0	0	0	1	0	0	0	1	
1	0	1	0	0	0	1	1	0	0	0	0	0	1	0	0	0	0	0	0	
1	0	1	1	0	0	0	0	0	0	1	0	0	0	0	0	0	0	1	1	
0	0	1	0	0	1	1	1	1	0	0	1	1	0	1	0	0	0	0	1	
0	0	0	0	0	0	0	1	1	0	0	0	0	0	0	0	0	0	0	1	
1	0	0	1	0	0	1	1	0	1	1	1	1	0	0	0	0	1	1	1	
0	1	0	1	0	1	1	0	0	0	1	1	0	0	0	1	0	1	0	1	
0	0	1	1	0	0	1	0	1	0	0	0	0	1	0	1	0	1	1	0	
1	1	1	1	1	0	1	0	0	0	0	1	1	0	1	1	1	0	1	0	
0	0	1	1	1	1	0	0	1	1	1	0	0	1	0	0	1	1	1	1	
1	0	0	0	1	0	1	0	1	0	1	0	0	1	1	0	1	0	1	0	
0	1	0	1	1	1	1	1	1	0	0	0	1	0	0	1	0	0	0	0	
0	0	1	0	0	1	0	0	0	0	1	1	0	1	1	0	0	0	1	0	
1	1	0	1	0	1	0	0	0	0	1	0	1	1	1	0	1	1	1	0	
1	0	1	1	0	0	1	1	0	1	1	1	0	0	1	1	0	0	0	1	
1	1	0	0	1	1	0	1	1	1	1	0	0	0	1	0	1	0	0	0	
1	1	0	0	0	1	1	1	1	1	1	0	1	1	0	0	0	1	0	0	
1	1	1	0	1	1	1	0	0	1	0	0	1	1	1	0	1	0	1	0	
1	1	1	0	1	0	1	0	0	0	1	0	0	0	1	1	0	1	0	1	
0	0	1	1	1	0	1	0	0	1	1	1	0	0	0	0	0	0	0	0	
0	1	0	1	0	1	0	0	1	0	0	1	1	0	1	0	1	0	1	0	
0	0	1	1	0	1	0	1	0	0	1	0	1	0	0	1	0	1	0	0	
1	1	0	0	1	0	1	0	0	1	1	1	0	1	0	0	0	0	0	1	
0	1	0	1	1	1	0	1	0	0	1	0	0	0	1	0	1	1	1	1	
0	0	1	0	1	0	1	0	0	0	1	0	0	1	1	1	1	1	1	1	
1	0	1	1	0	1	0	0	1	0	0	0	0	1	1	1	1	0	0	1	
0	0	0	1	1	1	1	0	0	0	0	0	1	0	1	1	1	1	1	1	
1	1	1	1	1	0	0	0	1	0	0	1	0	1	1	1	1	1	1	1	
0	1	1	0	1	1	0	0	1	0	1	1	0	0	0	0	1	0	0	1	
1	0	1	1	1	1	0	1	1	1	0	1	0	0	1	0	0	0	1	0	
0	0	0	1	0	1	0	0	1	1	1	0	1	1	1	1	0	1	1	1	
0	0	1	1	1	1	1	0	1	0	1	0	1	0	1	1	0	0	1	1	
0	0	1	1	1	1	1	1	1	1	0	1	0	1	0	1	0	1	0	0	
1	1	1	0	1	1	0	0	0	1	1	1	0	0	0	1	0	1	1	0	
0	1	1	1	0	0	0	0	1	0	0	1	1	0	0	1	0	0	0	1	
0	1	0	1	1	1	0	1	0	0	1	1	1	1	0	1	0	1	1	1	
0	1	1	0	0	0	1	0	0	1	1	1	0	1	0	1	0	1	1	0	
0	0	1	1	1	1	1	1	1	0	1	1	0	0	1	0	1	1	1	0	
1	1	1	0	0	1	0	1	1	0	1	0	1	1	0	1	1	0	1	0	
1	0	0	0	1	1	1	1	0	0	1	1	1	0	0	1	0	0	1	0	
0	1	1	0	1	0	0	1	0	1	0	0	1	0	0	0	0	0	1	0	
0	1	0	0	1	1	1	0	0	0	0	1	0	1	0	1	1	0	1	0	
0	1	0	1	0	0	1	0	1	0	0	1	0	1	0	0	1	0	0	0	
1	1	0	0	1	1	1	1	1	0	1	1	1	1	1	1	1	0	0	1	
1	1	0	0	0	1	0	0	0	0	0	0	1	0	0	0	0	1	0	1	
1	1	1	0	0	1	0	0	0	0	1	1	1	0	1	1	1	1	0	1	
1	1	1	1	1	0	0	1	1	1	0	0	0	1	0	1	0	1	1	1	
1	0	0	1	1	1	0	0	1	0	1	1	1	0	1	1	0	1	0	1	
1	0	0	1	0	0	0	0	1	0	0	0	1	1	0	0	0	1	0	1	
0	0	1	0	0	0	0	0	1	0	0	1	1	1	0	1	1	1	0	0	
0	0	1	0	0	0	1	0	1	1	1	0	1	0	0	1	0	0	0	0	
1	1	0	1	0	1	1	1	0	1	1	0	0	0	1	1	0	1	1	0	
0	1	0	0	1	1	1	0	1	1	0	0	0	0	1	1	1	0	0	1	
1	1	0	1	1	1	1	0	0	1	1	0	0	1	1	0	0	1	0	0	
0	1	1	0	1	1	1	1	1	1	1	0	0	0	0	0	0	0	1	1	
0	1	1	1	0	0	0	0	0	1	0	1	1	1	0	0	0	1	1	1	
0	0	0	1	1	1	0	1	0	1	0	0	1	1	0	1	1	1	1	0	
1	1	0	0	0	0	0	0	0	1	0	0	1	1	0	1	1	1	1	0	
1	0	1	0	1	1	0	1	1	1	1	1	1	1	0	0	0	0	0	1	
1	0	0	1	1	1	0	0	0	1	1	0	1	0	0	0	1	0	0	0	
1	1	0	0	0	0	0	1	0	0	1	0	0	0	1	0	0	1	1	0	
0	0	1	1	1	1	0	1	0	1	1	1	1	1	1	1	0	0	1	0	
0	1	1	0	0	0	0	0	1	1	0	0	1	0	1	0	1	1	1	1	
1	0	0	0	1	0	1	1	0	1	0	1	1	1	1	0	1	1	0	0	
1	1	1	0	0	0	0	0	0	1	0	1	0	0	1	0	0	0	0	1	
1	1	0	0	0	1	1	1	0	0	0	1	0	1	0	0	1	1	1	1	
0	0	1	1	0	0	1	0	0	0	1	0	0	0	1	1	1	1	0	1	
1	1	0	1	1	0	1	0	0	1	1	1	1	0	1	1	1	1	0	0	
1	0	1	0	0	1	1	1	0	1	1	0	0	1	0	1	1	1	0	1	
0	1	1	0	1	0	1	1	1	1	0	1	1	1	1	0	0	0	0	1	
0	0	1	1	1	0	1	0	0	1	0	0	0	1	1	0	0	0	1	1	
0	0	0	0	0	1	1	0	1	1	1	0	1	0	1	0	0	1	1	0	
1	1	1	1	0	1	1	1	1	0	0	0	0	0	1	0	1	0	1	0	
0	1	1	0	1	0	0	0	1	0	0	1	1	0	1	1	0	1	1	0	
0	0	0	0	0	0	0	0	0	0	1	1	1	1	1	1	0	1	0	1	
1	1	1	1	0	1	0	1	0	1	0	0	0	1	0	0	0	0	0	0	
1	1	1	0	0	1	0	1	0	1	1	1	0	1	1	0	1	0	1	1	
1	0	0	0	0	0	0	1	0	1	1	0	0	0	0	1	1	0	1	1	
1	0	1	1	1	1	0	1	0	0	0	0	0	0	1	0	0	0	0	1	
1	0	0	1	1	1	1	1	0	0	0	1	0	0	1	0	1	0	0	1	
1	1	1	1	1	0	0	0	0	1	1	1	1	1	1	1	1	1	1	1	
1	1	0	1	0	0	1	0	1	0	1	1	0	1	0	0	1	1	1	1	
1	0	0	0	0	0	1	1	0	1	0	0	1	0	1	0	0	0	1	1	
1	0	1	1	1	1	0	0	0	1	0	0	1	1	1	1	1	1	0	1	
1	1	0	0	0	1	1	0	1	0	1	1	0	0	1	1	0	0	1	0	
1	1	1	1	1	1	0	1	0	1	1	0	1	0	1	0	1	0	1	1	
1	0	1	0	1	1	1	1	0	1	0	0	0	0	1	1	1	1	1	0	
0	1	1	0	0	1	1	1	0	0	1	1	0	0	1	0	1	1	0	0	
1	0	0	1	1	0	1	1	1	0	1	0	1	1	1	0	0	1	1	1	
0	0	1	0	1	1	0	1	0	1	0	1	1	0	0	0	1	1	1	1	
0	1	0	1	0	0	1	1	1	0	0	0	1	1	1	1	1	1	0	1	
0	0	0	1	1	0	1	1	0	1	0	1	0	1	0	1	1	0	0	0	
0	1	1	0	1	0	1	1	0	0	0	1	0	0	0	1	1	1	1	1	
1	1	0	0	1	1	0	1	1	1	0	1	1	1	1	0	0	1	1	0	
1	0	1	1	1	0	0	0	0	0	0	1	1	1	0	0	1	0	1	1	
0	1	1	0	0	0	0	1	0	0	1	1	1	1	0	0	1	1	0	1	
0	1	0	1	1	1	1	1	0	1	0	0	1	0	1	0	0	1	1	0	
0	0	1	0	0	1	1	0	0	0	0	0	0	0	0	0	1	0	1	1	
0	1	1	1	1	1	0	1	1	1	1	1	1	1	1	1	1	1	0	0	
0	0	0	0	0	0	0	0	0	1	0	0	1	0	1	0	1	0	0	0	
0	1	1	1	1	0	0	0	0	0	0	0	0	1	0	1	1	0	0	1	
0	0	0	1	0	0	1	0	0	1	1	0	1	1	0	0	1	1	1	0	
1	1	0	1	1	0	0	1	0	0	1	1	0	0	0	0	0	0	1	0	
0	0	0	1	0	0	1	0	1	1	0	1	0	0	1	1	0	0	1	1	
0	0	1	1	0	1	0	0	0	1	0	1	0	0	1	0	1	1	0	0	
1	1	1	0	0	0	0	1	1	1	1	0	0	0	0	1	1	1	0	1	
1	1	1	0	1	1	1	1	0	0	1	1	0	1	1	0	0	1	1	1	
0	0	0	1	1	0	0	0	1	1	0	1	0	0	0	0	1	0	1	1	
1	1	0	1	0	0	0	0	1	1	0	0	0	0	1	1	0	1	0	0	
1	0	1	0	0	1	0	1	1	0	1	0	0	1	0	0	0	1	1	1	
0	1	1	0	0	0	1	1	1	1	0	1	0	0	0	0	1	0	0	0	
0	1	0	0	0	1	1	0	0	1	1	0	1	1	1	1	0	0	0	0	
1	0	1	1	0	0	0	1	0	0	0	0	1	1	1	1	0	0	1	0	
1	0	1	0	1	0	1	0	1	0	0	0	0	0	1	0	0	1	0	1	
0	1	1	0	0	1	0	0	0	1	0	0	0	1	0	1	0	0	1	1	
1	0	0	1	0	0	0	1	1	1	1	1	0	1	1	0	1	1	0	1	
1	0	0	0	0	0	1	0	1	1	1	1	0	0	0	0	0	1	0	1	
1	0	1	0	1	1	1	1	1	1	0	0	1	1	0	1	0	0	1	1	
1	0	0	1	1	1	1	0	0	1	1	1	0	1	0	1	0	1	1	1	
1	1	0	0	1	1	0	1	0	0	0	0	1	0	1	1	0	0	1	1	
0	0	0	1	1	1	1	0	1	0	1	0	0	1	1	0	1	0	0	0	
0	0	0	0	0	0	0	1	0	1	1	1	0	0	0	0	0	0	1	0	
1	0	0	0	0	1	0	0	1	0	0	1	1	0	0	0	0	0	1	0	
0	0	1	1	1	0	1	1	0	0	0	1	0	0	0	0	0	1	1	1	
1	0	1	1	0	1	1	1	0	1	1	0	1	1	1	0	0	1	1	1	
0	0	1	1	1	0	0	0	0	0	1	0	1	0	1	0	0	1	0	0	
0	1	0	1	1	0	1	1	0	1	1	0	1	0	0	1	1	0	1	1	
0	1	1	0	1	0	1	0	0	1	1	1	1	1	1	0	1	1	0	1	
1	1	0	0	0	0	1	0	0	0	0	1	1	1	1	0	0	0	1	1	
1	0	1	1	0	0	1	0	1	1	0	0	1	0	0	1	1	1	1	0	
1	0	0	0	1	0	0	0	0	0	1	1	0	1	1	1	1	1	1	0	
0	0	0	1	1	0	0	1	1	0	0	1	1	0	0	0	0	1	0	0	
0	1	0	0	0	1	0	0	0	0	1	0	1	1	0	0	1	0	0	1	
1	0	0	1	1	0	0	1	1	0	1	0	1	0	0	0	0	0	0	1	
0	0	1	1	1	0	1	0	0	0	0	1	1	1	0	1	0	0	1	0	
0	0	1	0	1	1	0	0	1	1	0	1	1	1	0	1	1	0	1	0	
0	0	0	0	0	0	1	1	1	0	1	0	1	0	0	1	1	1	1	0	

invalid rows: 
1	69	164	2	5	8	16	18	19	21	23	27	29	32	36	51	54	58	63	66	72	74	77	82	88	90	94	99	101	103	111	120	123	128	132	145	146	148	150	158	159	160	163	166	169	173	174	176	178	183	185	188	194	195	201	203	211	214	222	223	225	230	232	235	238	241	252	262	265	273	274	279	280	282	284	285	288	289	294	297	300	

 ----------random covering array (last execution): 
1	1	1	1	1	1	1	0	0	1	1	1	0	0	1	0	1	0	0	1	
1	1	0	1	1	0	1	1	0	1	1	0	0	1	1	1	1	0	1	1	
0	0	1	0	0	1	0	1	0	1	1	0	0	0	0	0	0	1	0	0	
0	1	1	0	0	0	1	0	0	1	1	1	1	1	0	1	0	0	0	0	
0	0	0	1	1	1	1	0	0	0	1	0	0	0	1	1	1	0	1	0	
0	0	1	0	0	1	0	1	1	1	1	0	1	1	1	1	1	1	1	0	
0	1	1	0	0	1	1	0	0	1	1	0	0	0	1	0	1	0	1	1	
0	1	0	0	0	0	0	1	1	0	1	0	0	1	1	1	0	1	0	0	
0	1	1	1	1	1	0	1	1	0	0	0	0	1	1	0	1	1	0	0	
1	0	1	1	0	0	1	1	0	1	1	1	1	0	0	1	0	1	1	0	
1	1	1	0	1	1	1	1	1	1	0	0	0	0	1	1	1	1	1	1	
1	1	1	0	1	0	1	1	1	0	0	1	1	1	1	0	1	0	0	0	
0	0	0	1	1	1	0	1	1	1	0	0	0	1	1	1	0	0	1	1	
0	1	1	1	1	1	1	1	1	1	1	1	0	1	0	1	1	0	0	0	
0	0	1	1	0	0	1	1	0	0	0	0	0	1	0	1	0	0	1	0	
1	1	0	1	0	1	0	0	0	0	1	1	0	1	0	1	0	0	0	1	
1	0	1	1	0	1	1	0	0	1	0	1	0	1	1	1	1	0	1	1	
0	0	0	1	0	1	0	1	1	1	1	0	1	1	0	0	0	0	0	1	
1	1	0	1	0	0	0	1	0	1	1	0	1	0	1	0	0	1	0	1	
1	1	0	0	1	1	1	1	0	1	0	1	0	1	1	0	0	0	0	0	
0	1	0	0	1	1	0	0	0	1	1	0	0	1	1	0	0	1	1	1	
0	0	1	0	1	0	0	1	0	1	0	1	0	1	1	1	1	1	0	0	
1	0	0	0	1	1	1	1	0	1	1	0	1	1	1	1	1	0	0	1	
0	0	0	1	0	0	1	0	1	0	0	0	0	1	0	1	1	0	1	0	
0	1	1	0	1	0	1	0	0	0	0	0	1	0	1	0	0	1	1	0	
1	1	0	0	1	0	1	1	0	1	0	0	1	0	0	1	1	0	1	0	
0	0	0	0	0	1	1	0	1	1	1	1	0	1	0	0	0	0	1	0	
0	1	1	1	1	1	0	0	1	1	1	0	1	0	0	1	0	1	0	1	
1	0	0	0	0	0	0	1	0	1	1	1	1	1	0	0	1	1	0	0	
1	1	1	0	0	0	0	1	0	0	0	1	1	1	1	1	0	1	1	1	
1	0	0	0	1	0	0	1	1	0	0	0	1	0	1	1	0	1	0	1	
0	0	0	0	0	0	0	0	0	1	1	1	0	0	1	1	1	0	1	0	
1	1	0	1	0	1	1	1	1	1	0	0	1	1	1	1	1	1	0	0	
0	0	1	0	1	1	1	1	0	1	0	0	1	0	0	1	0	0	1	0	
0	0	0	0	0	1	0	0	1	1	0	0	0	0	0	1	1	1	1	0	
0	1	0	1	0	1	1	1	0	0	1	1	1	0	0	0	1	0	0	0	
1	0	1	0	0	0	0	1	1	0	1	0	1	0	0	0	0	0	1	1	
0	1	1	1	0	0	0	0	0	0	1	1	1	1	1	1	1	1	0	0	
1	1	1	1	0	1	0	1	0	1	0	0	0	0	1	1	0	0	0	0	
0	1	1	0	0	0	1	1	1	1	1	1	0	1	1	0	0	1	0	0	
0	0	0	0	1	1	1	1	0	0	0	1	0	0	1	0	1	0	1	1	
0	1	0	1	1	0	1	1	1	1	0	0	0	0	1	0	1	0	0	1	
1	1	0	1	0	0	1	1	1	1	0	0	0	0	0	1	0	0	1	1	
1	1	0	1	1	1	0	0	1	1	0	0	0	1	0	0	1	1	1	1	
0	1	1	0	1	0	0	1	1	1	0	0	0	1	0	0	0	0	1	0	
1	0	1	1	1	0	1	0	1	1	1	1	0	1	1	0	1	1	1	1	
1	0	0	0	0	0	1	1	1	0	0	0	0	1	1	0	1	1	1	1	
1	1	0	1	0	0	0	0	0	1	0	1	1	0	1	1	0	0	1	0	
1	1	1	0	0	1	1	0	1	1	0	1	1	0	1	1	0	1	0	1	
0	1	1	0	0	0	1	1	1	0	0	1	0	0	1	1	1	0	1	0	
0	0	0	1	0	1	0	1	0	0	1	1	0	1	1	0	0	1	1	1	
0	0	1	1	0	1	1	0	1	1	1	1	1	1	0	0	1	1	0	1	
0	1	1	0	0	1	0	0	1	0	0	1	0	1	1	0	1	1	1	1	
0	1	0	0	1	0	1	0	0	1	1	0	0	1	0	0	1	1	0	0	
1	0	1	0	1	1	0	1	1	1	0	1	0	0	1	1	1	0	1	0	
0	1	0	0	1	0	0	0	1	0	0	0	1	1	1	1	1	0	1	1	
1	0	1	1	0	1	0	0	0	1	1	0	0	1	0	0	1	0	0	1	
1	1	0	0	0	1	1	1	1	1	1	1	0	0	0	0	1	1	0	1	
1	0	1	0	1	0	0	0	1	0	0	0	0	0	0	0	1	1	0	1	
0	1	1	0	1	1	0	1	0	1	1	1	0	1	0	0	1	0	0	1	
0	1	0	1	0	0	0	0	0	0	0	0	0	1	1	0	0	0	1	1	
1	0	1	0	1	0	0	0	0	1	1	0	1	0	1	1	1	1	1	1	
1	1	0	1	0	1	1	0	0	1	1	1	0	1	1	0	0	1	1	0	
0	0	1	0	0	0	1	1	1	1	0	1	1	0	1	0	0	1	1	0	
1	1	1	1	0	0	1	1	0	0	0	0	0	1	0	0	1	1	0	0	
1	1	0	0	0	0	1	1	1	1	1	0	1	1	1	1	0	0	1	0	
0	1	1	1	0	1	0	0	1	1	0	1	1	1	0	1	0	0	1	1	
1	1	1	1	0	1	0	1	0	1	0	0	1	0	0	1	1	1	1	1	
0	1	0	1	0	1	0	0	1	1	1	1	0	0	1	1	1	1	1	1	
0	1	1	1	0	0	0	0	1	0	1	1	0	0	0	0	0	0	0	1	
1	0	1	1	1	0	0	0	0	0	1	0	1	0	1	0	0	0	0	0	
0	1	0	1	0	0	0	0	1	0	1	1	1	1	0	0	0	1	1	1	
0	0	0	0	0	1	1	0	1	1	0	0	0	1	1	1	1	0	0	1	
0	0	0	1	1	0	1	0	0	1	1	0	0	0	1	1	0	1	0	0	
0	0	1	0	0	0	0	0	1	0	0	1	0	0	1	1	1	0	1	1	
1	0	1	1	1	1	1	0	1	1	1	1	0	0	0	1	0	0	1	1	
0	1	0	0	1	1	1	1	0	1	1	1	1	0	1	1	1	1	0	0	
1	0	1	1	0	1	0	1	1	1	0	1	0	0	0	0	1	1	0	1	
1	1	1	1	1	0	0	0	1	1	0	1	0	1	1	1	0	1	0	1	
0	1	0	0	1	1	1	0	1	0	0	1	0	0	0	1	0	0	0	1	
1	1	1	1	1	1	1	1	1	1	0	0	1	0	0	0	0	0	0	0	
0	0	0	1	1	0	1	0	0	0	1	1	0	0	1	0	1	0	0	1	
1	0	0	0	1	0	0	0	0	0	0	1	0	1	0	1	0	1	1	0	
1	1	0	1	1	1	1	0	0	0	0	0	1	0	1	1	0	1	1	1	
1	0	1	0	1	1	1	1	0	1	1	0	0	1	0	0	1	1	1	0	
1	0	1	0	0	0	1	0	0	0	1	0	0	1	1	0	0	1	0	1	
1	1	1	1	1	0	1	0	1	0	1	1	1	1	0	0	0	1	1	0	
0	1	0	0	0	1	1	1	1	0	1	1	1	0	1	0	0	0	0	1	
0	1	1	0	0	0	0	1	0	0	1	0	0	0	1	0	1	1	1	1	
0	1	0	1	1	0	0	1	0	0	1	1	0	0	1	1	0	0	1	1	
1	0	1	1	0	1	1	0	0	0	0	1	0	0	1	1	1	1	1	0	
1	1	1	1	0	1	1	0	1	0	1	0	0	0	0	0	0	1	1	0	
1	0	1	0	0	0	1	1	0	1	0	1	0	1	0	0	0	0	0	1	
0	0	0	1	0	0	1	1	0	1	1	1	1	0	0	0	1	0	1	1	
0	0	0	0	1	0	0	0	1	1	0	1	0	1	0	1	0	0	0	1	
1	0	0	0	1	0	1	1	1	1	0	1	1	1	1	1	0	1	1	1	
0	0	1	1	1	0	1	0	1	1	0	0	1	1	1	1	1	1	1	1	
0	0	1	0	1	0	0	0	1	0	1	1	1	0	0	1	0	1	1	0	
0	1	0	1	0	0	1	1	1	1	1	0	1	1	0	0	1	1	1	0	
0	1	1	0	0	0	1	1	1	0	0	0	1	0	0	1	1	1	0	1	
0	1	0	1	1	1	1	1	0	1	1	0	0	0	0	0	0	0	1	1	
1	1	1	1	0	1	0	0	1	0	0	1	1	0	0	1	1	1	0	0	
1	0	0	1	1	1	1	1	1	0	1	0	0	1	0	0	0	1	0	1	
1	1	0	0	0	0	1	0	0	0	0	0	0	0	1	1	1	0	0	0	
0	0	0	1	1	0	1	0	0	1	0	1	0	0	0	0	0	0	1	0	
1	0	0	1	0	1	1	0	1	0	0	0	0	0	1	0	0	0	0	1	
1	0	1	0	1	1	0	0	1	1	0	1	1	1	1	0	0	1	1	0	
0	1	1	0	0	1	0	1	1	0	1	0	0	0	0	1	1	0	0	0	
0	1	1	1	1	1	1	1	0	1	0	1	1	1	0	0	1	1	1	0	
1	1	1	1	0	0	1	0	1	0	0	0	1	0	1	0	1	0	1	1	
1	0	0	0	0	1	0	1	0	0	1	0	0	1	0	0	1	0	1	0	
1	1	1	0	0	0	1	0	0	1	0	0	0	1	1	1	0	1	1	0	
1	0	1	0	1	0	1	0	1	1	0	1	0	0	0	0	1	0	0	0	
0	0	1	1	1	1	0	0	1	0	1	0	1	0	1	0	1	1	1	1	
0	1	0	1	0	1	1	0	0	0	0	0	1	1	0	0	1	1	0	1	
0	1	1	0	1	0	0	1	1	1	1	1	1	0	1	1	1	0	0	0	
1	1	0	1	0	0	1	0	0	1	0	1	1	0	1	0	1	1	0	1	
0	0	1	1	0	0	1	1	0	1	1	0	0	1	1	0	1	0	0	0	
0	1	1	1	1	0	1	1	1	0	1	0	1	1	1	1	0	0	0	1	
0	1	0	0	1	0	0	0	1	0	1	1	0	1	0	0	1	0	1	0	
0	1	0	1	1	0	0	1	0	1	0	1	1	1	0	0	0	1	0	1	
1	1	1	0	1	1	1	0	0	0	0	0	0	1	1	0	1	0	0	1	
1	0	0	1	0	0	0	0	1	0	1	0	1	1	1	1	0	1	1	1	
0	1	1	0	0	1	1	1	1	0	0	0	1	1	0	1	0	0	1	1	
1	0	1	0	0	0	0	0	1	1	1	1	1	0	1	0	0	0	0	1	
0	1	0	0	1	1	1	1	0	0	0	0	0	1	1	1	0	1	1	0	
0	1	1	1	0	1	1	1	0	0	0	1	0	0	1	1	0	1	0	1	
1	0	0	1	0	0	0	0	1	1	1	0	0	0	0	1	0	0	1	0	
0	0	1	0	1	0	0	1	0	1	1	1	1	1	0	1	0	0	1	1	
1	0	0	1	0	0	0	0	1	1	0	1	0	1	1	0	1	0	1	0	
1	0	1	0	0	1	1	0	1	0	0	0	0	1	0	1	0	1	0	0	
1	1	0	1	0	0	1	0	1	1	1	1	0	0	0	1	0	1	0	0	
0	1	1	1	1	0	0	0	0	1	0	0	0	0	0	1	1	1	1	0	
0	0	1	0	0	1	1	0	0	1	1	1	0	0	0	1	1	1	0	1	
1	1	1	0	1	0	0	1	1	1	1	0	1	1	1	0	1	1	0	1	
0	0	1	1	1	1	0	0	0	0	0	1	0	1	0	0	0	0	0	0	
0	0	1	1	1	0	1	1	0	0	1	0	1	0	0	0	1	1	0	0	
0	0	1	0	0	0	0	0	0	1	0	1	1	1	0	0	1	1	1	1	
0	1	1	0	0	1	0	1	0	0	1	0	1	1	0	0	0	1	0	0	
0	0	0	0	0	0	1	1	0	0	0	1	0	0	0	0	0	1	0	0	
0	1	1	0	1	0	1	0	1	1	1	0	0	0	1	1	0	0	0	1	
1	0	0	0	0	1	1	0	1	0	0	1	1	0	0	1	1	0	1	1	
1	0	0	1	1	1	0	1	0	0	0	1	0	0	0	1	1	0	0	0	
1	0	0	1	1	0	0	0	0	1	0	0	1	1	1	0	1	0	0	0	
1	0	0	1	1	0	0	1	1	0	1	0	0	0	1	0	1	1	1	0	
1	1	0	0	0	0	1	1	0	0	1	1	1	1	0	1	1	0	0	1	
1	0	1	1	0	0	0	1	1	1	0	0	1	1	0	1	1	0	0	0	
1	0	0	1	0	0	1	0	1	0	1	1	1	1	1	0	0	0	1	0	
0	1	1	1	0	1	1	1	0	0	0	1	1	1	1	0	0	0	1	0	
1	0	0	1	1	1	0	1	1	1	1	1	1	0	1	0	1	0	1	1	
1	0	1	1	0	0	0	0	0	0	0	1	1	0	0	1	0	0	0	1	
0	0	1	0	1	1	0	1	1	1	1	1	0	0	1	0	0	1	0	1	
0	1	0	1	1	0	1	0	1	0	0	0	1	0	0	0	1	1	1	0	
0	0	0	1	0	0	1	1	1	1	0	1	1	0	1	1	1	0	0	0	
0	1	0	0	0	1	0	1	0	1	0	1	0	1	0	1	1	0	1	0	
1	1	1	1	1	0	1	0	0	1	1	1	0	0	0	1	0	1	0	1	
0	0	0	0	0	1	0	0	0	0	0	1	1	1	1	1	0	0	0	0	
1	0	0	0	1	1	1	0	0	0	1	1	1	1	0	0	0	0	0	1	
1	1	0	1	1	0	0	0	1	1	1	1	1	0	0	1	1	0	0	1	
0	1	0	1	1	1	1	0	1	1	1	0	1	1	1	0	0	0	0	0	
1	0	1	0	0	1	1	0	1	1	1	0	1	1	1	0	0	1	1	1	
0	1	0	1	1	0	0	1	0	0	0	0	1	1	0	1	0	0	0	0	
0	1	0	1	0	1	1	0	0	1	1	0	1	0	1	0	1	1	1	0	
1	0	0	0	0	1	1	0	0	1	0	0	1	0	0	0	1	1	1	0	
1	1	0	0	0	0	0	0	1	0	0	0	1	1	0	0	0	0	0	0	
1	0	0	0	1	1	0	0	0	0	1	0	1	0	0	0	0	1	0	0	
0	1	0	0	0	1	0	1	1	1	0	0	1	0	1	0	0	0	1	1	
0	1	0	0	0	1	0	0	0	1	0	0	0	0	0	0	0	0	0	0	
1	1	0	0	1	1	0	0	1	0	1	0	0	0	1	1	1	1	0	1	
0	0	1	0	0	1	1	0	1	0	1	0	0	0	1	1	0	1	1	0	
0	0	0	0	1	0	1	0	1	1	0	0	1	1	0	1	0	1	0	0	
1	0	1	1	1	0	1	1	1	0	0	1	1	0	1	0	0	1	0	1	
0	0	0	1	1	1	0	0	0	1	1	1	1	1	0	1	1	1	1	0	
1	0	0	1	1	0	0	1	1	1	1	1	0	1	0	0	0	0	0	0	
0	1	1	0	0	0	1	0	1	1	0	1	0	0	0	0	0	1	1	1	
0	0	0	0	1	0	0	1	0	0	1	0	1	1	1	0	0	0	1	0	
1	0	1	1	1	0	0	1	0	0	1	0	0	1	0	1	0	1	1	1	
1	1	0	0	0	1	1	1	1	0	1	0	1	0	1	0	1	1	0	0	
1	1	1	1	0	0	0	1	0	1	1	1	0	0	0	0	1	0	1	0	
1	1	1	0	0	0	0	0	1	1	1	0	0	1	0	1	1	0	1	1	
1	0	1	1	1	0	0	1	1	0	0	1	1	1	0	0	1	0	1	1	
1	0	1	0	0	1	1	1	1	0	1	1	1	0	0	1	0	0	0	0	
0	0	0	0	0	0	0	0	1	0	1	1	1	0	1	0	1	1	0	0	
0	0	1	1	1	0	0	1	0	1	0	0	0	0	1	0	0	1	1	1	
0	1	0	0	0	0	1	0	0	0	1	0	1	0	0	1	0	1	1	1	
1	0	1	0	0	1	0	0	1	0	1	1	0	1	1	0	1	0	0	0	
0	1	1	1	1	1	0	1	0	0	1	1	0	0	0	1	0	1	1	0	
0	0	0	1	1	1	1	1	1	0	1	1	1	1	0	1	0	0	0	0	
1	0	0	1	0	1	1	1	0	1	0	0	1	1	0	0	0	1	1	0	
0	0	0	1	1	1	1	1	1	0	0	1	0	0	0	1	0	1	1	1	
1	0	1	1	1	1	1	1	0	1	0	1	1	1	1	1	0	1	0	0	
0	0	1	1	0	1	0	0	0	1	1	1	1	0	1	0	0	0	1	0	
1	1	0	0	1	0	0	1	0	1	0	1	1	0	1	0	1	1	1	0	
0	0	0	0	1	1	1	1	0	1	1	0	0	1	0	1	1	1	1	1	
0	0	0	0	1	1	1	1	1	1	1	1	1	0	0	0	0	1	1	1	
0	1	0	0	0	0	1	0	1	1	0	1	1	1	1	1	1	1	1	0	
1	0	1	0	1	0	1	0	0	0	1	1	1	0	1	1	1	0	1	0	
0	0	1	0	0	1	1	0	0	1	0	0	1	0	1	0	0	1	0	1	
0	1	1	0	1	1	1	0	0	0	1	1	0	1	1	1	0	1	1	1	
0	0	1	0	1	0	1	0	1	0	1	0	1	1	1	1	1	0	0	0	
0	1	0	1	1	0	0	1	1	1	1	1	1	0	1	1	0	1	1	0	
1	1	1	1	1	0	1	0	0	1	1	0	1	1	0	0	0	0	1	1	
1	1	0	0	1	0	1	0	1	0	1	1	0	0	1	0	0	0	1	1	
0	1	1	0	1	0	0	0	0	0	0	1	1	0	0	0	1	0	0	1	
0	0	1	1	1	0	1	0	1	0	0	1	0	1	1	0	0	0	1	0	
0	0	1	1	0	0	0	0	1	1	0	0	0	1	1	0	0	1	0	0	
1	1	1	1	0	1	1	1	1	1	1	1	0	1	1	0	0	0	1	1	
1	0	1	0	0	1	0	0	0	0	0	0	0	0	0	1	0	0	1	1	
1	0	1	1	0	1	1	1	0	0	1	0	1	0	1	1	0	0	1	1	
1	1	1	0	1	1	1	0	0	1	0	1	1	1	0	1	1	1	0	0	
1	0	0	0	0	1	1	1	0	1	1	1	0	0	1	1	0	1	1	1	
1	0	0	0	0	1	0	0	0	1	0	0	0	1	0	1	0	1	0	1	
0	0	0	1	0	0	1	0	0	1	0	0	1	1	1	1	0	0	0	1	
0	0	0	0	0	0	1	0	1	1	1	0	1	0	0	0	1	0	0	1	
1	1	1	0	1	0	1	1	1	0	1	0	0	0	0	1	1	1	1	0	
0	0	1	1	0	1	1	1	1	1	0	1	0	0	0	0	1	0	1	0	
1	0	1	0	0	0	0	1	1	0	1	1	0	1	0	1	1	1	1	0	
0	1	1	0	1	1	0	0	1	1	1	1	1	0	0	0	1	0	1	0	
0	0	1	0	1	1	0	0	0	0	0	0	1	1	1	1	1	1	0	1	
0	1	0	1	1	0	1	0	0	0	0	1	0	1	0	1	1	1	1	1	
1	0	1	1	1	0	1	0	0	0	0	0	0	1	0	1	1	0	0	1	
1	1	0	0	0	1	0	0	0	1	1	1	1	1	1	0	1	0	1	1	
1	0	0	1	0	0	0	0	0	0	1	1	0	0	0	0	1	1	1	1	
1	1	1	0	1	0	0	1	0	0	1	0	0	0	0	1	0	0	0	0	
0	1	0	0	1	0	1	1	0	0	1	1	1	1	1	0	1	1	1	1	
0	0	1	1	1	1	0	1	0	1	0	0	1	0	0	1	1	0	0	1	
1	1	0	1	0	0	0	1	1	0	0	1	0	1	1	1	1	0	0	1	
1	0	1	0	0	1	0	1	0	0	0	0	1	0	1	0	1	0	0	0	
1	1	1	1	1	1	0	0	1	0	0	0	0	1	1	1	0	0	1	0	
0	0	0	1	0	1	1	1	1	0	1	0	1	0	0	1	0	1	0	0	
1	0	1	1	0	0	1	1	1	0	1	1	0	0	1	1	1	1	0	1	
1	1	0	1	0	1	1	0	1	0	1	0	1	1	0	1	1	0	1	0	
0	1	1	0	0	1	0	1	1	1	0	1	1	1	1	0	1	0	0	1	
0	0	0	0	1	1	0	1	1	0	0	1	1	1	0	0	1	1	0	0	
0	0	0	0	1	0	0	1	1	1	1	0	0	0	0	1	1	0	1	1	
1	1	1	1	1	0	0	1	1	1	0	0	1	0	0	0	0	1	1	0	
0	0	1	0	1	0	1	1	0	1	0	1	1	0	1	1	0	0	0	1	
0	0	0	0	0	1	1	1	0	0	1	0	0	1	1	1	0	0	0	1	
1	1	1	0	0	0	0	0	0	0	0	0	1	1	0	0	1	1	1	0	
1	1	1	1	1	1	0	1	0	0	1	0	1	1	1	0	1	0	1	0	
1	1	0	1	1	1	1	0	0	0	1	0	0	0	0	0	1	0	0	0	
1	1	0	0	0	1	0	1	0	0	0	1	1	0	0	0	0	1	1	0	
1	1	0	1	0	1	0	1	1	0	0	1	0	0	1	0	0	1	1	0	
1	0	1	1	1	1	1	1	0	0	1	1	1	1	1	1	1	1	0	1	
1	0	1	1	1	1	0	0	1	1	1	0	0	1	1	1	0	1	0	0	
1	1	0	0	1	1	0	1	1	0	0	0	0	0	0	0	1	0	0	1	
1	0	0	1	0	1	1	1	0	0	0	1	1	1	0	1	1	1	1	1	
1	0	1	0	1	0	1	1	1	1	1	0	0	0	1	0	0	0	1	0	
1	1	1	1	1	1	0	1	0	0	1	1	1	0	0	0	1	1	1	1	
1	1	0	1	1	0	1	1	1	0	0	1	1	0	0	1	1	0	1	0	
0	1	1	1	0	0	0	1	1	0	1	0	1	0	1	1	0	0	1	0	
1	1	0	0	1	1	0	1	1	1	1	1	0	1	0	1	0	1	0	1	
0	1	0	1	1	1	0	0	0	0	0	1	1	0	1	1	1	0	1	1	
0	1	1	1	0	1	1	1	1	1	0	0	0	1	0	1	0	1	0	1	
0	1	0	1	0	0	1	0	1	0	0	1	0	1	1	0	1	1	0	0	
0	1	1	1	1	1	1	0	1	0	0	1	1	0	1	1	0	0	0	0	
1	1	1	0	1	0	0	1	0	1	0	1	0	1	1	1	1	0	1	1	
1	0	0	1	1	1	0	0	0	0	0	1	1	1	1	0	0	1	0	1	
0	1	1	1	0	1	0	0	0	0	1	0	1	1	1	1	0	0	0	1	
0	1	1	0	1	0	0	1	1	0	0	1	0	0	0	1	1	1	1	1	
0	0	0	1	1	1	0	0	1	0	0	0	1	0	0	0	0	0	1	0	
0	1	1	1	0	0	1	1	0	1	1	1	1	1	1	1	1	1	1	1	
0	0	0	1	0	0	0	1	0	0	0	0	0	0	0	0	1	0	0	1	
0	0	1	1	0	1	1	0	0	0	0	1	1	1	0	0	0	1	0	0	
0	0	0	1	1	0	0	0	1	0	1	0	0	1	0	1	1	1	0	1	
1	1	1	0	1	0	0	0	0	0	1	1	0	0	1	0	0	1	0	0	
0	0	0	0	1	1	1	1	1	1	0	0	0	0	1	0	1	1	0	0	
0	0	0	1	0	0	0	1	0	0	0	0	1	0	1	1	1	1	1	0	
1	1	1	1	0	1	1	0	0	1	1	0	1	0	0	1	1	0	0	0	
1	1	1	0	1	1	0	1	1	0	1	1	1	1	1	1	0	0	1	0	
0	0	0	1	1	1	0	0	0	1	0	1	0	0	1	0	1	1	0	0	
1	0	1	0	0	0	1	1	0	1	0	0	0	0	0	1	1	1	0	0	
1	1	0	0	1	1	0	0	0	1	1	0	1	1	0	1	0	0	1	0	
0	1	1	1	0	0	0	0	1	1	0	0	1	0	1	0	1	0	0	0	
0	0	1	0	0	0	1	1	1	0	1	0	0	1	0	0	1	0	1	1	
1	1	0	0	1	0	1	1	0	0	0	0	1	1	0	0	0	1	0	1	
1	0	0	0	0	1	0	1	1	1	0	1	1	0	0	1	0	0	0	0	
0	0	1	0	1	1	1	0	0	0	0	0	1	1	0	0	1	0	1	0	
1	1	0	1	0	1	0	1	0	1	1	0	0	1	1	1	1	1	0	0	
1	0	0	0	0	1	0	0	1	1	1	0	0	0	1	1	1	0	0	0	
1	1	0	0	1	1	1	0	1	1	0	1	1	1	0	0	1	0	1	1	
1	0	0	0	1	1	1	0	1	0	1	1	0	1	1	1	1	1	1	0	
1	1	1	0	1	1	1	1	0	0	0	1	0	0	0	0	0	0	1	1	
0	0	0	1	0	0	0	1	1	1	1	1	0	1	0	0	0	1	1	0	
0	1	0	0	1	0	0	0	0	0	1	0	0	0	1	0	1	0	0	0	
1	0	0	0	1	0	0	0	0	1	0	0	0	0	1	0	0	0	1	1	
0	1	0	0	1	1	0	0	1	0	0	1	1	0	1	1	0	1	0	0	
1	1	0	0	1	1	0	1	1	0	1	0	1	1	0	1	1	1	1	1	
0	0	0	0	0	0	0	1	0	0	1	1	1	0	0	1	0	1	0	1	
0	1	1	1	1	1	1	0	1	0	1	1	0	0	0	0	1	1	0	1	
0	0	1	1	0	1	0	1	1	0	1	1	1	1	1	1	1	0	0	1	
1	0	1	0	1	1	0	1	1	0	0	0	0	1	1	0	0	0	0	1	
1	0	0	1	1	0	1	0	1	1	0	0	1	0	0	1	1	1	0	1	
1	0	0	1	1	0	1	1	0	0	1	1	0	1	1	1	0	0	0	0	
0	1	0	0	0	0	0	0	0	1	0	1	0	0	1	1	0	1	0	1	
0	0	1	1	0	1	0	0	0	0	1	0	0	1	0	0	0	0	1	1	
1	1	0	0	0	1	0	0	0	1	1	1	0	0	0	0	0	1	0	1	
0	0	0	0	1	0	1	0	1	0	0	1	1	1	1	0	0	1	0	1	
0	0	0	1	1	0	1	0	0	1	0	1	1	1	1	0	1	0	1	1	
0	1	0	1	1	0	1	0	1	1	1	0	0	0	0	1	0	0	0	1	

invalid rows (last execution): 
3	5	6	10	15	18	23	27	29	32	36	37	46	51	52	57	62	71	74	76	82	85	86	94	98	103	111	114	118	123	125	128	129	134	137	145	148	150	151	152	158	161	166	170	173	174	176	177	182	183	186	188	192	194	195	197	200	209	211	214	217	223	230	231	235	238	244	245	248	252	263	265	275	277	280	282	284	289	291	294	296	
