forbidden tuples: 
(P_12.0, P_17.1, P_32.0, P_34.0, P_24.1, P_33.1, P_5.1, P_20.0, P_23.1, P_11.0, P_26.1, P_10.1, P_18.0, P_27.1, P_14.1, P_22.1)
(P_11.1, P_24.1)

 ----------Identity covering array: 
1	1	1	1	1	1	1	1	1	1	1	1	1	1	1	1	1	1	1	1	0	0	0	0	0	0	0	0	0	0	0	0	0	0	0	
1	1	1	1	1	1	1	1	1	1	0	0	0	0	0	0	0	0	0	0	1	1	1	1	1	1	1	1	1	1	0	0	0	0	0	
1	1	1	1	0	0	0	0	0	0	1	1	1	1	1	1	0	0	0	0	1	1	1	1	1	1	0	0	0	0	1	1	1	1	0	
1	0	0	0	1	1	1	0	0	0	1	1	1	0	0	0	1	1	1	0	1	1	1	0	0	0	1	1	1	0	1	1	1	0	1	
0	1	0	0	1	0	0	1	1	0	1	0	0	1	1	0	1	1	0	1	1	0	0	1	1	0	1	1	0	1	1	1	0	1	1	
0	0	1	0	0	1	0	1	0	1	0	1	0	1	0	1	1	0	1	1	0	1	0	1	0	1	1	0	1	1	1	0	1	1	1	
0	0	0	1	0	0	1	0	1	1	0	0	1	0	1	1	0	1	1	1	0	0	1	0	1	1	0	1	1	1	0	1	1	1	1	
0	0	0	0	0	0	0	0	0	0	0	0	0	0	0	0	0	0	0	0	0	0	0	0	0	0	0	0	0	0	0	0	0	0	0	

invalid rows: 
3	5	

 ----------Greedy covering array: 
1	1	1	1	1	0	0	0	0	1	1	1	0	1	0	0	1	1	0	1	0	1	1	1	0	1	1	0	0	0	0	1	1	1	0	
0	0	0	0	1	1	1	1	1	1	1	1	1	1	1	1	1	1	1	1	1	1	1	0	1	0	0	0	0	0	0	0	0	0	0	
1	0	0	0	1	1	1	1	1	1	1	1	1	0	1	0	0	0	0	0	0	0	0	0	0	1	1	1	1	1	1	1	1	1	0	
0	1	1	1	0	1	1	1	0	0	1	0	0	1	0	1	1	1	1	0	1	0	0	0	0	1	1	1	1	1	0	1	0	0	1	
0	1	1	0	1	1	0	0	1	0	0	0	1	1	0	1	0	0	1	1	0	1	0	1	1	1	0	1	1	0	1	0	1	1	1	
1	1	0	1	0	0	1	0	1	1	0	0	0	0	1	1	1	0	0	1	1	0	1	1	1	0	1	1	0	1	1	0	1	0	1	
1	0	1	1	0	0	0	1	0	0	0	1	1	0	1	0	0	1	1	0	1	1	1	1	1	0	0	0	1	1	1	1	0	1	1	
0	0	0	0	0	0	0	0	0	0	0	0	0	0	0	0	0	0	0	0	0	0	0	0	0	0	0	0	0	0	0	0	0	0	0	

invalid rows: 
1	

 ----------random covering array (last execution): 
1	0	1	0	1	1	0	1	1	0	1	0	0	1	0	0	0	1	1	1	1	1	1	1	1	0	0	1	1	0	0	0	0	1	1	
1	0	0	1	1	0	0	0	1	1	0	1	0	1	1	1	1	0	1	1	1	1	0	0	0	0	1	1	0	1	1	0	1	1	0	
1	1	1	1	1	1	0	1	0	0	1	1	1	0	0	0	1	0	0	0	1	0	0	1	0	1	1	0	1	1	1	1	0	1	0	
0	1	1	0	0	1	1	0	1	1	0	0	1	1	1	0	0	1	0	0	0	1	1	1	1	0	1	0	0	1	1	1	1	1	0	
0	0	0	0	1	0	1	0	1	1	1	1	1	0	1	1	1	1	0	1	0	0	0	1	1	1	1	1	1	0	0	1	0	0	1	
0	1	0	1	0	1	1	1	0	0	1	1	1	1	1	1	0	1	1	1	1	0	1	0	0	1	0	0	0	1	0	0	1	0	1	
1	1	1	1	0	0	1	1	0	1	0	0	0	0	0	1	1	0	1	0	0	1	1	0	1	1	0	1	1	0	1	1	1	0	1	
0	0	0	0	0	0	0	0	0	0	0	0	0	0	0	0	0	0	0	0	0	0	0	0	0	0	0	0	0	0	0	0	0	0	0	

invalid rows (last execution): 
1	3	5	
