forbidden tuples: 
(P_1.1, P_12.1, P_16.0, P_17.1, P_13.0, P_4.1, P_18.0, P_5.0)
(P_5.0, P_9.1, P_7.1, P_13.1)

 ----------Identity covering array: 
0	0	0	0	0	0	0	0	0	0	0	0	0	0	0	0	0	0	0	0	
1	1	1	1	1	1	0	0	0	0	1	1	1	1	1	1	0	0	0	0	
1	1	0	0	0	1	1	1	0	0	1	1	0	0	0	1	1	1	0	0	
1	0	0	1	0	1	0	0	1	1	1	0	0	1	0	1	0	0	1	1	
1	1	0	0	1	0	0	1	1	1	1	1	0	0	1	0	0	1	1	1	
0	0	1	0	1	1	0	1	1	0	0	0	1	0	1	1	0	1	1	0	
1	0	1	1	0	0	1	1	1	0	1	0	1	1	0	0	1	1	1	0	
1	0	1	0	1	0	1	0	0	1	1	0	1	0	1	0	1	0	0	1	
0	1	1	1	0	0	0	1	0	1	0	1	1	1	0	0	0	1	0	1	
0	0	0	1	1	1	1	1	0	1	0	0	0	1	1	1	1	1	0	1	
0	1	0	1	1	0	1	0	1	0	0	1	0	1	1	0	1	0	1	0	
0	1	1	0	0	1	1	0	1	1	0	1	1	0	0	1	1	0	1	1	
0	0	0	0	0	0	0	0	0	0	1	1	1	1	1	1	1	1	1	1	
0	0	0	1	1	1	1	1	1	0	1	1	1	0	0	0	0	0	0	1	
0	1	1	0	0	1	1	1	0	1	1	0	0	1	1	0	0	0	1	0	
1	0	1	0	1	0	1	0	1	1	0	1	0	1	0	1	0	1	0	0	
1	1	0	1	0	0	0	1	1	1	0	0	1	0	1	1	1	0	0	0	
1	1	1	1	1	1	0	0	0	0	0	0	0	0	0	0	1	1	1	1	

invalid rows: 
7	12	

 ----------Greedy covering array: 
0	0	0	0	0	0	0	0	0	0	0	0	0	0	0	0	0	0	0	0	
1	1	1	1	1	1	1	1	1	1	1	0	1	0	0	0	0	0	0	0	
0	1	1	0	1	0	0	0	1	0	1	1	1	1	1	1	0	0	0	0	
0	1	0	1	1	0	0	1	1	0	1	0	0	0	0	0	1	1	1	1	
0	1	1	0	1	0	1	0	0	1	0	0	1	0	1	1	1	1	1	1	
1	0	0	0	0	1	1	0	1	1	1	0	0	0	1	1	1	0	1	0	
1	1	0	1	1	1	0	1	0	0	0	1	0	1	1	1	1	0	1	0	
1	1	0	0	1	1	1	0	0	1	0	1	0	1	0	0	0	1	0	1	
1	0	1	1	0	1	0	1	0	0	0	0	1	0	1	1	0	1	0	1	
0	0	0	1	0	0	1	1	1	1	1	1	0	1	1	1	0	1	0	1	
0	0	1	1	0	0	1	1	0	1	0	1	1	1	0	0	1	0	1	0	
1	0	1	0	0	1	0	0	1	0	1	1	1	1	0	0	1	1	1	1	
0	1	1	0	0	1	0	1	0	1	1	0	0	1	1	0	0	0	1	1	
0	1	1	1	0	1	1	0	1	0	0	1	0	0	0	1	1	0	0	1	
1	1	0	0	0	0	0	1	1	1	0	1	1	0	0	1	0	1	1	0	
1	0	1	0	1	0	1	1	0	0	1	1	0	0	1	0	1	1	0	0	
0	0	0	1	1	1	0	0	0	1	1	0	1	1	0	1	1	1	0	0	
1	0	0	1	1	0	1	0	1	0	0	0	1	1	1	0	0	0	1	1	

invalid rows: 


 ----------random covering array (last execution): 
0	0	0	0	0	0	0	0	0	0	0	0	0	0	0	0	0	0	0	0	
1	0	1	0	1	1	1	0	0	1	0	0	0	1	1	0	1	1	1	1	
0	0	0	1	1	1	1	0	1	1	0	0	1	1	1	1	0	0	0	0	
1	1	0	0	1	0	0	1	0	1	1	1	0	1	1	0	0	0	1	0	
0	1	1	0	1	1	1	1	0	0	1	1	1	0	1	1	1	0	0	0	
0	0	1	0	0	0	0	0	0	1	1	1	1	1	0	1	1	1	0	1	
1	0	0	1	1	0	0	0	1	0	1	1	1	0	1	1	0	1	1	1	
0	1	1	1	1	0	0	1	1	0	0	0	0	0	1	0	1	1	0	1	
1	1	0	0	0	1	1	1	0	0	0	0	1	0	0	1	0	1	1	1	
1	1	1	1	0	0	0	1	1	1	0	0	1	1	0	1	1	0	1	0	
1	0	1	1	0	1	1	0	1	0	1	1	0	0	0	0	1	0	1	0	
0	1	0	1	0	1	1	1	1	1	1	1	0	1	0	0	0	1	0	1	
1	1	0	1	0	1	0	0	0	0	1	0	1	1	1	0	1	1	0	0	
0	1	1	0	0	1	0	0	1	1	0	1	0	0	1	1	0	1	1	0	
1	0	0	0	0	0	1	1	1	1	1	0	0	0	1	1	1	0	0	1	
1	0	1	0	1	1	0	1	1	0	0	1	1	1	0	0	0	0	0	1	
0	0	0	1	1	0	1	1	0	0	0	1	0	1	0	1	1	1	1	0	
0	1	1	1	1	0	1	0	0	1	1	0	1	0	0	0	0	0	1	1	

invalid rows (last execution): 
11	
