forbidden tuples: 
(P_30.0, P_17.0, P_7.1, P_3.0, P_28.1, P_24.0, P_34.0, P_26.1, P_15.0, P_20.0, P_9.1, P_6.0, P_33.0, P_31.0)
(P_29.1, P_34.0, P_5.1, P_24.0, P_12.1, P_25.1, P_6.0, P_20.1, P_23.1)
(P_23.1, P_5.1, P_11.0, P_24.1, P_10.0, P_21.0, P_15.1, P_27.1, P_30.0, P_1.0, P_14.1, P_7.1, P_31.0, P_35.1, P_3.1, P_12.0, P_28.1, P_13.0, P_19.1, P_25.1, P_16.0, P_6.1, P_32.1, P_26.0, P_22.0, P_29.0, P_9.0, P_4.0, P_20.0, P_17.0, P_2.1, P_34.1, P_8.1, P_33.1)
(P_14.0, P_31.1, P_8.1, P_7.1, P_18.0, P_21.0, P_22.1, P_26.1, P_35.0, P_2.1, P_33.1, P_9.0, P_6.1, P_12.1, P_1.0, P_17.1, P_13.0, P_32.0, P_34.1, P_29.0, P_15.0, P_24.0, P_10.0, P_16.0, P_5.1)
(P_5.0, P_20.1, P_21.1, P_35.1, P_4.1, P_30.0, P_16.1, P_2.1, P_1.1, P_18.1, P_31.1, P_22.1, P_8.1, P_11.0, P_34.1, P_25.0, P_15.1, P_12.0, P_7.1, P_14.0, P_9.0, P_27.0, P_17.0, P_6.0, P_29.1, P_32.0, P_23.1)
(P_26.0, P_10.1, P_11.1)
(P_31.0, P_23.0)
(P_7.1, P_35.1, P_5.1, P_8.0, P_4.1)
(P_20.0, P_19.1, P_29.0, P_17.1, P_7.0, P_10.1, P_9.0, P_4.0, P_11.1)
(P_2.1, P_34.0, P_29.0, P_22.0, P_12.1, P_20.0, P_5.1, P_25.1, P_16.0, P_33.1, P_17.0, P_15.1, P_27.1, P_11.1, P_28.1, P_24.1, P_7.0, P_31.1, P_8.1, P_35.1, P_18.0, P_26.1)
(P_5.1, P_25.0)
(P_7.1, P_19.0, P_1.0, P_20.1)
(P_1.0, P_28.1, P_16.1, P_12.0, P_3.0, P_25.1, P_19.0, P_14.1, P_2.0, P_20.0, P_29.1, P_8.0, P_23.1, P_9.1, P_24.1, P_13.0, P_18.0, P_33.0, P_4.1)
(P_12.0, P_1.1, P_17.1, P_19.0, P_14.1, P_24.0, P_31.1, P_22.1, P_21.1, P_26.0, P_33.0, P_29.0, P_10.1, P_16.1, P_32.1, P_2.1, P_34.1, P_4.1, P_27.1, P_15.1, P_11.0, P_20.0, P_28.1, P_6.0, P_3.0, P_13.0, P_7.1, P_35.1, P_23.1)
(P_9.1, P_25.0, P_16.1, P_33.1, P_15.0, P_26.0, P_17.1, P_1.1, P_5.0, P_32.0, P_14.0, P_34.1, P_19.1, P_18.0)
(P_9.0, P_23.1, P_35.1, P_6.1, P_3.1, P_21.0, P_30.1, P_11.1, P_27.1, P_2.0, P_7.1, P_25.1, P_33.1, P_5.1, P_32.0, P_16.0)
(P_2.0, P_21.0, P_27.1, P_10.0, P_8.0, P_32.1, P_18.1, P_9.1, P_30.1, P_6.1, P_13.1, P_22.1, P_31.1, P_1.0, P_11.0, P_28.0, P_33.1, P_24.0, P_5.0, P_23.0, P_14.1, P_16.1, P_26.1, P_12.1, P_15.0, P_3.0, P_4.1, P_35.1, P_19.0, P_7.1, P_29.1, P_17.1, P_34.0, P_25.0)
(P_6.0, P_22.1, P_35.0, P_25.1, P_18.1, P_19.1, P_26.1, P_11.0, P_13.0, P_2.1)
(P_33.1, P_17.0, P_16.0, P_2.1, P_18.1, P_28.0, P_4.1, P_23.0, P_22.1, P_29.1, P_1.0, P_26.1, P_21.0, P_24.0, P_19.0, P_6.1, P_34.0, P_32.0, P_8.1, P_9.1, P_13.1, P_15.0, P_25.1, P_3.0, P_31.1, P_10.1)
(P_26.0, P_20.1, P_34.1, P_31.1, P_5.0, P_1.0, P_35.1, P_15.1, P_16.1, P_25.1, P_21.1, P_23.1, P_3.1, P_28.0, P_13.0, P_18.0, P_30.0, P_12.0, P_24.0, P_14.0, P_11.1, P_33.0, P_27.0, P_29.0, P_4.1, P_7.1, P_9.0, P_2.0, P_32.0)

 ----------Identity covering array: 
0	0	0	0	0	0	0	0	0	0	0	0	0	0	0	0	0	0	0	0	0	0	0	0	0	0	0	0	0	0	0	0	0	0	0	
1	1	1	1	1	1	1	1	1	1	1	1	1	1	1	1	1	1	1	1	1	1	1	1	1	1	1	1	1	1	1	1	1	1	1	
0	0	0	0	0	0	0	0	0	0	0	0	0	0	0	0	0	0	1	1	1	1	1	1	1	1	1	1	1	1	1	1	1	1	1	
0	1	0	0	0	0	0	0	1	1	1	0	1	0	0	0	1	1	1	0	1	1	0	0	1	1	1	1	0	1	0	0	0	0	0	
0	1	1	0	0	1	0	0	1	1	1	0	0	0	0	1	1	0	1	1	0	0	0	1	1	1	0	1	1	0	0	1	1	0	0	
0	0	0	1	0	0	1	1	0	0	0	0	1	1	0	1	1	0	1	1	0	1	0	1	0	1	0	0	1	1	1	0	0	0	0	
1	1	0	1	0	0	0	0	1	0	1	0	0	1	1	1	0	0	1	1	0	1	1	0	0	1	0	1	1	0	0	0	1	1	0	
1	1	1	0	0	0	1	0	0	1	1	0	1	0	0	0	1	1	0	1	1	0	1	1	0	0	0	0	1	0	1	0	0	1	0	
0	0	1	0	1	1	1	0	1	0	1	0	0	1	0	0	0	0	1	0	1	1	0	1	1	1	0	1	0	1	1	0	0	0	1	
0	0	0	1	1	1	0	1	1	0	0	1	0	1	1	1	0	0	1	0	0	1	0	0	1	1	1	1	0	1	0	1	1	0	1	
1	0	1	1	1	1	1	1	0	0	1	0	1	0	0	0	0	1	1	1	1	1	0	1	0	1	0	0	1	1	0	1	0	1	1	
1	1	1	0	1	1	0	1	0	1	0	1	1	0	0	1	0	0	0	1	0	1	1	1	1	1	0	0	0	0	1	0	0	1	1	
1	1	0	0	0	0	1	1	0	1	0	0	1	1	1	0	0	1	1	1	0	1	1	1	1	1	1	0	0	1	1	1	1	0	0	
0	0	1	1	0	1	0	1	1	1	0	0	0	0	1	1	0	1	0	0	0	0	1	0	0	1	1	0	0	1	1	1	0	1	1	
1	0	0	1	1	0	1	1	0	0	0	1	1	1	1	0	0	1	0	0	1	1	1	0	0	0	1	0	0	1	1	0	0	1	1	
0	1	1	1	1	0	0	1	0	0	0	0	0	0	0	0	0	1	0	0	1	0	1	0	1	1	0	1	1	1	0	1	0	1	0	
0	1	1	0	1	1	1	0	1	0	0	1	1	1	0	0	0	1	1	0	0	1	1	1	0	1	0	0	1	1	0	0	1	1	0	
0	1	0	1	1	0	1	0	1	0	0	0	0	0	0	1	1	1	0	1	0	0	0	1	0	1	1	0	1	1	1	1	1	1	1	
0	1	0	1	1	1	0	1	0	0	1	1	1	0	1	0	1	1	1	0	1	0	1	1	0	1	1	0	0	1	0	0	1	0	0	
0	0	1	1	1	1	1	0	1	1	0	0	1	1	0	1	1	1	0	1	1	1	1	1	0	0	1	1	1	0	0	1	1	0	0	
0	1	0	0	0	1	1	0	0	1	1	0	1	1	1	1	0	1	0	0	1	1	1	0	0	1	0	1	0	0	1	1	0	1	1	
1	1	0	0	0	0	0	1	0	0	1	1	0	0	1	0	0	0	1	0	0	0	0	0	1	1	0	0	0	1	1	0	0	1	1	
1	0	1	0	1	0	0	0	1	0	0	1	1	0	1	1	1	1	1	0	0	0	1	0	1	1	0	1	1	1	1	0	0	1	0	
1	0	0	1	0	0	0	1	1	1	1	0	1	1	0	1	1	1	0	0	1	0	1	1	1	1	0	0	1	1	0	1	0	0	0	
1	1	1	0	1	1	1	0	0	1	1	0	0	0	1	0	1	1	0	0	0	1	0	0	0	1	1	0	1	1	0	1	1	0	1	
1	0	1	0	1	0	0	0	0	0	1	1	0	1	0	0	0	1	0	1	0	0	1	1	1	1	1	0	0	0	1	1	0	0	0	
1	1	0	1	0	1	1	1	1	1	1	1	0	0	0	0	0	0	1	0	1	1	1	0	0	1	1	0	1	1	1	0	0	0	0	
1	0	1	1	0	1	1	1	1	1	0	1	0	1	0	0	1	0	0	0	1	1	1	0	1	1	0	0	0	0	0	0	1	1	1	
0	1	0	0	1	0	0	0	0	0	1	0	1	0	1	1	0	1	1	1	0	0	0	1	0	0	1	1	1	1	1	1	0	0	0	
1	0	1	0	0	1	1	1	0	0	1	1	0	1	0	1	1	1	1	0	0	1	0	1	1	1	1	1	1	0	0	1	0	1	0	
1	1	1	0	1	1	0	1	1	0	0	0	0	1	1	1	1	0	1	0	1	0	1	1	0	1	0	1	0	1	1	1	0	0	0	
0	0	0	1	0	0	1	0	1	1	1	1	1	0	0	0	0	1	0	1	0	1	0	0	1	0	1	0	1	0	0	0	1	1	1	
1	1	0	0	1	0	0	0	0	1	1	1	1	1	0	1	0	1	0	1	0	1	0	0	0	1	0	1	0	1	0	0	1	0	1	
1	0	1	1	0	0	0	0	1	0	0	1	1	1	1	0	1	1	1	1	0	1	0	0	0	1	1	0	0	0	0	1	0	1	0	
0	0	1	1	1	0	1	1	0	1	1	1	0	0	1	1	0	1	1	1	1	0	0	1	1	1	1	1	0	0	0	0	1	0	1	
1	1	0	1	1	1	1	0	1	0	1	0	0	0	1	0	0	0	0	0	0	0	0	1	1	1	0	0	0	0	1	1	1	0	0	
0	1	0	1	0	0	1	0	0	1	0	1	0	1	0	0	1	1	1	0	0	0	1	1	0	1	0	0	0	0	0	1	0	0	1	
0	0	1	1	1	0	0	1	0	1	1	0	1	0	0	0	1	0	1	0	0	1	1	0	0	1	0	1	1	0	1	0	1	0	1	
1	0	0	1	0	1	1	0	0	1	0	0	1	0	1	0	0	0	0	1	1	0	0	1	1	1	0	1	1	0	0	0	0	1	0	
1	0	0	1	1	0	0	1	1	1	0	1	0	1	0	0	1	1	0	1	1	0	1	1	0	1	0	1	1	0	1	0	1	0	1	
0	0	0	0	1	0	1	1	1	1	1	1	0	0	1	0	1	0	0	1	0	1	1	1	0	0	0	1	0	1	0	1	0	1	0	
0	0	0	0	0	1	1	1	0	0	0	1	0	1	1	0	1	1	1	1	0	0	1	0	1	0	0	1	1	1	1	0	1	0	1	
0	0	0	0	1	0	1	1	0	1	1	0	0	1	0	1	1	1	1	0	1	0	0	0	0	0	1	0	0	0	1	0	0	1	0	
1	0	0	0	1	1	0	1	1	1	0	0	1	1	0	0	0	1	0	0	0	0	0	1	1	0	1	1	0	1	0	0	1	1	0	
1	1	0	0	1	0	1	0	0	0	1	1	1	1	0	0	1	0	1	1	1	1	0	1	1	0	0	1	1	0	0	0	1	0	0	
0	1	1	0	1	0	0	1	1	0	1	1	0	1	0	1	1	1	1	0	0	1	1	0	0	0	1	0	0	1	1	1	1	0	1	
1	0	1	1	1	0	1	0	0	1	0	0	0	1	0	1	0	0	1	0	0	1	1	0	0	0	0	0	0	1	0	1	1	0	0	
1	1	0	1	1	0	1	1	0	0	1	1	1	0	0	1	0	0	0	0	0	1	1	0	1	0	1	1	1	0	1	1	0	0	0	
1	1	1	0	0	0	1	1	1	1	1	0	0	1	1	1	0	0	1	1	0	0	1	1	1	0	1	0	1	1	0	0	0	0	1	
0	1	1	1	0	0	1	1	1	0	0	1	1	0	0	1	0	1	0	0	0	1	0	1	1	0	0	1	0	1	0	0	0	0	1	
1	0	1	1	1	1	1	1	0	0	0	1	0	1	1	1	0	0	0	1	0	0	1	1	0	0	0	0	1	0	1	1	1	1	1	
0	0	1	0	0	0	0	1	0	1	0	1	1	1	0	1	1	1	1	1	1	1	1	0	0	0	1	1	1	1	0	0	0	1	1	
1	0	0	0	1	1	1	0	1	0	0	0	0	0	0	1	1	1	0	1	1	1	1	0	1	0	0	0	0	1	1	0	1	0	0	
0	0	1	0	1	0	0	0	1	1	1	1	1	0	1	1	0	1	1	0	1	1	1	1	1	0	0	0	1	0	1	1	1	0	0	
1	0	0	1	1	1	0	0	0	1	1	0	0	1	1	1	0	1	1	0	0	0	1	1	0	0	0	1	1	1	0	0	0	1	1	
1	1	1	0	0	0	0	1	0	1	0	0	0	0	0	0	1	1	1	0	0	1	0	1	0	0	0	1	0	0	1	1	1	1	1	
1	1	1	1	1	0	1	0	1	0	0	0	1	0	1	0	1	0	1	0	0	0	1	1	0	0	1	1	0	0	0	0	0	0	1	
1	1	1	1	1	1	1	1	1	1	1	1	1	1	1	1	1	1	0	0	0	0	0	0	0	0	0	0	0	0	0	0	0	0	0	
1	1	1	1	0	0	1	1	1	0	1	1	0	0	0	1	0	1	1	1	1	0	0	0	0	0	0	1	0	1	1	1	1	1	0	
0	1	0	1	0	1	1	1	1	1	0	0	1	0	1	1	1	0	1	0	1	1	0	0	0	0	0	1	1	1	0	0	1	1	1	
1	1	1	0	1	1	0	0	1	1	1	1	0	0	1	0	0	1	0	0	1	0	1	0	1	0	1	1	0	0	0	1	1	1	1	
1	0	0	0	0	1	0	1	0	0	1	1	1	0	0	1	1	0	0	0	0	0	0	1	0	0	0	0	1	1	0	1	1	0	1	
1	1	0	0	0	1	1	0	1	0	0	1	0	1	1	1	0	1	0	1	1	0	0	1	1	0	1	0	0	1	0	1	0	1	0	
0	1	1	0	1	1	0	1	1	1	0	1	0	1	0	0	0	0	1	1	1	0	0	0	0	0	0	0	1	0	0	1	0	0	0	
0	0	1	0	1	1	1	1	0	1	0	1	1	0	0	0	1	1	0	0	1	0	0	1	1	0	1	0	0	1	1	1	0	0	1	
1	1	0	0	1	1	0	1	1	0	1	0	0	0	0	0	1	1	1	1	0	1	1	0	1	0	1	0	1	0	0	0	0	1	1	
1	0	1	1	1	0	0	1	1	0	0	1	0	0	0	0	1	0	1	1	0	0	0	1	1	0	1	0	1	1	0	0	1	0	0	
1	0	1	0	0	0	1	1	0	0	0	0	0	0	1	0	0	1	0	0	1	1	1	1	0	0	1	1	1	0	0	0	1	0	0	
1	1	0	1	0	0	0	1	0	1	0	1	1	0	1	1	1	1	0	1	0	0	1	0	0	0	1	0	1	0	0	1	1	1	0	
1	0	0	1	1	0	0	1	1	0	1	0	1	1	1	0	1	0	1	0	1	1	0	1	1	0	0	0	0	0	1	1	1	1	1	
0	1	1	1	0	0	0	1	0	1	1	1	1	1	1	0	0	0	1	0	0	0	0	1	0	1	1	1	1	0	0	1	0	1	1	
1	0	0	1	0	0	1	0	0	0	1	0	1	0	1	1	1	1	0	0	0	1	1	1	1	1	1	1	0	1	1	0	1	1	1	
0	1	1	1	0	0	0	1	1	1	1	0	0	1	1	0	0	1	0	0	0	1	0	1	1	0	0	0	1	1	1	0	1	1	0	
0	0	0	1	0	0	1	0	1	0	1	0	0	1	1	0	1	1	1	0	1	0	0	0	0	0	1	1	1	1	0	1	1	0	0	
1	0	1	0	0	0	1	0	1	1	0	0	0	1	0	1	0	0	0	1	0	1	0	0	1	0	0	1	1	0	1	1	0	1	1	
0	1	0	1	1	1	1	1	0	0	1	0	1	1	0	0	0	1	1	1	0	0	1	0	1	0	0	1	0	0	0	1	1	1	0	
0	1	1	0	0	0	1	1	1	0	0	1	1	0	0	0	1	0	0	1	1	1	0	0	1	1	1	0	0	0	1	1	1	0	0	
0	1	0	1	0	1	1	1	0	1	1	0	0	1	0	0	0	0	0	1	1	1	0	1	0	0	1	0	0	0	0	1	1	0	1	
0	1	0	0	0	1	0	1	1	0	0	0	1	0	1	1	0	1	1	1	1	1	1	1	0	0	0	0	0	0	0	1	0	0	1	
1	1	0	0	1	0	1	0	1	1	0	1	1	1	0	0	0	0	1	0	1	0	0	1	0	0	1	1	1	1	1	1	0	1	1	
0	1	0	0	0	0	0	0	1	1	0	1	0	1	1	1	1	0	0	0	0	0	1	0	1	0	1	1	0	0	1	0	1	0	0	
0	0	1	1	0	1	1	1	1	0	0	0	0	0	1	0	1	0	1	0	1	0	1	1	1	0	1	0	1	0	1	1	0	1	0	
0	1	0	1	1	0	0	0	1	1	0	0	1	0	1	0	0	0	0	1	1	0	1	0	0	0	0	0	0	1	1	0	1	0	1	
1	0	0	0	1	1	0	0	0	1	1	0	0	1	1	0	1	0	1	1	1	0	1	0	0	1	1	0	1	0	1	1	1	1	0	
0	1	1	1	1	0	0	0	0	0	1	0	0	1	0	1	1	0	0	1	1	1	1	1	1	0	1	0	0	1	0	0	0	1	1	
0	1	1	0	1	1	1	0	0	0	0	1	0	0	1	0	0	0	1	1	0	1	0	0	0	0	1	1	0	0	1	0	1	1	1	
1	1	0	0	0	1	0	0	1	0	0	0	1	1	0	0	1	0	0	0	0	1	1	0	0	0	0	0	1	1	1	1	0	1	0	
0	1	1	1	1	1	0	1	0	1	0	0	1	1	1	0	1	0	0	1	0	1	0	0	1	0	1	1	1	1	1	1	0	0	0	
1	0	0	0	0	1	1	1	1	1	0	1	1	0	1	0	0	1	1	0	0	0	0	0	0	1	0	1	1	0	1	1	1	0	0	
1	1	0	0	1	0	1	1	1	0	0	0	0	1	1	1	1	1	0	0	1	1	0	0	1	1	0	1	1	0	0	1	0	0	1	
1	0	0	0	0	0	1	0	1	0	1	1	0	0	0	1	0	1	1	0	1	0	1	1	0	1	0	0	0	0	0	0	1	1	1	
1	0	1	1	0	1	1	0	1	1	1	0	1	0	0	0	1	1	1	1	0	0	1	0	1	0	0	1	0	1	1	1	0	0	1	
1	1	1	1	0	1	0	0	0	0	0	0	1	1	0	1	0	1	1	0	1	0	0	0	1	1	1	0	1	0	1	0	1	0	1	
1	0	1	1	1	0	1	0	0	1	1	1	0	1	0	0	1	0	0	0	0	0	0	0	1	1	1	1	1	1	1	0	1	1	0	
1	0	1	0	0	1	0	1	0	1	1	1	1	1	1	0	0	0	1	0	1	1	1	0	1	0	0	1	0	0	0	0	0	0	0	
1	0	0	0	1	1	1	0	0	0	0	1	1	0	0	1	1	0	1	1	1	0	1	0	0	1	1	1	0	0	0	1	0	0	1	
0	0	1	0	1	0	1	1	1	0	1	0	1	1	1	0	0	1	0	1	0	0	0	0	0	1	0	0	1	0	1	0	0	0	1	
1	0	0	1	0	0	0	1	0	1	1	0	0	0	1	1	1	0	0	1	1	0	0	0	1	0	1	1	0	0	1	1	0	0	1	
0	0	1	1	1	1	0	0	1	0	1	1	0	0	0	1	1	0	0	0	1	0	0	0	0	0	0	1	1	0	0	0	0	1	1	
1	1	0	1	0	1	1	1	0	0	0	0	0	1	0	0	1	0	0	1	0	0	0	0	0	1	1	1	0	1	0	0	0	1	1	
0	1	1	0	0	1	1	0	0	1	0	1	0	0	0	1	0	1	0	1	0	0	1	0	0	1	1	1	1	1	0	0	0	0	0	
1	1	1	1	0	1	0	0	0	0	1	1	0	1	1	0	1	1	0	1	1	1	0	1	0	0	0	1	0	1	1	0	0	0	0	
1	0	0	0	0	1	1	0	1	1	1	1	1	1	1	1	1	0	1	1	0	1	0	1	0	0	1	0	0	0	1	0	1	0	1	
0	0	0	0	1	0	1	1	1	1	0	0	1	0	0	1	0	0	1	0	0	0	1	0	1	1	1	0	1	0	0	1	1	1	1	
1	0	1	0	1	1	0	1	1	0	1	0	1	0	1	1	0	0	0	1	1	1	0	0	0	0	1	1	1	1	1	0	1	1	0	
0	0	1	0	0	1	0	0	1	1	0	0	0	1	1	0	1	1	1	1	1	0	0	1	0	1	0	0	0	1	0	0	1	1	1	
0	0	1	1	0	0	1	0	0	1	0	1	1	1	1	1	0	0	0	0	1	0	0	1	0	1	0	1	0	1	1	1	1	0	0	
0	1	0	1	1	1	1	0	0	1	0	1	0	0	1	1	1	1	1	0	0	1	0	1	1	0	0	0	1	0	1	0	0	1	0	
1	1	1	1	0	1	0	0	1	0	0	1	1	0	1	0	0	0	0	1	0	1	1	1	1	1	0	1	1	1	0	1	1	0	1	
0	0	0	1	0	1	0	0	1	0	1	1	0	1	0	0	0	1	0	0	0	1	1	1	0	0	1	1	1	0	1	1	0	0	1	
1	0	0	1	1	0	0	0	0	1	0	1	0	0	1	0	0	1	1	1	1	1	0	0	1	0	0	0	1	1	0	1	0	0	1	
0	1	1	0	0	1	1	1	1	0	1	0	1	1	0	1	1	0	0	0	0	0	1	1	0	1	1	1	0	0	1	0	1	1	0	
0	0	0	1	0	0	0	1	1	0	0	1	1	1	0	1	0	0	1	1	1	0	1	1	1	0	0	1	0	0	1	0	0	1	0	
1	1	0	1	0	1	0	0	0	1	0	1	0	0	0	1	1	0	1	0	1	1	1	1	1	0	1	1	0	1	0	1	1	1	0	
0	1	1	1	0	0	1	0	0	0	1	1	0	0	1	1	1	0	1	1	1	1	1	0	0	1	0	0	1	0	1	1	0	0	1	
0	0	0	1	1	1	1	0	1	0	1	1	1	1	1	1	0	0	0	1	1	0	1	0	1	1	1	0	1	1	0	0	0	0	0	
0	0	1	0	0	1	1	0	0	0	1	0	1	0	1	1	0	0	1	0	0	1	0	0	1	0	1	0	0	1	0	1	0	1	0	
0	0	1	1	0	1	0	1	0	0	1	0	0	0	1	1	1	1	0	1	0	1	1	0	1	1	0	0	0	0	0	0	1	0	0	
0	0	1	0	1	0	0	0	0	0	0	0	1	1	1	1	1	1	0	1	0	0	0	1	1	0	0	1	0	0	0	1	1	1	1	
0	0	1	1	0	1	0	0	0	1	1	1	1	0	0	0	0	0	1	1	0	0	1	1	0	0	1	0	0	1	1	0	1	1	0	
0	1	1	1	1	0	1	0	1	1	0	0	0	1	1	0	0	1	1	1	1	1	1	0	1	1	1	1	0	0	1	0	0	1	0	
1	0	1	0	0	0	0	1	1	0	1	0	1	1	0	0	0	0	0	1	1	0	1	0	0	1	1	1	0	1	0	1	1	0	1	
0	0	0	0	1	1	0	0	0	1	0	0	1	1	1	0	1	0	0	0	0	1	1	1	1	1	1	0	1	0	0	0	0	0	1	
1	0	1	0	0	0	0	0	1	1	0	1	0	0	1	1	1	0	0	0	1	1	0	1	0	1	1	0	1	1	1	0	0	0	1	
0	1	1	0	0	0	1	0	0	0	1	1	1	1	1	0	1	0	0	0	1	0	1	0	1	0	0	0	1	1	0	1	1	1	1	
1	1	1	0	1	0	1	1	0	1	0	0	1	0	1	1	1	0	1	1	1	0	0	0	1	1	0	0	0	1	0	0	1	1	0	
0	1	0	0	1	0	0	1	0	0	0	1	0	1	1	1	0	0	0	0	1	1	0	1	0	1	1	0	1	0	0	0	1	1	0	
1	0	0	1	1	1	0	1	1	1	0	0	0	0	0	1	0	1	1	1	0	1	0	1	0	1	1	1	0	0	1	0	0	0	0	
1	1	1	1	1	0	0	0	1	1	1	0	1	0	0	1	0	0	0	0	1	1	0	1	0	1	1	0	0	0	0	1	0	1	0	
0	1	0	0	0	1	0	1	1	0	1	1	1	0	1	0	1	1	0	1	1	0	0	1	1	1	1	1	1	0	1	0	0	1	1	
0	0	0	1	1	1	0	0	0	0	0	1	1	0	0	0	1	1	0	0	1	1	0	0	0	1	0	1	0	0	1	1	1	1	0	
0	0	0	0	0	1	0	1	0	1	1	1	0	1	0	1	0	1	0	1	1	1	0	0	1	1	0	0	1	1	1	1	1	1	0	
0	1	0	0	1	1	1	1	0	1	1	0	0	0	0	1	0	0	0	0	1	0	1	1	1	0	0	1	1	1	1	0	1	0	1	
0	1	0	1	1	1	0	0	1	1	1	1	1	1	0	1	1	0	1	1	0	0	0	0	1	1	0	0	0	1	1	1	0	1	1	

invalid rows: 
1	4	5	8	10	11	15	17	18	19	20	25	29	30	31	32	33	34	35	38	39	40	41	43	44	45	46	47	49	50	51	54	55	57	58	60	61	62	63	64	67	71	73	74	77	78	80	83	84	86	90	92	95	96	97	98	99	100	101	103	105	106	111	116	117	119	120	121	126	127	128	129	131	133	

 ----------Greedy covering array: 
0	0	0	0	0	0	0	0	0	0	0	0	0	0	0	0	0	0	0	0	0	0	0	0	0	0	0	0	0	0	0	0	0	0	0	
1	1	1	1	1	1	1	1	1	1	1	1	1	1	1	1	1	1	1	1	1	1	1	1	1	1	1	1	1	1	1	1	1	1	1	
0	0	0	1	0	0	0	1	1	1	0	0	1	1	0	0	1	0	1	1	1	1	1	0	0	0	1	1	0	1	1	0	1	0	0	
1	1	0	0	1	0	0	1	1	0	0	1	1	1	0	1	0	0	0	1	0	0	0	0	0	0	0	1	1	0	1	1	1	0	0	
1	1	0	1	1	0	0	1	1	1	1	1	1	0	0	0	0	0	0	0	0	1	0	0	0	0	1	0	1	1	0	0	1	1	1	
0	0	0	1	1	0	1	0	0	0	0	0	1	1	0	0	0	1	1	0	0	1	0	1	0	1	1	0	0	0	1	1	1	0	1	
0	1	1	1	0	0	1	1	0	1	0	1	1	1	0	0	1	1	0	0	1	0	0	0	1	0	1	0	1	0	0	0	1	0	1	
1	0	0	1	1	0	0	0	0	0	0	1	0	0	0	1	1	0	1	1	1	1	0	0	1	1	1	0	1	0	0	1	0	1	0	
0	1	0	0	0	0	0	1	1	0	1	1	1	1	1	0	0	1	1	1	0	1	1	0	0	1	0	0	0	0	1	0	1	1	0	
0	1	1	0	0	1	1	1	1	1	1	0	1	1	1	0	0	1	0	0	0	0	1	1	0	0	0	1	0	1	1	0	1	0	1	
0	0	0	1	0	0	1	0	0	0	1	1	1	1	1	1	1	0	0	1	0	1	1	1	1	1	1	0	0	1	1	1	1	1	0	
1	0	0	1	0	1	0	0	1	0	1	0	0	1	1	0	1	0	1	0	1	1	1	1	1	0	0	0	1	0	0	1	1	1	1	
1	0	1	1	0	0	0	0	1	1	0	0	1	1	0	1	0	1	1	0	1	1	0	1	1	1	0	1	1	1	1	1	1	0	0	
1	1	1	0	0	0	1	0	0	0	1	0	0	0	0	1	1	0	1	0	1	0	1	1	0	0	0	1	0	1	1	0	1	1	1	
0	0	1	0	0	1	1	0	0	0	0	0	0	1	1	1	1	1	1	1	1	0	1	1	1	1	0	1	0	0	1	1	0	0	0	
0	0	0	0	0	0	1	1	1	0	0	0	0	0	1	1	1	0	0	1	1	0	0	1	0	0	1	0	1	1	1	0	1	1	0	
0	1	0	0	0	1	0	0	0	1	1	0	1	1	1	1	1	1	0	0	1	1	0	0	0	1	1	0	1	0	1	1	1	1	0	
0	1	0	1	1	0	1	0	0	1	0	0	0	0	1	1	1	0	1	0	0	1	1	0	0	1	1	1	1	1	1	0	1	0	1	
0	0	1	0	1	1	1	0	0	1	1	1	1	0	1	1	0	0	0	1	1	1	0	1	0	0	0	1	1	0	1	1	1	0	0	
1	1	0	1	1	0	1	1	0	1	1	0	0	1	1	1	0	1	0	1	1	1	0	0	0	1	1	1	0	1	0	1	0	1	1	
1	0	1	0	0	0	0	1	0	0	1	1	0	1	0	1	1	1	1	1	1	0	1	0	0	1	0	0	1	1	0	1	1	0	1	
0	0	1	0	0	1	0	0	1	0	0	1	1	0	0	0	1	0	1	0	0	0	1	1	1	0	0	0	1	0	1	0	1	0	0	
0	1	1	0	1	1	0	1	1	0	0	0	1	0	1	1	1	0	1	0	1	0	0	0	1	0	1	0	0	0	1	1	1	1	1	
1	1	0	0	1	0	1	0	1	0	0	1	0	0	0	1	0	1	0	1	1	1	0	1	1	0	1	0	0	1	1	1	1	0	1	
1	0	1	0	1	0	0	0	0	1	1	1	0	1	1	1	0	0	0	0	0	0	1	0	1	1	1	1	1	1	1	0	1	1	0	
0	0	0	1	0	1	0	0	1	0	0	1	0	0	1	1	0	1	1	0	1	1	0	0	1	0	0	1	0	1	0	0	1	1	0	
1	1	0	0	0	1	1	0	0	0	1	1	1	1	0	0	0	0	1	1	1	0	0	1	1	1	1	1	1	0	1	0	1	0	0	
1	1	0	0	1	1	1	0	1	1	1	0	0	1	0	0	1	1	0	1	1	0	1	1	1	1	0	0	0	0	0	0	1	1	0	
0	0	1	1	0	0	0	1	0	0	0	1	1	0	1	1	0	0	1	0	0	1	0	0	0	0	1	1	1	1	1	1	0	0	1	
0	0	0	0	1	1	0	1	1	0	1	1	1	1	0	1	1	1	0	0	0	1	0	1	1	1	1	1	0	1	0	0	1	1	1	
0	1	1	0	1	0	0	1	0	0	1	0	1	0	1	0	0	1	1	1	1	1	0	1	1	0	0	0	1	1	1	0	1	1	1	
1	1	0	1	0	1	1	0	1	1	0	1	0	1	0	1	1	0	0	0	0	0	1	0	0	1	1	1	0	0	0	1	0	0	0	
1	0	0	1	0	1	0	1	0	1	0	1	0	1	1	1	0	1	0	0	0	0	1	0	1	0	0	0	1	0	1	1	1	0	1	
0	1	1	1	1	1	1	0	0	0	0	0	1	1	0	1	1	1	0	0	0	0	0	0	1	0	0	1	0	1	0	1	1	1	0	
1	0	1	1	0	1	1	1	1	1	0	1	1	0	1	1	0	0	0	1	0	1	1	1	0	1	0	1	0	0	0	0	1	1	1	
0	1	1	0	0	0	1	0	1	1	1	1	0	0	1	0	0	0	1	0	0	1	0	0	1	1	0	0	1	1	0	0	1	0	0	
1	0	0	0	1	1	1	0	0	0	0	0	1	0	0	1	0	1	0	0	1	1	1	0	0	1	0	0	1	1	0	0	1	0	0	
1	0	0	0	1	0	1	1	0	1	0	1	1	1	1	0	0	0	1	0	1	0	1	1	0	0	1	0	0	0	0	1	1	1	0	
1	0	1	1	0	0	1	1	1	0	1	0	0	0	0	0	1	0	0	1	0	1	0	0	1	1	1	0	0	0	0	1	1	0	0	
1	1	0	1	1	1	1	1	0	1	0	0	0	0	1	1	0	1	1	1	1	1	1	1	1	0	1	0	0	0	0	0	1	0	0	
1	1	1	1	1	1	0	1	0	0	0	1	0	1	1	0	1	0	0	0	1	1	0	1	0	1	0	0	0	1	1	0	0	0	0	
0	0	1	1	1	1	0	1	1	1	1	0	1	0	0	1	0	1	1	0	1	0	1	1	0	1	1	0	0	0	1	0	0	0	0	
1	0	0	0	1	0	0	0	0	0	0	1	1	0	1	1	1	1	1	1	0	0	0	1	0	1	0	1	0	0	0	0	0	0	1	
1	1	0	0	0	0	0	1	1	1	1	0	0	0	1	1	1	1	0	0	0	1	0	1	1	0	0	1	0	0	1	1	0	0	0	
0	0	0	1	1	1	0	1	1	1	0	1	1	1	1	0	0	1	0	1	0	1	0	0	1	1	1	0	1	0	0	1	0	0	0	
0	1	0	0	1	1	0	0	0	1	0	1	1	1	1	1	0	1	1	0	1	0	1	1	0	0	0	1	1	1	1	0	0	1	1	
1	0	0	0	0	0	1	0	0	1	0	0	1	1	1	0	0	1	0	0	1	0	0	0	1	1	0	0	0	1	1	0	0	1	1	
0	0	0	0	0	1	1	1	1	0	0	1	0	1	1	0	0	0	1	0	1	0	0	1	1	1	1	1	1	1	0	1	0	0	1	
1	1	1	1	0	0	0	0	1	0	0	1	1	0	0	0	0	1	0	0	1	1	1	1	1	1	1	1	1	0	1	0	0	1	1	
0	1	0	0	0	1	1	1	1	0	0	0	0	1	0	1	0	0	0	0	0	1	1	1	0	1	0	0	1	0	1	1	0	1	1	
0	0	1	1	0	1	1	0	0	1	1	0	0	0	1	0	1	1	1	0	1	1	1	1	1	1	1	0	0	1	0	0	0	1	1	
1	0	0	1	1	1	0	1	0	0	0	0	1	1	0	1	1	1	0	1	1	0	1	1	0	0	1	1	0	0	1	1	0	1	1	
0	1	0	1	1	0	0	0	1	1	1	0	0	1	1	1	0	0	1	1	1	0	0	0	1	1	0	0	0	0	1	0	0	0	1	
1	1	1	0	0	1	0	0	1	1	0	1	1	1	1	1	0	0	1	1	1	1	0	0	0	0	1	0	0	1	0	1	0	1	1	
1	0	1	0	0	0	1	1	0	0	1	1	1	0	1	1	1	1	0	0	1	1	1	0	1	0	1	0	0	0	1	0	0	0	1	
1	0	0	0	1	0	0	1	0	1	0	0	1	1	0	1	1	0	1	0	0	1	1	1	1	0	0	0	1	1	0	0	0	1	0	
0	1	1	0	1	0	1	1	0	0	0	0	1	0	1	0	0	0	0	0	1	1	1	0	1	1	0	1	1	0	0	1	0	1	0	
1	1	1	0	1	1	1	0	0	0	1	1	0	0	1	1	0	1	0	0	0	0	0	1	1	1	0	0	1	0	0	1	0	1	1	
0	1	0	1	0	1	1	1	0	1	0	1	1	0	0	1	1	0	1	1	0	0	0	1	1	1	0	0	1	1	1	0	0	1	1	
1	1	1	0	1	0	1	1	0	1	1	0	1	1	0	0	1	0	0	1	0	0	1	1	0	1	1	0	1	0	1	1	0	0	1	
1	1	1	0	0	1	0	1	1	1	1	1	0	0	1	1	1	0	0	1	1	0	1	0	1	0	0	1	1	1	0	0	0	1	0	
0	0	0	0	1	1	0	0	0	1	1	1	0	0	0	0	0	0	0	0	0	1	1	1	1	0	1	0	0	1	1	1	0	0	1	
0	1	1	1	0	1	0	0	1	0	1	0	0	0	0	1	1	1	0	1	0	1	0	0	1	1	0	1	1	1	1	0	0	0	1	
1	1	0	1	0	1	0	0	0	0	1	0	1	0	1	0	0	1	0	1	0	0	0	1	0	0	1	0	1	1	0	0	0	1	0	
1	0	0	0	1	1	0	0	1	0	1	0	0	0	1	1	0	0	1	1	0	1	1	1	0	1	0	1	0	1	1	1	0	1	0	
0	1	0	1	1	0	0	0	1	0	1	1	1	1	1	1	1	0	0	0	1	0	1	1	1	0	1	1	1	0	0	0	0	0	0	
0	1	0	1	1	1	1	0	1	1	0	0	1	0	1	0	0	0	0	0	0	1	0	1	1	0	1	1	0	0	1	0	0	1	0	
0	0	1	0	0	0	0	1	0	1	0	0	0	1	0	1	0	0	0	1	1	1	0	1	1	1	1	1	0	0	0	0	0	1	0	
1	0	1	1	1	1	1	0	0	1	0	0	0	0	0	1	1	0	0	0	1	0	0	1	1	0	1	1	1	1	0	1	0	0	1	
0	1	1	0	1	0	1	0	1	1	0	1	1	1	1	0	1	1	1	1	0	1	1	1	1	0	0	0	0	1	0	1	0	0	0	
1	0	1	0	0	1	1	1	0	0	0	1	1	0	0	0	1	1	0	0	0	1	1	1	0	0	1	1	1	1	0	1	1	1	0	
0	0	1	0	1	0	1	1	1	1	0	1	0	1	0	1	1	0	1	0	1	1	1	0	1	1	0	1	0	0	1	1	1	0	1	
1	1	1	0	0	0	1	0	1	1	0	1	0	1	0	1	1	1	1	0	0	1	0	1	0	0	1	0	1	0	1	0	0	1	0	
0	1	1	0	1	0	1	1	0	1	0	1	1	0	0	1	0	1	0	1	0	0	0	0	0	1	1	1	0	1	1	0	0	0	0	
1	1	0	1	0	0	0	1	1	0	0	0	0	1	0	0	1	1	1	0	0	0	1	0	1	1	1	0	0	1	0	0	0	1	1	
0	0	0	1	0	0	1	1	1	1	1	1	1	0	1	1	1	1	0	0	1	0	0	1	0	1	0	0	1	1	0	1	0	0	0	
0	1	0	1	1	1	0	0	1	1	0	0	0	1	0	0	0	0	1	1	0	0	0	1	0	1	0	1	1	1	0	1	1	1	0	
1	0	0	1	0	0	1	0	0	1	1	1	0	1	0	0	0	1	0	1	0	1	1	1	0	1	0	1	1	1	0	0	0	0	0	
0	1	1	1	0	0	0	0	0	0	1	0	1	1	0	1	0	0	0	1	1	1	1	1	0	0	0	0	1	1	0	1	0	0	1	
1	1	0	0	0	1	0	1	0	0	0	0	1	0	1	0	1	1	1	1	0	1	1	0	1	1	1	1	1	1	1	1	0	0	0	
1	1	1	0	1	1	0	1	1	1	0	0	0	0	0	0	0	1	1	0	1	0	0	0	0	0	0	1	1	0	0	0	0	0	1	
0	1	1	0	1	0	1	0	1	0	1	0	1	0	0	0	1	0	1	1	1	1	0	1	0	1	1	1	0	1	0	0	0	1	0	
1	1	1	1	0	0	1	0	0	1	0	0	0	0	1	0	0	0	1	1	1	0	1	0	0	0	0	0	1	0	1	1	0	0	0	
1	0	1	1	1	0	0	0	0	1	1	1	1	0	1	0	1	1	1	1	1	0	0	0	1	0	1	1	0	1	0	0	1	0	0	
0	0	0	1	1	0	1	0	1	0	0	1	0	1	1	0	1	1	0	1	1	1	1	0	0	0	0	1	1	0	1	0	0	1	1	
0	0	1	1	0	1	0	1	0	1	1	0	1	1	1	0	1	0	1	0	0	0	1	0	0	1	0	1	1	0	0	0	0	1	0	
0	1	0	0	1	0	0	0	0	0	1	0	0	1	0	0	1	1	1	0	1	0	0	0	1	0	1	0	1	1	1	1	0	0	0	
1	0	1	1	1	0	1	1	1	0	1	0	0	1	1	0	0	1	1	0	0	0	0	1	0	0	1	1	1	1	1	1	0	1	0	
1	1	1	0	0	1	0	1	0	1	1	0	1	0	0	1	0	0	1	0	0	0	0	1	1	1	1	0	0	1	0	1	1	0	0	
0	1	1	0	1	0	0	1	1	0	0	0	0	1	1	1	0	1	0	1	0	0	1	1	1	1	1	0	1	1	0	0	1	0	1	
0	1	0	0	0	1	0	0	0	1	0	1	1	0	0	1	1	0	0	1	1	1	1	0	1	1	0	0	0	0	0	0	1	0	1	
1	1	0	1	1	0	1	1	1	0	1	1	1	0	0	1	0	0	1	0	1	0	1	0	1	1	0	0	0	1	1	1	0	1	0	
0	0	0	0	0	0	1	0	1	1	1	0	1	0	0	1	0	1	1	1	0	0	1	0	1	0	1	1	1	0	0	1	1	1	1	
1	0	0	0	1	1	1	1	1	1	0	1	0	0	1	0	1	1	1	0	0	0	0	0	1	1	1	1	0	0	1	0	1	1	0	
1	0	1	0	0	1	0	1	1	0	1	1	1	1	0	0	0	1	0	1	1	0	0	1	1	0	0	0	0	0	0	1	0	1	0	
0	0	0	1	1	1	0	1	0	0	1	0	1	0	1	0	0	0	0	1	1	0	1	0	1	1	0	1	0	1	0	1	1	0	1	
0	1	1	1	0	0	0	0	0	0	0	1	0	0	1	1	0	1	1	0	0	0	1	1	0	1	1	0	0	0	0	1	1	1	0	
1	0	1	1	1	0	1	1	1	0	0	1	0	0	0	0	0	0	1	1	0	0	1	1	1	0	0	1	0	1	0	0	0	0	1	
0	1	0	0	1	1	1	1	0	0	1	1	0	0	1	0	1	0	0	1	0	0	1	0	0	0	1	0	0	0	0	0	0	1	1	
0	0	0	1	1	0	1	1	0	0	1	0	0	0	0	0	1	1	0	0	0	0	1	1	1	1	0	1	1	0	1	0	1	0	0	
1	0	0	1	0	1	0	1	0	0	1	0	0	0	0	1	0	0	0	0	1	0	0	0	0	1	1	1	1	0	1	0	1	1	1	
0	0	1	1	1	1	1	1	0	0	1	1	0	1	0	1	0	1	1	1	0	1	0	0	1	0	0	0	1	0	1	0	0	1	0	
1	1	1	1	1	1	0	0	0	1	1	1	1	1	0	0	0	1	1	0	0	1	1	0	1	1	0	1	0	0	0	1	0	0	1	
1	1	0	0	0	0	0	0	1	1	0	0	1	0	1	0	1	0	0	0	1	0	1	1	0	1	1	1	0	1	0	1	1	0	1	
0	1	1	1	0	0	0	1	0	1	1	1	0	1	1	0	1	0	1	1	0	0	0	1	1	0	1	1	0	0	1	1	0	1	1	
1	1	1	1	1	0	0	0	0	1	1	0	1	0	0	1	1	1	0	1	0	1	1	0	0	0	0	0	0	0	1	0	1	1	0	
1	0	1	0	0	1	1	1	0	1	0	0	0	0	0	0	0	1	1	1	0	1	0	0	0	1	0	0	0	1	1	1	1	1	1	
1	0	1	0	1	1	1	0	1	0	1	0	1	1	1	1	1	0	1	0	0	1	0	0	0	1	1	0	1	0	0	0	0	0	1	
0	1	1	1	0	1	1	1	1	1	1	0	0	1	0	0	0	0	0	0	1	1	1	0	1	0	1	0	1	1	1	1	1	1	0	
0	1	0	0	0	1	1	1	0	0	1	1	0	1	0	1	0	1	1	0	1	1	1	0	0	0	1	1	0	1	0	0	0	0	0	
1	0	1	1	0	1	1	0	1	0	0	0	1	1	1	1	0	0	0	1	0	0	1	0	1	0	1	0	0	1	1	0	0	0	0	
0	1	0	0	1	0	0	1	0	1	1	1	0	0	0	0	1	1	1	0	1	1	0	1	0	1	0	1	1	0	0	1	1	1	1	
0	1	0	1	0	1	1	1	1	0	0	0	1	0	0	0	1	1	1	1	1	1	0	1	0	0	0	0	0	0	0	1	0	0	1	
1	0	0	0	1	1	1	1	1	1	1	0	1	1	0	0	1	0	0	1	1	1	0	0	1	0	0	1	1	1	1	0	0	0	1	
0	0	1	1	1	1	1	0	0	0	0	1	1	1	0	0	0	0	1	1	1	0	1	0	0	1	1	0	1	1	0	0	1	1	1	
0	1	1	1	0	1	1	0	1	0	1	1	0	0	1	0	0	1	0	1	1	0	0	0	0	1	1	1	0	0	1	1	1	0	1	
0	0	1	0	0	0	0	0	1	0	1	1	1	1	0	0	1	0	0	0	0	0	0	0	0	1	0	1	0	1	1	1	0	1	1	
0	0	1	1	1	0	1	0	1	1	1	1	0	1	0	1	0	0	0	0	1	0	0	1	0	0	0	0	0	0	0	0	1	1	1	
0	0	1	1	1	0	0	1	1	1	0	0	0	0	1	1	1	1	0	0	0	1	1	0	0	0	0	0	0	1	0	1	0	1	1	
1	0	0	1	0	1	1	0	0	1	1	1	1	0	0	0	1	0	1	0	1	1	0	0	0	0	0	1	0	0	1	1	0	1	0	
1	1	1	1	0	0	1	1	1	0	0	0	1	1	1	1	1	1	1	1	1	0	0	0	0	1	0	1	1	0	0	0	1	1	0	
0	1	0	1	0	0	0	1	0	1	0	1	0	0	0	0	0	1	0	1	1	0	1	1	1	0	0	1	0	1	1	1	1	1	0	
1	0	1	0	1	0	0	0	1	0	1	0	0	1	1	0	0	1	0	0	1	1	1	0	0	0	1	1	0	0	0	1	1	0	0	
1	1	1	0	1	1	0	0	0	0	0	0	0	1	0	0	0	0	1	1	0	1	1	0	1	0	1	1	0	0	1	0	1	1	1	
0	0	1	0	1	1	0	0	1	1	0	1	0	0	0	0	1	1	0	1	1	0	1	0	0	1	1	0	1	1	1	1	0	1	0	
1	0	1	1	1	0	0	0	1	1	0	0	1	0	1	0	1	0	0	1	0	0	0	1	1	1	0	0	1	0	1	1	1	1	1	
0	0	1	0	0	1	0	0	0	1	0	0	0	1	1	0	1	1	0	1	0	1	0	1	0	0	1	1	1	0	0	0	1	0	1	
1	1	0	1	0	0	1	1	0	0	1	0	1	1	1	1	0	0	1	0	0	1	0	1	1	0	0	1	0	0	0	0	1	0	1	
1	1	0	0	0	0	1	0	0	0	0	1	0	1	1	0	1	0	0	1	0	1	0	0	1	0	0	1	1	1	0	1	1	1	1	
0	1	1	1	1	1	0	1	1	0	1	1	0	0	0	1	1	0	1	1	0	1	1	1	0	0	1	1	1	0	0	1	1	0	0	
0	0	0	0	1	1	1	1	0	1	1	0	0	1	1	1	1	0	1	1	0	0	0	0	0	0	0	0	0	1	0	1	1	0	0	
1	0	0	1	0	1	0	0	1	1	1	1	0	1	0	1	1	1	1	1	0	0	0	1	0	0	1	0	0	1	1	0	1	0	1	
1	0	0	0	0	0	0	1	1	1	1	1	0	0	1	0	0	0	1	1	1	1	1	1	0	1	1	0	1	0	1	0	0	0	1	
1	1	0	1	1	1	1	0	1	0	1	1	1	0	1	0	1	1	1	0	0	0	1	0	0	0	0	0	1	1	1	1	1	0	1	

invalid rows: 
4	5	6	18	19	20	37	38	41	42	43	46	52	60	65	74	77	81	82	85	88	99	106	108	112	115	118	119	123	125	130	131	134	1	7	8	26	30	34	36	39	45	48	54	58	64	68	69	76	84	89	95	113	121	127	128	129	11	16	116	10	44	61	62	93	105	109	114	120	132	

 ----------random covering array (last execution): 
0	0	0	0	0	0	0	0	0	0	0	0	0	0	0	0	0	0	0	0	0	0	0	0	0	0	0	0	0	0	0	0	0	0	0	
1	1	1	1	1	1	1	1	1	1	1	1	1	1	1	1	1	1	1	1	1	1	1	1	1	1	1	1	1	1	1	1	1	1	1	
1	0	0	0	0	1	0	0	1	1	0	0	0	0	0	0	1	1	1	0	0	1	1	1	0	1	0	1	1	0	0	1	1	1	1	
0	0	0	0	0	0	1	0	1	0	0	1	0	1	1	1	1	0	1	0	1	0	1	0	0	1	0	1	0	0	1	0	1	1	0	
1	0	0	1	0	0	0	0	0	1	0	1	0	1	1	1	0	0	1	0	1	0	1	0	1	0	1	0	1	0	0	1	1	1	1	
0	1	1	0	0	0	1	1	0	0	0	0	0	0	1	0	1	0	1	1	0	0	0	1	1	0	0	1	1	0	0	1	1	0	1	
1	0	1	0	1	1	0	1	0	0	1	1	0	0	0	1	0	0	1	0	1	1	0	0	1	0	0	1	1	0	0	1	1	1	0	
0	0	0	0	0	1	1	0	0	0	1	1	0	1	1	0	0	0	0	1	1	1	0	1	0	1	1	0	1	0	1	1	0	0	1	
0	0	1	1	0	0	0	0	0	0	0	0	0	0	0	1	1	1	1	1	1	0	1	1	0	1	1	1	0	1	0	0	1	1	1	
1	1	1	1	1	0	0	1	1	1	0	0	1	0	0	1	1	1	1	0	0	0	1	0	1	0	0	1	0	1	0	0	1	1	0	
0	1	0	1	0	0	1	1	0	1	1	0	0	0	0	0	1	1	1	1	1	1	0	0	0	1	1	1	1	1	1	1	1	0	1	
0	1	0	1	0	1	1	0	0	0	1	1	1	1	0	0	0	1	1	0	0	1	1	1	1	0	1	1	1	1	0	0	0	0	1	
1	1	1	0	1	1	1	0	1	1	1	1	0	1	0	0	1	0	1	1	0	0	1	1	0	0	0	1	1	0	1	0	1	0	1	
0	1	0	1	1	1	0	1	1	1	0	0	0	1	0	1	1	1	1	0	0	1	0	1	1	0	1	0	0	0	1	0	0	0	0	
0	1	1	0	1	1	1	1	1	0	1	0	1	0	0	0	1	1	0	1	0	1	0	1	0	1	0	1	0	1	1	0	0	0	0	
0	1	0	0	0	1	0	1	0	1	0	1	0	0	0	0	1	0	1	0	0	1	1	0	0	1	1	0	0	1	1	1	0	1	0	
1	0	1	1	0	1	1	0	0	0	0	1	1	0	0	1	1	0	1	1	0	1	0	0	0	0	1	1	0	1	1	1	1	0	1	
1	0	0	0	0	0	0	1	1	1	0	1	0	0	1	1	1	1	1	1	0	1	0	1	1	0	0	0	1	1	1	1	0	0	1	
1	1	0	1	1	1	1	1	1	0	0	1	1	0	1	0	1	0	1	0	1	0	0	0	0	1	0	0	0	1	1	0	1	0	1	
1	0	1	1	0	1	1	1	1	1	0	0	0	1	1	1	0	0	0	1	0	0	0	0	1	1	1	1	1	1	1	1	0	1	1	
0	0	1	1	1	1	1	0	0	1	0	1	0	1	0	0	0	1	1	1	1	1	0	1	1	1	0	1	0	0	1	0	0	1	0	
0	1	0	0	1	0	0	0	0	0	1	1	1	0	0	0	1	1	1	0	1	1	1	1	0	0	0	0	0	0	0	0	1	0	0	
0	0	0	0	1	1	1	0	0	0	1	0	1	0	1	1	1	0	1	0	0	1	1	1	1	0	1	0	0	1	1	1	1	1	0	
0	1	1	0	0	1	1	1	0	1	1	0	0	1	1	1	1	0	1	0	1	0	1	0	1	1	0	0	0	0	1	1	0	0	1	
1	0	0	1	1	0	0	0	1	1	1	1	0	1	1	0	1	1	1	1	1	0	0	0	0	0	1	1	0	1	1	1	0	0	0	
0	0	1	0	0	1	0	0	1	1	1	0	1	0	0	0	0	0	1	0	1	0	1	1	0	0	1	0	1	1	1	0	0	0	1	
0	1	0	1	0	1	0	1	1	0	1	1	1	1	0	1	1	0	1	1	1	0	0	1	0	1	0	1	0	0	0	1	1	0	0	
1	1	1	1	0	1	0	1	0	0	1	0	1	1	1	1	0	1	1	1	0	1	1	0	0	1	1	1	0	0	0	0	0	0	0	
0	0	0	0	1	0	1	0	1	1	0	1	0	0	0	0	1	0	0	0	1	0	0	1	1	0	0	0	1	1	1	1	1	1	1	
0	1	1	1	0	0	0	0	1	1	1	0	1	0	1	0	0	0	1	1	1	1	1	0	1	0	1	1	0	0	1	1	1	1	1	
0	1	1	1	1	1	0	0	0	1	1	1	0	0	1	1	1	0	1	0	0	0	0	1	1	1	1	0	0	1	0	0	1	1	1	
1	0	0	0	0	0	1	1	1	0	0	0	1	1	0	1	0	1	0	1	1	1	1	0	0	0	0	1	1	0	1	1	0	0	0	
1	0	1	0	0	0	1	0	0	0	1	1	1	1	0	0	1	1	1	0	1	0	0	0	1	0	0	1	1	1	1	0	0	1	0	
0	0	1	0	1	0	1	1	1	1	1	0	1	0	1	1	0	0	1	0	0	1	0	0	0	0	1	1	1	0	1	0	1	0	0	
1	1	0	0	1	0	0	1	1	0	0	0	1	1	0	0	0	1	1	1	1	0	1	0	1	1	1	0	1	1	1	0	1	1	1	
1	0	0	1	1	0	0	1	0	1	1	1	0	0	0	1	0	0	1	1	1	0	1	1	0	0	0	0	0	1	0	0	0	0	1	
0	0	1	0	0	1	0	1	0	1	0	1	1	1	1	0	0	1	1	1	0	0	0	0	0	0	0	0	0	0	1	0	1	0	1	
1	1	0	0	0	1	1	1	0	0	0	0	0	1	1	0	0	1	1	0	1	0	0	1	0	0	1	1	0	1	0	1	1	1	0	
0	0	0	1	1	0	1	1	0	0	1	0	0	1	0	0	0	0	1	1	0	1	1	0	0	1	0	0	1	0	0	1	0	1	1	
1	1	1	0	0	1	0	1	0	0	1	0	1	1	1	1	0	1	1	0	0	0	0	1	0	1	0	0	1	1	1	1	0	1	1	
0	1	0	0	1	1	0	0	0	1	0	0	1	1	1	1	1	0	0	1	1	1	0	0	0	0	0	1	1	1	0	0	0	1	1	
1	1	1	1	1	1	0	0	0	0	0	0	1	0	1	0	1	1	0	1	0	0	1	1	0	0	0	0	1	0	1	1	1	1	0	
0	1	1	0	0	0	0	0	1	0	0	0	0	1	1	0	0	0	0	1	1	1	0	1	1	1	0	0	0	1	1	0	1	0	0	
1	1	1	1	0	0	1	0	1	0	1	0	0	1	0	1	1	0	0	0	0	1	1	0	0	0	0	0	0	1	1	0	0	1	1	
1	0	1	0	0	0	1	0	0	0	1	1	1	0	1	0	0	0	0	1	1	0	1	0	0	1	0	1	1	1	0	1	1	1	1	
1	1	1	0	0	1	0	0	1	1	0	1	1	0	1	1	1	1	0	0	1	0	0	1	1	0	1	1	0	1	1	0	1	0	0	
1	0	1	0	0	1	0	1	0	1	1	0	0	1	0	0	1	0	0	1	0	0	0	0	1	0	1	1	0	1	0	0	1	0	0	
0	1	0	0	0	1	1	1	1	1	1	1	1	0	0	0	0	0	0	1	1	0	1	1	1	0	0	1	0	1	0	1	0	1	0	
0	1	1	0	1	1	0	0	1	0	1	1	0	1	0	1	1	1	0	1	1	0	1	0	1	0	1	0	1	0	0	1	1	0	1	
0	1	0	0	0	0	1	1	0	0	0	1	1	0	0	1	1	1	0	1	0	0	1	0	1	0	1	1	0	0	1	0	0	1	1	
1	1	1	1	1	1	0	1	0	1	1	0	1	0	0	0	0	1	0	1	0	1	0	1	1	0	1	0	1	1	0	1	0	0	1	
0	1	1	0	0	1	1	0	1	0	0	0	1	1	1	0	1	1	0	0	0	1	0	0	1	1	1	1	1	0	1	1	1	1	0	
1	0	0	1	0	1	0	0	0	0	1	0	0	0	1	1	1	0	0	1	0	0	1	1	1	1	0	1	1	1	1	0	0	0	0	
1	0	0	0	1	1	1	0	0	1	0	0	1	1	0	1	0	0	0	0	1	0	1	1	1	1	1	1	0	1	1	1	1	0	1	
0	0	1	1	1	1	0	1	0	0	1	0	0	1	0	0	1	1	0	0	1	1	0	0	1	0	0	0	0	1	1	1	1	1	1	
1	1	0	0	0	0	0	0	0	1	1	1	0	1	1	0	0	1	0	0	0	1	0	1	0	0	1	1	0	0	1	0	1	1	1	
0	0	0	0	1	1	1	1	1	0	1	1	0	0	1	1	0	1	0	1	0	0	0	0	0	0	1	0	0	1	0	0	1	1	1	
0	1	1	1	1	0	1	1	0	0	1	1	1	1	1	1	0	0	0	1	1	0	0	0	1	0	1	0	0	1	1	0	0	0	0	
1	1	0	0	0	0	0	1	0	1	1	1	1	0	0	1	1	0	0	1	1	1	0	1	1	1	1	0	1	0	1	0	1	1	0	
1	1	0	1	1	0	1	1	0	0	0	1	0	1	1	1	1	1	0	1	0	1	0	0	1	1	0	1	0	0	0	1	1	1	0	
1	0	0	1	1	1	0	0	1	1	1	1	1	1	0	1	0	1	0	0	1	1	1	0	0	1	1	0	0	1	1	0	0	1	0	
1	1	0	1	0	0	1	0	0	1	1	0	1	0	1	0	1	1	0	0	1	0	0	0	1	0	0	0	0	0	0	1	0	0	1	
0	0	1	1	1	0	0	0	1	1	1	1	1	0	0	1	1	0	0	1	0	1	1	0	1	1	0	0	1	0	1	0	0	0	1	
0	1	1	1	0	0	0	0	0	1	0	1	1	1	0	1	0	0	0	0	0	0	0	0	0	1	1	0	1	1	0	1	1	0	0	
0	1	0	1	0	0	1	0	1	1	0	0	1	1	1	0	1	1	0	1	0	0	1	1	0	1	1	0	0	1	1	0	0	0	1	
0	1	0	1	0	1	0	0	1	0	1	1	0	0	1	1	0	1	0	0	1	1	1	0	0	0	0	1	1	1	1	1	1	0	0	
1	1	0	0	0	0	0	1	1	0	1	0	1	0	1	1	1	0	0	0	0	0	1	0	0	0	1	0	1	1	0	1	1	0	1	
1	1	0	0	1	1	0	0	1	0	1	0	0	0	0	0	0	0	0	1	0	0	0	0	0	1	1	1	0	0	1	1	0	1	1	
1	1	0	0	1	1	1	1	1	1	1	1	1	1	1	0	0	0	0	0	0	1	0	0	1	0	0	0	1	0	1	1	0	0	0	
1	1	1	0	1	0	1	1	0	1	1	0	0	0	1	1	0	1	0	0	1	1	1	1	0	1	0	1	0	1	0	0	1	0	1	
0	1	1	0	1	0	1	1	1	1	0	1	1	1	0	0	0	1	1	0	1	1	0	0	0	0	1	0	0	0	0	1	1	1	1	
1	0	0	0	1	1	1	1	1	0	1	0	0	0	1	0	1	1	1	1	1	1	1	1	1	0	0	1	0	0	1	0	0	1	1	
1	1	1	0	1	0	0	1	0	0	0	1	0	1	0	1	1	0	0	0	1	1	1	1	0	0	1	1	0	0	1	1	0	0	1	
1	0	1	0	1	0	0	1	1	1	0	0	0	0	1	1	1	0	0	1	1	0	0	0	0	1	0	0	0	0	1	1	1	1	0	
0	0	1	0	0	0	0	0	0	1	1	0	0	1	0	1	0	1	0	1	0	1	1	1	1	0	1	1	1	0	0	1	0	1	0	
1	1	1	1	0	1	1	1	0	1	0	1	0	0	0	0	0	0	0	1	1	1	1	0	0	0	0	0	1	1	1	0	1	1	0	
1	1	0	0	0	0	1	0	1	1	0	1	1	0	1	1	0	0	1	1	0	0	1	1	0	1	1	1	1	0	0	0	0	0	0	
1	1	1	1	0	0	0	1	1	1	0	1	0	1	0	0	0	1	0	1	1	0	0	0	0	1	0	1	1	0	0	0	0	0	1	
0	1	0	1	1	1	1	0	0	1	0	1	0	0	0	1	0	1	0	0	0	0	0	0	1	1	0	1	1	0	1	0	1	0	1	
0	0	1	0	0	0	1	0	1	1	1	1	1	1	0	1	1	1	0	1	0	1	0	1	0	1	0	0	0	1	0	1	1	1	1	
1	0	1	0	1	1	0	0	1	0	0	1	1	1	1	1	0	0	0	0	0	0	1	1	1	0	0	0	0	0	0	0	0	1	0	
0	1	0	1	1	1	0	1	1	1	0	0	0	0	1	1	0	0	0	1	0	1	1	1	0	1	1	0	0	0	0	1	1	0	1	
1	0	0	0	1	1	1	1	0	0	0	1	0	1	0	1	1	1	0	0	0	0	0	1	0	1	0	0	1	1	0	0	0	0	0	
1	0	1	1	1	1	0	0	1	1	1	0	0	1	1	0	0	0	1	0	1	1	0	1	0	1	0	0	1	1	0	1	1	0	0	
0	0	1	0	0	1	0	1	1	0	0	1	0	0	1	0	1	1	0	0	1	1	1	0	1	1	1	1	1	1	0	0	0	0	1	
1	0	0	1	1	0	0	0	1	0	0	1	1	0	0	0	0	1	0	1	0	1	0	1	0	0	1	1	1	1	0	0	1	1	0	
0	0	1	1	0	1	1	0	0	1	1	1	0	0	1	1	1	0	0	0	0	1	0	1	0	0	0	1	0	0	0	1	0	0	0	
0	1	1	1	1	0	1	1	1	1	0	1	0	1	1	0	1	0	0	0	0	0	1	1	0	0	1	1	1	1	0	1	0	1	0	
1	1	0	1	1	0	1	0	0	1	1	0	1	1	0	1	0	0	1	1	0	0	0	1	0	0	0	0	0	0	1	1	1	1	0	
0	1	1	0	1	0	0	0	0	1	1	1	0	0	1	1	0	1	1	1	0	0	1	0	1	1	0	1	0	1	1	1	0	1	0	
1	0	0	0	0	1	0	0	0	0	1	0	1	0	0	1	0	1	1	1	1	1	0	0	1	1	0	0	0	0	1	0	1	0	1	
0	0	0	1	0	1	1	1	0	1	1	0	0	1	1	1	1	1	0	1	1	0	1	1	0	0	1	0	1	0	1	0	1	1	0	
1	0	1	1	0	0	1	1	1	0	1	1	0	0	0	0	0	1	1	0	0	0	1	1	1	1	1	0	0	0	1	1	1	0	0	
1	0	1	0	0	0	0	1	1	0	1	0	1	1	1	0	1	0	1	1	1	1	1	1	0	0	1	0	0	1	0	1	0	1	0	
0	1	1	1	1	1	1	0	0	0	1	0	1	1	0	0	0	0	0	0	1	0	1	0	0	1	1	1	0	0	0	0	1	1	0	
0	0	0	1	0	1	1	0	1	1	1	0	1	0	1	0	0	1	1	1	0	0	0	0	1	1	0	0	1	1	0	0	1	1	0	
0	1	1	0	1	0	1	0	0	0	0	0	0	0	0	1	0	1	1	1	1	0	0	1	0	0	1	0	1	1	1	1	0	0	0	
0	1	0	0	1	0	0	1	1	1	1	0	0	1	1	0	0	1	0	0	1	0	1	1	1	1	0	0	1	0	0	0	0	1	0	
0	0	0	1	0	0	0	1	0	0	0	0	1	0	1	1	0	1	0	0	1	1	0	0	1	1	1	0	0	1	0	1	0	1	0	
0	1	1	1	0	0	0	1	1	0	1	1	0	0	1	0	1	1	1	1	0	1	0	0	0	0	0	0	1	0	0	0	0	1	0	
0	0	0	1	0	1	0	0	1	0	0	1	1	1	0	0	1	0	1	1	0	0	0	0	1	0	1	0	1	0	1	1	0	1	0	
0	0	1	1	1	0	0	1	0	0	1	1	1	0	1	0	1	0	0	0	1	0	0	1	0	1	1	1	1	0	1	0	0	1	1	
1	0	1	1	1	0	1	0	1	0	1	0	1	1	1	1	0	1	0	1	1	0	0	1	1	0	0	1	1	0	0	0	1	0	1	
1	1	0	0	0	1	1	0	1	1	0	0	0	1	0	1	0	1	1	1	0	1	1	0	1	0	0	0	0	1	0	1	1	0	0	
1	1	0	1	1	0	1	0	1	0	1	0	0	0	0	1	1	0	0	0	1	1	0	1	1	1	1	1	1	1	0	1	0	1	0	
1	0	1	1	1	0	0	0	0	0	0	0	0	1	1	1	1	1	1	0	0	1	0	0	0	1	1	0	1	0	1	0	1	0	1	
1	0	1	0	1	0	1	1	0	1	0	0	1	1	0	0	1	0	1	1	0	0	0	1	1	1	1	0	0	0	0	0	0	1	1	
0	0	0	1	1	0	0	1	0	0	0	1	1	1	1	0	0	0	0	1	0	1	1	1	1	0	0	1	0	1	1	1	1	0	1	
1	0	0	1	1	1	1	1	0	1	1	1	1	0	0	1	1	1	1	0	0	0	1	0	0	0	1	1	1	0	0	1	0	1	1	
0	0	1	1	0	1	0	1	1	1	0	0	1	0	0	1	0	1	0	0	1	0	0	1	0	0	0	1	0	0	1	1	0	1	1	
0	0	0	0	1	0	0	1	0	1	1	0	1	1	0	0	1	1	0	0	0	0	1	0	0	1	0	1	1	1	1	1	1	0	0	
1	1	1	1	0	1	1	0	1	0	0	1	0	0	1	1	0	0	1	1	1	1	0	1	1	0	1	0	0	0	0	0	0	1	1	
0	1	1	0	0	1	1	1	0	0	0	0	1	0	0	1	0	0	0	0	0	1	1	1	1	1	0	0	1	0	0	0	1	1	1	
1	0	0	1	0	1	0	1	1	1	1	1	1	1	1	0	1	0	0	0	0	1	1	0	1	1	0	1	0	0	0	0	1	1	1	
0	0	0	0	1	1	0	1	0	1	0	1	1	0	1	0	0	1	1	1	1	0	0	1	1	1	1	1	1	0	0	1	1	0	0	
0	0	1	1	1	1	1	1	1	0	0	0	1	0	0	1	1	0	1	1	1	0	1	0	1	1	0	0	1	1	0	1	0	0	0	
0	0	0	1	1	0	1	0	1	1	0	0	0	0	0	0	1	0	0	1	1	1	1	0	1	0	1	1	0	0	0	0	1	0	0	
1	1	0	1	1	1	0	1	0	0	0	0	0	0	1	0	0	0	1	0	1	0	1	0	1	0	1	1	1	0	1	0	0	0	0	
1	0	1	0	1	0	1	0	0	1	0	0	0	0	1	0	0	1	0	0	0	1	1	0	1	0	1	0	1	1	1	0	0	1	1	
1	0	0	1	0	1	1	1	1	0	0	0	1	1	0	0	1	0	0	0	1	1	0	1	0	0	1	0	1	0	0	0	1	0	1	
0	0	1	0	1	1	0	1	1	0	0	1	0	1	0	1	0	0	1	1	0	1	1	1	0	1	1	1	1	1	1	0	1	1	0	
1	1	1	0	0	1	1	0	1	1	1	0	0	0	0	1	1	1	1	0	1	0	0	0	0	1	1	0	1	0	0	0	0	1	0	
0	0	1	1	1	1	1	0	1	0	0	0	0	1	1	0	0	1	1	0	0	0	1	0	0	0	0	1	0	1	0	1	0	0	1	
0	0	0	0	1	0	0	0	1	0	1	0	1	1	1	1	1	1	1	0	0	0	0	1	1	1	1	1	0	0	0	1	0	0	1	
1	0	1	0	1	1	1	0	0	1	0	1	1	0	1	0	1	1	0	1	1	1	1	0	0	1	1	0	0	0	0	1	0	0	0	
1	1	0	0	1	0	1	0	0	0	1	1	0	1	1	0	1	0	1	1	0	1	1	0	1	1	1	0	1	1	0	0	1	0	0	
1	1	1	0	1	0	0	0	1	0	0	1	1	0	0	0	0	0	1	0	0	1	0	0	1	1	0	1	0	1	0	1	0	0	1	
0	1	0	1	0	0	0	1	1	0	1	0	0	1	0	1	0	0	1	0	0	0	0	1	1	0	0	1	1	1	1	0	1	1	1	
0	0	0	0	0	0	1	1	1	1	1	1	0	1	0	1	0	0	1	0	1	1	0	0	1	1	1	1	0	1	0	0	0	0	1	
0	1	0	1	1	0	1	0	1	0	0	1	1	0	1	1	0	1	1	0	1	1	1	1	0	1	0	0	1	0	1	1	0	1	1	
1	0	0	1	0	0	1	1	0	1	0	0	1	0	1	0	0	0	1	0	0	1	0	1	0	1	0	1	0	1	1	0	0	1	0	
1	1	1	1	0	0	0	0	0	1	0	0	1	1	0	0	1	0	1	0	1	1	1	1	1	1	0	1	1	0	1	1	0	0	0	
1	1	0	1	0	1	0	0	0	0	0	1	0	1	0	0	1	1	0	1	1	0	1	1	1	1	0	0	0	1	0	1	0	1	1	
0	0	1	1	0	0	1	1	0	1	0	1	1	1	1	1	1	1	1	0	1	1	1	1	1	0	0	0	1	1	0	0	1	0	0	

invalid rows (last execution): 
1	6	7	8	13	15	19	22	25	26	27	30	31	34	36	38	39	41	42	47	48	50	51	56	57	58	60	61	62	63	64	65	68	69	70	71	73	74	75	78	79	80	82	83	84	86	87	88	89	92	95	96	97	99	100	102	103	105	106	107	109	111	112	115	117	120	121	122	123	124	125	126	127	129	130	
