forbidden tuples: 
(P_24.1, P_28.1, P_7.0, P_3.0, P_34.0)
(P_29.0, P_28.0)
(P_12.1, P_9.1)
(P_31.1, P_33.1, P_16.0, P_3.1, P_34.0, P_14.0, P_7.1, P_29.1, P_20.1, P_4.1, P_19.1, P_11.1, P_26.0, P_8.0, P_15.0, P_2.1, P_17.0, P_13.1)
(P_1.0, P_34.1, P_7.0, P_2.1, P_13.1, P_35.1, P_9.1, P_30.1, P_18.0, P_15.0, P_23.0, P_10.1, P_4.0, P_19.0, P_25.1, P_3.1, P_31.1, P_26.0, P_32.1, P_22.0, P_21.1, P_8.1, P_28.1, P_17.0, P_33.0, P_14.1, P_16.1, P_6.0, P_27.0, P_24.0, P_29.0, P_12.0, P_11.0)
(P_29.1, P_10.0, P_1.1, P_11.0, P_6.0, P_2.1, P_31.1, P_25.1, P_20.0, P_19.1, P_13.1, P_9.0, P_34.1, P_33.1, P_18.1, P_7.0, P_27.0, P_12.1, P_30.1, P_5.0, P_24.1, P_35.0)
(P_21.0, P_22.1, P_31.0, P_15.0, P_12.0)
(P_25.0, P_10.0, P_11.0, P_26.0, P_15.0, P_14.1, P_7.1, P_5.1, P_8.1, P_1.1, P_21.1, P_6.1, P_33.0, P_17.1, P_12.0, P_30.1, P_13.0, P_4.1, P_2.1, P_18.1, P_27.1, P_16.1, P_9.1)
(P_29.0, P_12.0, P_22.0, P_23.1, P_21.0, P_14.0, P_31.1, P_26.1, P_9.1, P_30.0, P_28.1, P_4.0, P_6.0)
(P_20.0, P_1.0, P_26.0, P_35.1, P_3.1, P_34.1, P_23.1, P_27.0, P_10.1, P_14.1, P_29.1, P_13.1)
(P_2.0, P_15.0, P_4.1, P_30.0, P_13.0, P_5.0, P_25.1, P_10.0, P_8.1, P_6.0, P_18.1, P_3.0, P_35.1, P_9.1, P_14.0, P_11.1, P_1.0, P_24.0, P_28.1, P_27.0, P_26.1, P_23.1, P_20.1, P_32.1, P_19.1, P_21.0)
(P_14.0, P_13.1, P_31.1, P_20.0, P_34.1, P_29.1, P_12.0, P_2.0, P_6.0, P_9.0, P_21.1, P_27.1, P_1.1, P_28.0, P_10.0, P_17.1, P_11.0, P_4.1, P_3.1, P_32.1, P_18.0)
(P_29.0, P_30.0, P_7.1, P_5.1, P_33.1, P_25.0, P_17.0)
(P_25.1, P_21.0, P_34.1, P_6.1, P_30.0, P_10.1, P_9.1)
(P_1.0, P_34.0, P_14.0, P_31.0, P_25.0, P_35.1, P_10.1, P_28.1, P_26.0)
(P_22.0, P_14.1, P_19.1, P_32.0)
(P_15.0, P_3.1, P_22.1, P_4.0, P_19.1, P_27.1, P_14.1, P_5.0, P_26.1, P_28.1, P_12.1, P_29.0, P_11.0, P_17.0, P_18.1, P_35.0, P_23.0, P_32.0, P_16.1, P_30.1, P_24.1, P_8.0, P_20.0, P_21.1, P_7.1)
(P_26.1, P_9.1, P_31.0, P_14.0, P_22.0)

 ----------Identity covering array: 
0	0	0	0	0	0	0	0	0	0	0	0	0	0	0	0	0	0	0	0	0	0	0	0	0	0	0	0	0	0	0	0	0	0	0	
1	1	1	1	1	1	1	1	1	1	1	1	1	1	1	1	1	1	1	1	1	1	1	1	1	1	1	1	1	1	1	1	1	1	1	
0	0	0	0	0	0	0	0	0	0	0	0	0	0	0	0	0	0	1	1	1	1	1	1	1	1	1	1	1	1	1	1	1	1	1	
0	1	0	0	0	0	0	0	1	1	1	0	1	0	0	0	1	1	1	0	1	1	0	0	1	1	1	1	0	1	0	0	0	0	0	
0	1	1	0	0	1	0	0	1	1	1	0	0	0	0	1	1	0	1	1	0	0	0	1	1	1	0	1	1	0	0	1	1	0	0	
0	0	0	1	0	0	1	1	0	0	0	0	1	1	0	1	1	0	1	1	0	1	0	1	0	1	0	0	1	1	1	0	0	0	0	
1	1	0	1	0	0	0	0	1	0	1	0	0	1	1	1	0	0	1	1	0	1	1	0	0	1	0	1	1	0	0	0	1	1	0	
1	1	1	0	0	0	1	0	0	1	1	0	1	0	0	0	1	1	0	1	1	0	1	1	0	0	0	0	1	0	1	0	0	1	0	
0	0	1	0	1	1	1	0	1	0	1	0	0	1	0	0	0	0	1	0	1	1	0	1	1	1	0	1	0	1	1	0	0	0	1	
0	0	0	1	1	1	0	1	1	0	0	1	0	1	1	1	0	0	1	0	0	1	0	0	1	1	1	1	0	1	0	1	1	0	1	
1	0	1	1	1	1	1	1	0	0	1	0	1	0	0	0	0	1	1	1	1	1	0	1	0	1	0	0	1	1	0	1	0	1	1	
1	1	1	0	1	1	0	1	0	1	0	1	1	0	0	1	0	0	0	1	0	1	1	1	1	1	0	0	0	0	1	0	0	1	1	
1	1	0	0	0	0	1	1	0	1	0	0	1	1	1	0	0	1	1	1	0	1	1	1	1	1	1	0	0	1	1	1	1	0	0	
0	0	1	1	0	1	0	1	1	1	0	0	0	0	1	1	0	1	0	0	0	0	1	0	0	1	1	0	0	1	1	1	0	1	1	
1	0	0	1	1	0	1	1	0	0	0	1	1	1	1	0	0	1	0	0	1	1	1	0	0	0	1	0	0	1	1	0	0	1	1	
0	1	1	1	1	0	0	1	0	0	0	0	0	0	0	0	0	1	0	0	1	0	1	0	1	1	0	1	1	1	0	1	0	1	0	
0	1	1	0	1	1	1	0	1	0	0	1	1	1	0	0	0	1	1	0	0	1	1	1	0	1	0	0	1	1	0	0	1	1	0	
0	1	0	1	1	0	1	0	1	0	0	0	0	0	0	1	1	1	0	1	0	0	0	1	0	1	1	0	1	1	1	1	1	1	1	
0	1	0	1	1	1	0	1	0	0	1	1	1	0	1	0	1	1	1	0	1	0	1	1	0	1	1	0	0	1	0	0	1	0	0	
0	0	1	1	1	1	1	0	1	1	0	0	1	1	0	1	1	1	0	1	1	1	1	1	0	0	1	1	1	0	0	1	1	0	0	
0	1	0	0	0	1	1	0	0	1	1	0	1	1	1	1	0	1	0	0	1	1	1	0	0	1	0	1	0	0	1	1	0	1	1	
1	1	0	0	0	0	0	1	0	0	1	1	0	0	1	0	0	0	1	0	0	0	0	0	1	1	0	0	0	1	1	0	0	1	1	
1	0	1	0	1	0	0	0	1	0	0	1	1	0	1	1	1	1	1	0	0	0	1	0	1	1	0	1	1	1	1	0	0	1	0	
1	0	0	1	0	0	0	1	1	1	1	0	1	1	0	1	1	1	0	0	1	0	1	1	1	1	0	0	1	1	0	1	0	0	0	
1	1	1	0	1	1	1	0	0	1	1	0	0	0	1	0	1	1	0	0	0	1	0	0	0	1	1	0	1	1	0	1	1	0	1	
1	0	1	0	1	0	0	0	0	0	1	1	0	1	0	0	0	1	0	1	0	0	1	1	1	1	1	0	0	0	1	1	0	0	0	
1	1	0	1	0	1	1	1	1	1	1	1	0	0	0	0	0	0	1	0	1	1	1	0	0	1	1	0	1	1	1	0	0	0	0	
1	0	1	1	0	1	1	1	1	1	0	1	0	1	0	0	1	0	0	0	1	1	1	0	1	1	0	0	0	0	0	0	1	1	1	
0	1	0	0	1	0	0	0	0	0	1	0	1	0	1	1	0	1	1	1	0	0	0	1	0	0	1	1	1	1	1	1	0	0	0	
1	0	1	0	0	1	1	1	0	0	1	1	0	1	0	1	1	1	1	0	0	1	0	1	1	1	1	1	1	0	0	1	0	1	0	
1	1	1	0	1	1	0	1	1	0	0	0	0	1	1	1	1	0	1	0	1	0	1	1	0	1	0	1	0	1	1	1	0	0	0	
0	0	0	1	0	0	1	0	1	1	1	1	1	0	0	0	0	1	0	1	0	1	0	0	1	0	1	0	1	0	0	0	1	1	1	
1	1	0	0	1	0	0	0	0	1	1	1	1	1	0	1	0	1	0	1	0	1	0	0	0	1	0	1	0	1	0	0	1	0	1	
1	0	1	1	0	0	0	0	1	0	0	1	1	1	1	0	1	1	1	1	0	1	0	0	0	1	1	0	0	0	0	1	0	1	0	
0	0	1	1	1	0	1	1	0	1	1	1	0	0	1	1	0	1	1	1	1	0	0	1	1	1	1	1	0	0	0	0	1	0	1	
1	1	0	1	1	1	1	0	1	0	1	0	0	0	1	0	0	0	0	0	0	0	0	1	1	1	0	0	0	0	1	1	1	0	0	
0	1	0	1	0	0	1	0	0	1	0	1	0	1	0	0	1	1	1	0	0	0	1	1	0	1	0	0	0	0	0	1	0	0	1	
0	0	1	1	1	0	0	1	0	1	1	0	1	0	0	0	1	0	1	0	0	1	1	0	0	1	0	1	1	0	1	0	1	0	1	
1	0	0	1	0	1	1	0	0	1	0	0	1	0	1	0	0	0	0	1	1	0	0	1	1	1	0	1	1	0	0	0	0	1	0	
1	0	0	1	1	0	0	1	1	1	0	1	0	1	0	0	1	1	0	1	1	0	1	1	0	1	0	1	1	0	1	0	1	0	1	
0	0	0	0	1	0	1	1	1	1	1	1	0	0	1	0	1	0	0	1	0	1	1	1	0	0	0	1	0	1	0	1	0	1	0	
0	0	0	0	0	1	1	1	0	0	0	1	0	1	1	0	1	1	1	1	0	0	1	0	1	0	0	1	1	1	1	0	1	0	1	
0	0	0	0	1	0	1	1	0	1	1	0	0	1	0	1	1	1	1	0	1	0	0	0	0	0	1	0	0	0	1	0	0	1	0	
1	0	0	0	1	1	0	1	1	1	0	0	1	1	0	0	0	1	0	0	0	0	0	1	1	0	1	1	0	1	0	0	1	1	0	
1	1	0	0	1	0	1	0	0	0	1	1	1	1	0	0	1	0	1	1	1	1	0	1	1	0	0	1	1	0	0	0	1	0	0	
0	1	1	0	1	0	0	1	1	0	1	1	0	1	0	1	1	1	1	0	0	1	1	0	0	0	1	0	0	1	1	1	1	0	1	
1	0	1	1	1	0	1	0	0	1	0	0	0	1	0	1	0	0	1	0	0	1	1	0	0	0	0	0	0	1	0	1	1	0	0	
1	1	0	1	1	0	1	1	0	0	1	1	1	0	0	1	0	0	0	0	0	1	1	0	1	0	1	1	1	0	1	1	0	0	0	
1	1	1	0	0	0	1	1	1	1	1	0	0	1	1	1	0	0	1	1	0	0	1	1	1	0	1	0	1	1	0	0	0	0	1	
0	1	1	1	0	0	1	1	1	0	0	1	1	0	0	1	0	1	0	0	0	1	0	1	1	0	0	1	0	1	0	0	0	0	1	
1	0	1	1	1	1	1	1	0	0	0	1	0	1	1	1	0	0	0	1	0	0	1	1	0	0	0	0	1	0	1	1	1	1	1	
0	0	1	0	0	0	0	1	0	1	0	1	1	1	0	1	1	1	1	1	1	1	1	0	0	0	1	1	1	1	0	0	0	1	1	
1	0	0	0	1	1	1	0	1	0	0	0	0	0	0	1	1	1	0	1	1	1	1	0	1	0	0	0	0	1	1	0	1	0	0	
0	0	1	0	1	0	0	0	1	1	1	1	1	0	1	1	0	1	1	0	1	1	1	1	1	0	0	0	1	0	1	1	1	0	0	
1	0	0	1	1	1	0	0	0	1	1	0	0	1	1	1	0	1	1	0	0	0	1	1	0	0	0	1	1	1	0	0	0	1	1	
1	1	1	0	0	0	0	1	0	1	0	0	0	0	0	0	1	1	1	0	0	1	0	1	0	0	0	1	0	0	1	1	1	1	1	
1	1	1	1	1	0	1	0	1	0	0	0	1	0	1	0	1	0	1	0	0	0	1	1	0	0	1	1	0	0	0	0	0	0	1	
1	1	1	1	1	1	1	1	1	1	1	1	1	1	1	1	1	1	0	0	0	0	0	0	0	0	0	0	0	0	0	0	0	0	0	
1	1	1	1	0	0	1	1	1	0	1	1	0	0	0	1	0	1	1	1	1	0	0	0	0	0	0	1	0	1	1	1	1	1	0	
0	1	0	1	0	1	1	1	1	1	0	0	1	0	1	1	1	0	1	0	1	1	0	0	0	0	0	1	1	1	0	0	1	1	1	
1	1	1	0	1	1	0	0	1	1	1	1	0	0	1	0	0	1	0	0	1	0	1	0	1	0	1	1	0	0	0	1	1	1	1	
1	0	0	0	0	1	0	1	0	0	1	1	1	0	0	1	1	0	0	0	0	0	0	1	0	0	0	0	1	1	0	1	1	0	1	
1	1	0	0	0	1	1	0	1	0	0	1	0	1	1	1	0	1	0	1	1	0	0	1	1	0	1	0	0	1	0	1	0	1	0	
0	1	1	0	1	1	0	1	1	1	0	1	0	1	0	0	0	0	1	1	1	0	0	0	0	0	0	0	1	0	0	1	0	0	0	
0	0	1	0	1	1	1	1	0	1	0	1	1	0	0	0	1	1	0	0	1	0	0	1	1	0	1	0	0	1	1	1	0	0	1	
1	1	0	0	1	1	0	1	1	0	1	0	0	0	0	0	1	1	1	1	0	1	1	0	1	0	1	0	1	0	0	0	0	1	1	
1	0	1	1	1	0	0	1	1	0	0	1	0	0	0	0	1	0	1	1	0	0	0	1	1	0	1	0	1	1	0	0	1	0	0	
1	0	1	0	0	0	1	1	0	0	0	0	0	0	1	0	0	1	0	0	1	1	1	1	0	0	1	1	1	0	0	0	1	0	0	
1	1	0	1	0	0	0	1	0	1	0	1	1	0	1	1	1	1	0	1	0	0	1	0	0	0	1	0	1	0	0	1	1	1	0	
1	0	0	1	1	0	0	1	1	0	1	0	1	1	1	0	1	0	1	0	1	1	0	1	1	0	0	0	0	0	1	1	1	1	1	
0	1	1	1	0	0	0	1	0	1	1	1	1	1	1	0	0	0	1	0	0	0	0	1	0	1	1	1	1	0	0	1	0	1	1	
1	0	0	1	0	0	1	0	0	0	1	0	1	0	1	1	1	1	0	0	0	1	1	1	1	1	1	1	0	1	1	0	1	1	1	
0	1	1	1	0	0	0	1	1	1	1	0	0	1	1	0	0	1	0	0	0	1	0	1	1	0	0	0	1	1	1	0	1	1	0	
0	0	0	1	0	0	1	0	1	0	1	0	0	1	1	0	1	1	1	0	1	0	0	0	0	0	1	1	1	1	0	1	1	0	0	
1	0	1	0	0	0	1	0	1	1	0	0	0	1	0	1	0	0	0	1	0	1	0	0	1	0	0	1	1	0	1	1	0	1	1	
0	1	0	1	1	1	1	1	0	0	1	0	1	1	0	0	0	1	1	1	0	0	1	0	1	0	0	1	0	0	0	1	1	1	0	
0	1	1	0	0	0	1	1	1	0	0	1	1	0	0	0	1	0	0	1	1	1	0	0	1	1	1	0	0	0	1	1	1	0	0	
0	1	0	1	0	1	1	1	0	1	1	0	0	1	0	0	0	0	0	1	1	1	0	1	0	0	1	0	0	0	0	1	1	0	1	
0	1	0	0	0	1	0	1	1	0	0	0	1	0	1	1	0	1	1	1	1	1	1	1	0	0	0	0	0	0	0	1	0	0	1	
1	1	0	0	1	0	1	0	1	1	0	1	1	1	0	0	0	0	1	0	1	0	0	1	0	0	1	1	1	1	1	1	0	1	1	
0	1	0	0	0	0	0	0	1	1	0	1	0	1	1	1	1	0	0	0	0	0	1	0	1	0	1	1	0	0	1	0	1	0	0	
0	0	1	1	0	1	1	1	1	0	0	0	0	0	1	0	1	0	1	0	1	0	1	1	1	0	1	0	1	0	1	1	0	1	0	
0	1	0	1	1	0	0	0	1	1	0	0	1	0	1	0	0	0	0	1	1	0	1	0	0	0	0	0	0	1	1	0	1	0	1	
1	0	0	0	1	1	0	0	0	1	1	0	0	1	1	0	1	0	1	1	1	0	1	0	0	1	1	0	1	0	1	1	1	1	0	
0	1	1	1	1	0	0	0	0	0	1	0	0	1	0	1	1	0	0	1	1	1	1	1	1	0	1	0	0	1	0	0	0	1	1	
0	1	1	0	1	1	1	0	0	0	0	1	0	0	1	0	0	0	1	1	0	1	0	0	0	0	1	1	0	0	1	0	1	1	1	
1	1	0	0	0	1	0	0	1	0	0	0	1	1	0	0	1	0	0	0	0	1	1	0	0	0	0	0	1	1	1	1	0	1	0	
0	1	1	1	1	1	0	1	0	1	0	0	1	1	1	0	1	0	0	1	0	1	0	0	1	0	1	1	1	1	1	1	0	0	0	
1	0	0	0	0	1	1	1	1	1	0	1	1	0	1	0	0	1	1	0	0	0	0	0	0	1	0	1	1	0	1	1	1	0	0	
1	1	0	0	1	0	1	1	1	0	0	0	0	1	1	1	1	1	0	0	1	1	0	0	1	1	0	1	1	0	0	1	0	0	1	
1	0	0	0	0	0	1	0	1	0	1	1	0	0	0	1	0	1	1	0	1	0	1	1	0	1	0	0	0	0	0	0	1	1	1	
1	0	1	1	0	1	1	0	1	1	1	0	1	0	0	0	1	1	1	1	0	0	1	0	1	0	0	1	0	1	1	1	0	0	1	
1	1	1	1	0	1	0	0	0	0	0	0	1	1	0	1	0	1	1	0	1	0	0	0	1	1	1	0	1	0	1	0	1	0	1	
1	0	1	1	1	0	1	0	0	1	1	1	0	1	0	0	1	0	0	0	0	0	0	0	1	1	1	1	1	1	1	0	1	1	0	
1	0	1	0	0	1	0	1	0	1	1	1	1	1	1	0	0	0	1	0	1	1	1	0	1	0	0	1	0	0	0	0	0	0	0	
1	0	0	0	1	1	1	0	0	0	0	1	1	0	0	1	1	0	1	1	1	0	1	0	0	1	1	1	0	0	0	1	0	0	1	
0	0	1	0	1	0	1	1	1	0	1	0	1	1	1	0	0	1	0	1	0	0	0	0	0	1	0	0	1	0	1	0	0	0	1	
1	0	0	1	0	0	0	1	0	1	1	0	0	0	1	1	1	0	0	1	1	0	0	0	1	0	1	1	0	0	1	1	0	0	1	
0	0	1	1	1	1	0	0	1	0	1	1	0	0	0	1	1	0	0	0	1	0	0	0	0	0	0	1	1	0	0	0	0	1	1	
1	1	0	1	0	1	1	1	0	0	0	0	0	1	0	0	1	0	0	1	0	0	0	0	0	1	1	1	0	1	0	0	0	1	1	
0	1	1	0	0	1	1	0	0	1	0	1	0	0	0	1	0	1	0	1	0	0	1	0	0	1	1	1	1	1	0	0	0	0	0	
1	1	1	1	0	1	0	0	0	0	1	1	0	1	1	0	1	1	0	1	1	1	0	1	0	0	0	1	0	1	1	0	0	0	0	
1	0	0	0	0	1	1	0	1	1	1	1	1	1	1	1	1	0	1	1	0	1	0	1	0	0	1	0	0	0	1	0	1	0	1	
0	0	0	0	1	0	1	1	1	1	0	0	1	0	0	1	0	0	1	0	0	0	1	0	1	1	1	0	1	0	0	1	1	1	1	
1	0	1	0	1	1	0	1	1	0	1	0	1	0	1	1	0	0	0	1	1	1	0	0	0	0	1	1	1	1	1	0	1	1	0	
0	0	1	0	0	1	0	0	1	1	0	0	0	1	1	0	1	1	1	1	1	0	0	1	0	1	0	0	0	1	0	0	1	1	1	
0	0	1	1	0	0	1	0	0	1	0	1	1	1	1	1	0	0	0	0	1	0	0	1	0	1	0	1	0	1	1	1	1	0	0	
0	1	0	1	1	1	1	0	0	1	0	1	0	0	1	1	1	1	1	0	0	1	0	1	1	0	0	0	1	0	1	0	0	1	0	
1	1	1	1	0	1	0	0	1	0	0	1	1	0	1	0	0	0	0	1	0	1	1	1	1	1	0	1	1	1	0	1	1	0	1	
0	0	0	1	0	1	0	0	1	0	1	1	0	1	0	0	0	1	0	0	0	1	1	1	0	0	1	1	1	0	1	1	0	0	1	
1	0	0	1	1	0	0	0	0	1	0	1	0	0	1	0	0	1	1	1	1	1	0	0	1	0	0	0	1	1	0	1	0	0	1	
0	1	1	0	0	1	1	1	1	0	1	0	1	1	0	1	1	0	0	0	0	0	1	1	0	1	1	1	0	0	1	0	1	1	0	
0	0	0	1	0	0	0	1	1	0	0	1	1	1	0	1	0	0	1	1	1	0	1	1	1	0	0	1	0	0	1	0	0	1	0	
1	1	0	1	0	1	0	0	0	1	0	1	0	0	0	1	1	0	1	0	1	1	1	1	1	0	1	1	0	1	0	1	1	1	0	
0	1	1	1	0	0	1	0	0	0	1	1	0	0	1	1	1	0	1	1	1	1	1	0	0	1	0	0	1	0	1	1	0	0	1	
0	0	0	1	1	1	1	0	1	0	1	1	1	1	1	1	0	0	0	1	1	0	1	0	1	1	1	0	1	1	0	0	0	0	0	
0	0	1	0	0	1	1	0	0	0	1	0	1	0	1	1	0	0	1	0	0	1	0	0	1	0	1	0	0	1	0	1	0	1	0	
0	0	1	1	0	1	0	1	0	0	1	0	0	0	1	1	1	1	0	1	0	1	1	0	1	1	0	0	0	0	0	0	1	0	0	
0	0	1	0	1	0	0	0	0	0	0	0	1	1	1	1	1	1	0	1	0	0	0	1	1	0	0	1	0	0	0	1	1	1	1	
0	0	1	1	0	1	0	0	0	1	1	1	1	0	0	0	0	0	1	1	0	0	1	1	0	0	1	0	0	1	1	0	1	1	0	
0	1	1	1	1	0	1	0	1	1	0	0	0	1	1	0	0	1	1	1	1	1	1	0	1	1	1	1	0	0	1	0	0	1	0	
1	0	1	0	0	0	0	1	1	0	1	0	1	1	0	0	0	0	0	1	1	0	1	0	0	1	1	1	0	1	0	1	1	0	1	
0	0	0	0	1	1	0	0	0	1	0	0	1	1	1	0	1	0	0	0	0	1	1	1	1	1	1	0	1	0	0	0	0	0	1	
1	0	1	0	0	0	0	0	1	1	0	1	0	0	1	1	1	0	0	0	1	1	0	1	0	1	1	0	1	1	1	0	0	0	1	
0	1	1	0	0	0	1	0	0	0	1	1	1	1	1	0	1	0	0	0	1	0	1	0	1	0	0	0	1	1	0	1	1	1	1	
1	1	1	0	1	0	1	1	0	1	0	0	1	0	1	1	1	0	1	1	1	0	0	0	1	1	0	0	0	1	0	0	1	1	0	
0	1	0	0	1	0	0	1	0	0	0	1	0	1	1	1	0	0	0	0	1	1	0	1	0	1	1	0	1	0	0	0	1	1	0	
1	0	0	1	1	1	0	1	1	1	0	0	0	0	0	1	0	1	1	1	0	1	0	1	0	1	1	1	0	0	1	0	0	0	0	
1	1	1	1	1	0	0	0	1	1	1	0	1	0	0	1	0	0	0	0	1	1	0	1	0	1	1	0	0	0	0	1	0	1	0	
0	1	0	0	0	1	0	1	1	0	1	1	1	0	1	0	1	1	0	1	1	0	0	1	1	1	1	1	1	0	1	0	0	1	1	
0	0	0	1	1	1	0	0	0	0	0	1	1	0	0	0	1	1	0	0	1	1	0	0	0	1	0	1	0	0	1	1	1	1	0	
0	0	0	0	0	1	0	1	0	1	1	1	0	1	0	1	0	1	0	1	1	1	0	0	1	1	0	0	1	1	1	1	1	1	0	
0	1	0	0	1	1	1	1	0	1	1	0	0	0	0	1	0	0	0	0	1	0	1	1	1	0	0	1	1	1	1	0	1	0	1	
0	1	0	1	1	1	0	0	1	1	1	1	1	1	0	1	1	0	1	1	0	0	0	0	1	1	0	0	0	1	1	1	0	1	1	

invalid rows: 
1	2	5	10	12	13	14	15	17	19	22	23	26	27	28	29	32	34	36	37	40	41	42	43	46	47	49	50	53	54	55	58	59	61	63	64	65	66	67	70	77	78	79	80	81	83	85	86	89	91	93	99	103	104	106	109	110	113	116	117	118	120	124	126	128	129	130	134	

 ----------Greedy covering array: 
0	0	0	0	0	0	0	0	0	0	0	0	0	0	0	0	0	0	0	0	0	0	0	0	0	0	0	0	0	0	0	0	0	0	0	
1	1	1	1	1	1	1	1	1	1	1	1	1	1	1	1	1	1	1	1	1	1	1	1	1	1	1	1	1	1	1	1	1	1	1	
0	0	1	0	1	0	1	0	1	0	0	1	0	0	1	1	0	0	1	1	1	1	1	1	0	0	0	0	0	0	1	1	1	0	1	
1	0	1	0	0	1	0	0	1	1	0	1	0	0	1	1	0	1	1	1	0	0	1	0	1	1	0	1	0	0	0	0	0	0	0	
1	1	1	0	1	0	0	1	0	1	1	0	0	0	1	1	0	1	0	0	0	0	1	0	0	1	0	1	0	0	1	1	1	0	1	
0	0	1	1	1	1	1	1	0	1	0	0	0	0	0	0	0	0	1	1	0	0	1	0	0	0	1	0	1	1	0	1	1	0	0	
1	0	1	1	1	0	0	1	0	0	0	0	0	1	1	0	1	0	0	1	0	1	1	1	0	1	0	1	0	1	1	1	0	0	0	
1	0	0	0	1	1	1	0	0	1	1	1	0	1	0	0	0	1	0	0	0	1	0	1	1	1	0	0	1	0	0	1	1	0	0	
1	1	1	0	0	0	1	0	0	0	1	1	1	0	1	1	0	0	1	1	1	0	1	0	0	0	0	1	1	1	0	0	1	0	0	
0	1	1	1	0	0	0	1	1	0	0	0	1	0	1	1	1	0	1	1	1	0	1	0	0	0	1	1	0	1	1	0	0	1	1	
1	1	1	1	1	1	0	0	0	0	1	1	1	1	0	0	0	0	1	1	1	0	1	1	1	0	1	0	1	0	0	1	1	0	1	
0	1	0	0	1	1	1	1	0	0	1	0	1	1	0	1	0	1	0	1	1	1	1	1	0	1	1	0	0	0	0	0	1	1	0	
0	0	1	0	1	1	1	0	1	0	0	0	0	1	0	1	1	1	1	1	0	1	1	0	1	1	1	0	1	1	1	0	1	0	1	
0	1	0	1	0	0	1	1	1	0	1	0	0	0	0	0	1	1	1	0	1	1	1	1	1	0	1	1	0	0	0	0	0	0	1	
0	0	0	1	0	1	1	0	1	0	0	1	1	1	0	0	1	0	1	1	1	1	0	1	1	0	1	0	1	1	0	0	0	1	0	
0	0	0	1	0	0	0	0	0	0	1	1	1	0	1	1	0	0	1	0	0	1	1	1	1	1	1	0	0	0	0	1	0	0	1	
0	1	1	0	0	1	0	0	0	0	1	0	1	0	0	0	0	0	1	1	0	1	1	1	1	1	0	1	1	1	1	1	1	1	0	
0	0	0	1	1	0	1	1	1	1	0	0	1	0	0	0	0	0	1	0	1	0	1	1	1	1	0	1	1	0	1	1	1	0	1	
1	1	1	1	0	1	0	0	1	1	0	1	1	0	0	0	1	0	1	0	0	1	1	0	1	1	1	0	0	0	1	0	1	1	0	
0	1	0	1	1	1	0	1	1	1	1	1	1	0	1	0	0	1	0	1	0	1	0	0	1	0	0	1	1	1	1	1	1	0	1	
1	1	0	0	0	1	1	1	0	0	0	1	0	0	1	0	1	1	0	1	1	1	1	1	1	1	0	0	1	1	0	0	0	0	1	
1	0	1	0	0	0	1	0	0	0	0	0	0	1	0	1	1	0	1	0	1	0	1	1	0	1	1	0	0	0	0	0	0	1	0	
0	0	1	0	0	1	1	1	0	1	1	0	1	1	1	1	1	0	1	0	0	1	1	1	1	0	0	1	0	0	0	1	0	1	0	
1	0	0	1	0	1	0	1	0	1	0	1	0	1	0	1	0	1	1	0	0	1	1	0	1	0	1	1	0	1	0	1	1	0	1	
1	1	0	0	0	0	0	0	1	1	1	0	1	1	0	0	1	1	1	1	1	0	1	0	1	1	0	0	1	0	1	1	0	0	1	
1	0	0	0	1	0	1	0	1	0	1	0	1	1	0	1	0	0	0	0	0	1	1	0	1	0	0	0	0	1	0	0	1	1	1	
1	1	1	1	0	0	1	0	1	0	0	1	0	1	0	0	0	1	1	1	0	1	1	0	0	1	1	1	1	0	0	1	0	1	0	
0	1	0	1	0	0	0	0	0	1	1	1	0	1	0	1	0	1	0	1	1	1	1	1	0	0	1	1	1	1	1	0	0	1	0	
1	0	1	0	1	1	1	1	1	0	0	0	1	0	1	0	1	0	1	0	0	0	0	0	1	1	0	0	0	0	0	1	1	0	1	
1	1	1	0	0	0	0	1	1	1	1	0	0	1	1	1	0	0	0	1	0	0	1	1	1	0	1	0	1	1	0	1	1	1	1	
0	1	1	0	0	0	1	1	0	1	1	1	1	1	1	0	1	0	1	0	0	1	1	0	0	1	1	1	0	1	0	0	1	0	1	
1	0	0	1	1	1	0	0	1	0	0	0	0	0	0	1	0	1	0	1	1	0	0	1	1	0	0	1	1	0	1	1	0	1	0	
1	0	0	0	1	1	0	1	0	0	0	0	1	1	1	0	0	1	1	1	1	0	1	0	1	1	0	0	0	1	1	0	0	1	0	
0	0	1	1	1	1	0	0	1	1	1	0	0	1	0	0	1	0	0	1	0	0	1	1	1	0	0	1	0	1	0	0	0	1	1	
1	0	1	1	1	0	0	1	1	0	1	1	1	0	1	1	1	1	0	0	1	0	1	0	1	0	1	0	1	0	1	0	1	1	0	
1	1	0	1	0	0	1	0	0	0	0	0	1	1	0	1	1	0	0	0	0	0	1	0	0	1	0	1	1	0	1	0	1	0	1	
0	0	1	1	0	0	0	0	0	1	0	0	0	0	0	0	0	1	0	0	1	1	1	0	1	1	0	0	1	1	0	0	1	1	1	
1	0	1	1	0	1	1	0	0	1	1	0	1	0	1	0	0	1	0	1	1	1	1	0	0	0	1	0	0	0	1	1	0	0	0	
0	1	0	1	1	1	0	0	0	0	0	1	0	1	1	1	1	1	0	0	0	0	1	1	0	0	0	0	1	0	0	1	1	0	0	
0	0	0	1	1	0	1	0	0	1	0	1	1	1	1	0	0	1	0	0	1	1	1	0	1	0	1	1	0	1	1	1	1	1	0	
1	0	0	0	1	0	0	0	0	1	0	0	1	0	1	0	1	1	1	1	0	1	0	1	0	0	1	1	1	0	0	0	1	1	1	
0	1	1	0	1	0	1	0	0	1	0	0	0	0	1	1	1	0	1	0	1	1	0	0	1	0	1	0	1	1	1	1	0	1	0	
1	0	1	0	0	0	1	1	1	1	0	1	1	0	0	0	0	1	0	0	0	0	0	1	1	0	1	0	1	1	0	0	0	0	0	
0	1	0	0	0	1	0	0	1	0	0	0	1	1	1	1	0	1	1	0	0	0	0	1	1	0	1	1	0	1	1	0	1	0	0	
1	0	1	0	1	1	0	0	0	1	0	1	1	1	1	1	0	0	0	1	0	0	0	0	0	1	0	0	1	1	1	1	1	1	0	
1	0	1	0	0	0	1	1	1	1	1	0	1	0	0	0	0	0	1	1	1	1	0	0	1	1	1	1	0	1	1	0	0	1	1	
0	0	1	1	0	0	0	1	0	0	1	0	1	1	0	0	0	1	1	1	0	1	0	0	0	0	0	0	1	1	1	0	0	0	1	
1	0	0	1	0	1	1	1	1	0	0	0	1	1	1	1	0	0	0	1	0	1	0	0	0	1	1	0	1	0	0	1	0	1	1	
1	0	1	0	1	0	0	1	1	0	1	0	0	1	0	1	1	1	1	0	1	1	0	0	0	1	1	1	1	1	0	1	1	0	0	
0	0	0	1	0	1	0	1	0	0	1	0	0	0	1	1	0	0	1	1	1	0	0	0	1	1	1	1	1	0	0	0	1	1	0	
0	1	0	1	1	0	1	1	0	0	1	0	1	1	0	0	1	0	0	0	1	1	0	1	0	0	1	0	1	1	1	1	1	1	1	
0	0	1	0	1	1	0	1	1	1	1	1	0	0	1	0	0	1	1	1	1	1	0	1	1	0	1	0	0	1	0	1	0	1	0	
0	1	0	0	1	0	1	1	0	1	0	1	1	1	0	1	0	0	1	1	0	1	0	0	1	0	0	1	1	0	1	0	0	0	0	
1	0	1	0	0	1	1	1	0	0	1	1	1	0	0	1	1	1	0	1	0	1	0	0	1	0	0	1	0	0	1	1	1	1	1	
1	1	1	1	0	0	0	1	0	0	0	0	1	1	1	0	1	1	1	0	1	1	0	1	1	0	0	0	0	1	0	1	1	0	0	
0	0	1	0	0	0	1	0	0	1	1	0	0	1	1	0	0	1	0	1	1	0	0	1	1	1	1	0	0	0	1	0	1	0	1	
0	0	1	1	0	1	0	0	1	1	1	0	1	1	1	0	1	0	0	0	1	1	0	0	0	1	0	1	1	0	0	0	1	0	0	
1	1	0	1	0	1	0	1	0	1	1	0	1	1	0	0	1	1	0	0	0	0	0	0	1	1	1	1	1	1	0	0	0	1	0	
1	0	1	1	1	0	1	1	0	0	1	1	0	1	1	0	0	0	1	0	0	0	0	1	1	1	1	1	1	0	1	0	0	1	1	
0	1	1	1	0	1	0	1	0	1	0	1	0	0	1	0	1	1	1	1	1	0	0	1	0	1	1	1	1	0	1	1	0	0	0	
1	1	0	0	0	0	0	0	1	0	1	1	1	1	1	1	1	1	0	0	1	1	0	1	1	1	0	1	0	0	1	0	0	1	1	
1	1	0	0	0	1	0	1	0	1	0	0	0	1	0	0	0	0	1	0	1	0	0	0	0	0	1	0	0	0	1	1	1	1	1	
0	1	0	0	1	0	0	1	1	0	0	1	0	1	0	1	1	0	1	0	0	0	0	1	1	1	0	1	1	1	0	0	1	1	1	
0	1	1	0	1	0	0	0	0	0	1	1	1	0	0	0	0	1	0	0	0	0	0	0	0	1	1	1	0	1	0	1	0	1	1	
0	1	0	0	0	1	1	0	1	1	1	1	1	0	0	1	0	1	1	0	1	0	0	0	1	0	1	0	1	0	0	0	1	1	1	
1	1	1	0	1	0	0	0	1	1	0	0	1	1	0	1	0	0	0	1	1	1	0	1	1	1	1	1	0	0	0	1	0	0	0	
0	0	1	1	1	0	0	0	1	1	1	0	1	1	0	1	0	0	1	0	0	0	0	0	0	0	1	1	0	0	1	1	1	1	0	
0	0	0	0	0	0	0	0	1	0	1	1	0	1	1	0	1	0	0	1	0	1	0	0	1	0	1	0	1	0	1	1	1	0	0	
0	0	0	1	1	1	0	1	1	1	0	0	0	1	0	0	1	1	0	0	0	1	0	1	1	1	1	0	0	0	1	1	0	1	1	
1	0	1	1	0	1	1	0	0	1	0	1	1	1	0	1	1	0	0	1	1	0	0	1	0	0	1	1	0	1	1	0	1	0	1	
1	0	1	1	0	1	0	0	1	0	1	0	0	0	1	0	1	1	0	0	1	0	1	1	0	1	1	0	0	1	0	1	1	1	1	
1	0	0	1	0	1	1	1	1	1	0	0	0	1	1	1	1	0	1	1	1	1	1	1	1	0	0	0	1	0	1	0	1	0	0	
1	0	0	1	0	0	1	0	0	0	1	0	0	0	0	1	1	1	1	1	0	0	0	1	1	1	1	1	0	1	1	1	1	0	0	
1	0	1	1	0	0	0	0	1	1	0	1	0	0	1	0	1	0	1	0	0	0	0	0	1	0	0	1	1	1	1	1	0	0	1	
0	0	0	0	1	0	1	1	0	0	1	0	0	1	1	1	0	1	0	1	1	0	0	1	0	0	0	1	1	1	0	1	0	0	1	
1	1	1	1	1	1	0	0	0	0	0	0	1	0	1	1	0	0	0	0	0	1	0	1	1	1	1	0	1	1	1	0	0	0	1	
0	0	0	0	1	1	1	0	1	1	1	1	0	0	0	1	0	0	0	1	0	0	1	0	0	1	1	1	1	0	1	0	0	1	1	
1	1	0	1	1	0	0	0	1	0	0	1	0	0	0	0	0	1	0	1	1	0	0	0	0	1	1	0	1	1	1	0	1	0	1	
0	1	1	0	1	1	0	1	0	0	0	1	0	0	0	0	1	0	0	1	1	1	0	0	1	1	1	1	0	0	0	0	1	0	1	
0	0	1	0	0	1	1	0	1	0	0	1	1	1	1	0	0	1	1	0	1	0	0	1	0	1	0	1	1	1	0	1	1	1	1	
0	0	0	0	0	0	1	1	1	1	0	0	0	0	1	1	1	1	0	0	0	1	0	0	0	1	0	1	0	1	1	0	0	1	0	
0	1	1	1	0	0	1	0	1	1	1	1	0	0	0	1	1	0	0	0	0	1	0	1	0	0	1	1	1	0	0	1	1	0	1	
0	0	0	1	1	1	1	0	0	0	0	1	1	0	0	0	1	1	1	0	1	1	0	0	0	1	0	1	0	0	1	0	0	0	0	
1	1	1	0	1	0	1	0	1	1	0	1	1	1	0	0	1	1	0	0	0	1	1	1	0	0	0	0	0	1	1	1	0	0	1	
1	0	0	1	1	0	0	1	1	1	1	1	1	0	0	1	0	0	1	1	1	1	0	1	0	1	0	0	0	1	0	0	1	0	0	
0	1	1	0	1	0	1	0	1	0	1	0	1	0	1	0	1	0	0	1	1	0	0	1	0	1	0	0	1	0	1	0	0	1	0	
0	1	0	0	0	1	1	0	0	1	0	0	0	1	0	0	0	0	1	1	0	1	0	1	0	1	0	1	0	1	0	1	0	0	1	
0	1	0	1	1	1	1	0	1	1	1	0	1	0	1	1	1	1	1	1	0	0	0	0	0	1	1	0	0	1	0	1	0	0	1	
0	1	1	0	0	1	1	0	0	0	0	0	0	1	1	0	1	1	0	0	0	0	1	0	1	0	1	1	1	0	1	1	0	1	1	
0	0	0	0	0	0	0	1	0	1	0	1	1	1	1	1	1	0	0	1	1	0	1	0	1	1	1	1	1	1	0	1	0	0	1	
1	0	1	0	0	0	0	1	0	0	0	1	0	1	0	0	0	0	0	0	1	1	1	1	1	0	0	1	1	0	1	0	1	1	0	
1	1	1	1	1	1	1	0	0	1	1	0	0	1	1	1	0	1	1	0	1	1	0	0	1	0	0	1	1	0	0	0	0	0	1	
0	1	1	1	0	1	1	1	1	0	1	1	0	1	0	1	0	0	0	0	1	0	1	0	1	1	0	0	0	1	1	1	0	0	0	
1	0	0	1	0	0	1	0	1	1	1	0	1	1	1	1	0	1	1	0	0	0	1	1	0	0	0	0	1	1	1	1	0	1	0	
1	1	1	0	0	1	0	0	0	0	1	1	0	1	1	1	1	1	0	1	0	1	0	0	0	0	1	0	0	1	0	0	0	1	0	
0	1	1	0	1	1	0	1	1	1	0	1	1	1	1	0	0	0	0	0	1	1	1	0	0	0	0	0	1	0	0	0	0	1	1	
1	0	0	0	1	1	1	0	0	0	1	0	1	0	0	0	1	0	0	0	1	0	1	0	1	0	1	1	1	1	0	1	0	0	0	
1	0	0	1	1	0	1	1	1	1	0	1	0	1	1	1	1	1	0	0	1	0	0	0	0	0	1	0	0	0	0	0	0	0	1	
1	1	0	1	0	0	0	1	0	1	1	1	1	0	1	0	0	0	0	0	1	0	0	1	0	0	0	1	0	0	0	1	0	1	0	
0	1	0	1	1	0	0	0	1	1	0	0	0	1	1	0	0	0	1	0	1	0	1	1	0	1	1	0	1	1	0	0	0	0	0	
0	1	0	0	1	0	0	1	1	0	1	0	0	0	1	0	0	1	1	0	0	1	1	0	1	1	0	0	1	0	0	1	0	1	0	
1	1	0	1	1	0	1	0	0	1	1	1	0	1	1	0	1	0	1	1	0	0	0	0	1	1	0	0	0	1	0	0	1	1	0	
1	1	1	0	1	1	1	1	1	1	0	0	0	1	0	0	1	1	0	1	1	0	0	0	0	0	0	1	1	1	1	0	1	1	0	
0	0	1	0	0	1	0	1	1	0	0	0	1	0	0	1	0	1	0	0	1	1	1	1	0	0	1	1	1	0	1	1	0	0	1	
1	1	0	0	1	1	1	1	1	0	1	1	1	1	1	0	1	0	1	1	0	0	0	1	0	0	1	1	0	0	1	1	0	0	0	
0	1	1	0	1	0	0	0	0	1	1	1	0	0	0	0	1	1	1	0	1	0	1	1	1	0	0	1	0	1	1	0	1	0	0	
0	0	0	1	0	1	1	1	0	0	1	1	0	0	1	0	1	1	1	0	0	0	1	0	0	0	0	0	1	1	1	0	1	1	1	
0	1	1	1	0	0	1	1	0	1	0	0	1	0	0	1	1	1	0	1	0	0	0	1	1	1	0	0	1	0	0	1	1	1	0	
0	1	0	1	1	1	0	0	0	0	1	0	0	1	1	1	1	0	1	1	1	1	1	0	0	1	0	1	0	0	1	1	1	1	1	
1	1	0	1	0	0	1	0	1	0	0	0	0	0	1	0	0	0	0	1	1	1	0	0	1	0	0	1	0	1	0	1	1	1	1	
0	0	1	1	1	0	0	0	0	0	0	1	1	1	0	1	1	1	1	1	1	0	0	0	1	0	0	0	0	0	0	1	0	1	1	
1	1	0	0	0	1	1	1	1	1	1	0	0	0	1	0	0	0	0	0	0	1	1	1	0	1	1	1	1	1	1	0	1	0	0	
0	0	1	1	1	1	1	1	0	0	0	1	0	0	1	1	0	0	0	0	0	1	0	1	0	0	1	1	0	1	0	0	1	1	0	
0	1	1	1	0	0	0	1	1	1	0	1	0	1	1	1	0	1	1	1	0	1	0	1	0	1	0	0	0	0	1	0	1	1	1	
1	0	1	1	1	0	1	1	0	1	1	1	0	0	0	0	1	0	0	1	1	1	1	0	0	1	0	0	1	0	0	1	0	1	1	
1	1	0	1	1	1	0	1	1	0	0	1	1	0	0	1	1	0	1	0	0	1	1	0	0	0	0	1	1	1	0	1	0	1	0	
1	1	1	0	0	1	0	1	1	0	1	0	0	0	0	1	1	0	1	1	0	0	0	1	0	0	0	0	1	0	0	0	0	0	1	
1	1	0	1	1	0	0	1	0	1	1	0	0	0	0	1	1	0	0	1	0	1	1	0	1	0	1	0	0	0	1	0	0	0	0	
0	0	0	0	1	1	0	1	0	1	1	0	1	0	1	1	1	0	0	0	1	0	0	1	1	0	0	0	0	1	1	0	1	0	1	
1	1	1	1	1	1	1	0	1	0	1	0	0	0	0	0	0	1	1	0	0	1	0	1	0	0	0	0	0	0	1	0	1	1	0	
0	0	1	1	1	0	1	0	1	0	1	1	1	0	1	1	1	1	0	1	0	1	1	1	1	1	0	1	1	1	0	0	0	0	0	
1	0	0	0	1	1	0	0	1	0	1	1	0	1	1	0	0	0	1	0	1	1	1	0	0	0	1	1	0	1	1	0	0	0	1	
0	1	0	0	0	1	0	0	1	1	0	0	1	0	0	1	1	1	0	1	1	1	1	0	0	0	0	0	0	1	0	1	1	0	0	
0	0	0	0	0	0	1	1	1	1	1	1	0	1	0	0	1	1	1	1	1	0	1	0	0	0	0	1	0	0	0	1	1	1	0	
1	0	0	0	0	1	0	0	0	1	1	1	0	0	0	1	1	0	1	0	1	1	0	1	0	1	0	0	1	1	1	1	0	1	1	
0	0	1	0	1	1	0	1	0	1	1	1	1	1	0	1	1	1	1	0	0	0	1	1	0	1	1	0	1	0	1	0	0	0	0	
0	0	0	0	0	0	0	1	1	0	0	1	1	0	0	0	1	0	0	1	0	0	1	1	0	1	1	0	0	1	1	1	1	1	0	
0	1	1	1	1	0	1	1	1	0	0	0	1	1	1	0	0	1	0	1	0	0	1	0	1	0	1	1	0	0	0	0	1	0	0	
1	0	0	1	0	1	0	1	1	0	1	1	1	1	0	0	0	1	0	1	0	0	1	1	0	1	0	1	0	0	0	0	1	0	1	
1	1	0	0	1	1	1	0	1	1	0	1	0	0	1	1	1	0	0	0	1	0	1	1	1	1	1	1	0	0	0	1	1	1	0	
0	1	0	1	0	1	1	0	0	1	0	1	1	0	1	0	0	0	0	1	0	0	1	1	1	0	0	0	0	0	1	0	0	1	1	
1	1	0	0	1	0	1	1	0	0	0	1	0	0	0	1	0	1	1	1	0	0	1	1	1	0	1	0	0	1	1	1	0	1	1	
1	1	0	0	0	0	1	1	0	0	0	1	1	0	1	1	0	1	1	0	1	1	0	0	0	1	1	0	1	0	1	1	1	0	0	
1	1	1	1	1	1	1	1	0	1	0	0	1	0	0	1	0	1	1	0	1	0	1	1	0	1	0	1	0	1	0	0	0	1	1	

invalid rows: 
2	3	4	15	19	20	27	35	43	52	61	63	65	68	74	77	78	80	82	84	85	93	96	98	105	114	116	121	122	124	127	129	130	1	12	16	22	26	29	33	38	55	56	62	69	71	88	95	102	111	118	119	120	123	131	132	87	44	59	100	126	

 ----------random covering array (last execution): 
0	0	0	0	0	0	0	0	0	0	0	0	0	0	0	0	0	0	0	0	0	0	0	0	0	0	0	0	0	0	0	0	0	0	0	
1	1	1	1	1	1	1	1	1	1	1	1	1	1	1	1	1	1	1	1	1	1	1	1	1	1	1	1	1	1	1	1	1	1	1	
0	1	1	0	0	1	1	0	0	0	1	0	0	0	0	1	1	1	1	0	1	0	0	0	0	1	1	0	1	1	0	1	1	0	1	
0	0	1	0	0	0	0	0	0	0	1	0	1	1	1	0	1	0	0	1	1	0	0	0	1	1	0	1	1	1	0	1	0	1	0	
1	1	0	0	0	0	0	0	0	1	0	0	1	1	1	0	0	0	1	0	1	0	1	0	0	1	1	1	0	1	0	1	1	1	1	
0	0	0	1	0	0	1	0	1	0	1	1	0	1	0	0	0	0	0	0	1	1	1	0	1	1	1	0	1	0	0	0	1	0	1	
0	1	0	1	0	0	0	0	0	0	0	0	1	0	0	1	0	1	0	0	1	1	1	1	0	1	1	1	1	0	1	1	0	1	1	
1	0	1	0	0	0	1	0	0	0	0	1	0	1	1	1	0	1	0	1	0	0	0	1	1	0	1	1	0	0	0	0	1	1	1	
1	0	1	1	0	1	1	1	0	1	1	1	1	0	0	0	0	0	0	0	1	0	0	0	0	1	0	0	1	1	0	1	1	1	0	
0	1	0	1	1	1	0	1	1	1	1	0	1	0	0	0	1	0	1	0	1	1	1	0	0	1	0	0	1	1	1	1	0	0	0	
1	0	1	0	0	1	0	1	1	1	1	1	0	0	0	1	0	0	1	1	1	1	0	1	1	1	1	0	1	0	0	0	1	1	1	
1	0	0	0	1	1	1	1	1	1	0	0	0	0	1	1	0	1	0	0	1	0	1	1	1	0	0	1	1	1	0	0	1	0	1	
0	1	0	1	0	0	1	0	1	0	1	1	0	0	1	0	1	1	1	1	1	0	0	1	1	1	0	1	1	1	1	0	1	0	1	
1	0	0	0	0	1	1	0	1	1	1	0	1	0	1	1	1	1	1	1	1	1	1	0	0	0	0	0	0	0	1	0	0	0	0	
0	0	1	1	1	1	1	1	1	0	1	1	0	0	0	1	1	1	0	1	0	1	0	1	1	0	0	0	1	0	1	0	0	0	0	
1	0	1	0	0	0	0	1	1	0	1	0	0	0	0	1	0	1	1	1	1	1	0	0	0	0	1	1	0	1	0	1	0	0	0	
1	1	0	1	1	0	0	1	0	1	1	1	1	0	0	1	0	1	0	1	1	0	0	0	1	1	1	1	1	0	0	0	1	0	0	
0	1	0	0	0	1	1	1	0	0	1	1	1	1	0	1	1	0	1	1	1	1	1	0	0	0	1	1	0	0	0	0	1	0	1	
0	1	1	0	1	0	0	1	1	1	1	0	0	1	0	0	1	1	0	1	1	1	0	0	1	1	0	1	0	0	1	0	1	1	0	
1	1	1	1	0	0	0	1	0	1	0	1	1	1	1	0	1	1	1	1	0	1	1	0	1	0	1	0	1	0	0	1	1	0	1	
0	0	1	1	0	1	1	0	0	1	0	1	0	0	1	1	0	1	1	1	1	0	1	0	1	0	0	1	1	0	1	1	0	1	0	
0	0	0	0	1	1	1	0	1	0	1	0	0	0	0	1	0	0	0	0	1	0	0	1	0	1	0	1	0	1	1	0	0	1	0	
1	0	0	0	1	0	1	1	0	0	1	0	1	1	0	1	0	1	0	1	1	0	1	1	1	1	1	0	0	1	1	1	0	0	0	
0	0	1	1	0	0	0	0	1	0	1	0	1	1	1	0	0	1	1	1	1	1	1	1	1	0	1	0	0	1	0	0	1	1	0	
1	1	0	0	0	1	0	1	0	1	1	1	0	1	1	0	1	0	1	1	1	0	0	1	0	0	1	1	1	0	1	0	0	1	0	
1	0	0	1	1	0	1	1	0	0	0	0	0	0	0	0	1	1	1	1	1	0	0	1	0	0	0	0	0	1	0	0	1	1	1	
0	0	1	0	1	0	1	0	1	1	1	1	1	0	1	0	1	1	0	0	1	1	0	1	0	1	1	1	1	0	0	0	0	1	0	
1	1	1	1	1	1	0	0	1	1	0	1	1	1	1	1	0	1	0	0	1	1	0	1	0	0	0	0	1	1	0	0	0	0	0	
0	0	0	0	0	0	1	1	0	0	1	0	0	0	0	0	1	0	1	1	0	0	1	0	1	1	1	1	0	0	1	1	1	1	1	
1	0	0	1	1	0	0	0	1	1	0	1	0	1	0	1	1	0	1	1	1	0	1	1	0	1	1	0	1	1	0	1	1	1	0	
1	0	1	1	0	0	1	1	1	1	1	0	1	1	0	0	0	1	1	0	1	0	1	1	0	1	0	1	0	0	1	1	1	0	0	
0	1	0	0	1	1	0	0	0	0	0	1	1	0	1	1	1	0	0	1	0	1	0	0	1	0	1	0	1	1	0	0	0	1	1	
0	1	0	1	1	1	0	1	0	0	1	0	0	0	1	0	0	0	0	1	1	0	1	1	1	0	0	1	1	0	0	1	0	1	1	
1	0	0	1	1	0	0	0	0	0	0	0	1	1	0	1	1	0	1	1	1	1	0	1	1	1	0	0	1	0	1	0	0	0	1	
1	1	1	0	1	1	0	1	1	0	0	1	0	0	1	0	1	0	0	1	1	1	1	0	0	1	0	0	0	1	1	1	1	1	1	
0	1	0	0	0	0	1	1	0	1	0	1	1	0	0	0	0	0	1	0	1	1	0	1	0	0	0	1	0	1	1	0	1	1	0	
0	0	0	1	1	1	0	0	0	0	0	1	0	1	1	0	0	1	1	1	1	1	0	0	0	1	0	1	0	0	0	0	1	0	0	
1	1	0	0	0	1	1	1	1	0	0	0	0	1	1	0	0	1	0	0	1	1	0	0	1	1	1	0	1	0	0	1	0	1	0	
0	0	1	0	0	0	0	0	0	1	0	1	0	0	1	1	0	0	0	0	1	1	0	1	1	0	1	0	0	1	1	1	1	0	1	
0	1	1	1	1	1	1	1	1	0	0	0	1	1	1	0	0	1	0	1	1	1	0	1	0	0	1	0	0	0	0	1	1	0	1	
0	0	0	0	1	0	0	1	1	0	1	1	1	1	1	1	0	1	1	0	0	0	0	0	0	0	0	0	1	0	1	1	1	1	1	
0	1	0	1	1	1	1	0	1	1	1	1	0	1	0	0	0	1	0	1	0	0	0	0	0	1	1	0	0	1	1	1	0	0	1	
0	0	1	1	0	0	1	1	1	0	0	1	0	1	1	1	1	0	0	1	0	0	1	0	0	1	0	0	0	0	0	0	0	1	0	
0	1	0	1	0	0	0	1	1	1	1	0	1	0	1	1	1	0	0	1	0	0	0	1	1	0	0	0	0	1	0	1	1	0	0	
0	1	1	1	1	0	0	1	0	0	0	1	0	1	0	0	0	0	0	0	0	0	0	1	1	1	1	1	1	1	0	1	1	1	1	
1	1	0	1	1	1	1	1	1	0	1	0	1	1	0	0	1	1	1	1	0	0	1	0	0	1	0	1	1	0	0	0	0	1	0	
1	1	0	1	0	0	0	1	0	0	1	1	0	0	1	0	0	1	1	0	0	1	1	1	0	1	0	0	1	0	0	0	0	0	0	
0	0	0	0	1	0	1	1	1	0	0	1	0	0	0	0	1	1	1	0	0	1	1	1	1	0	1	1	1	1	0	1	0	1	0	
1	0	0	1	0	1	0	0	1	0	1	1	1	0	1	0	1	1	0	0	0	0	1	1	0	1	1	1	0	1	1	0	1	1	1	
1	0	0	0	1	1	0	0	1	0	1	1	1	0	0	0	0	0	0	1	0	1	1	0	1	0	0	1	1	1	0	1	1	0	0	
1	1	0	1	1	1	1	1	1	1	0	1	0	0	0	1	0	1	1	0	0	1	1	1	0	0	1	0	0	0	1	0	1	0	1	
1	0	1	1	1	1	0	0	1	0	1	0	0	1	1	1	1	1	0	1	0	0	1	0	1	1	1	0	1	0	0	1	0	0	1	
0	1	1	0	0	0	1	1	0	1	1	1	1	1	0	0	0	1	0	1	0	0	1	1	0	0	0	0	1	1	0	0	0	0	1	
1	1	1	0	1	0	1	1	0	0	0	0	1	0	1	0	0	1	1	1	0	0	1	0	1	1	1	0	1	1	1	0	1	1	0	
0	0	0	1	0	1	0	1	0	1	1	0	0	0	1	1	0	1	0	1	0	1	1	1	0	1	1	0	0	0	1	1	1	1	0	
1	1	0	0	0	1	1	0	1	0	0	0	0	1	1	1	0	0	1	1	0	0	0	1	0	1	0	1	1	0	0	1	1	0	0	
1	0	0	0	0	1	0	1	0	0	0	1	1	1	0	0	1	1	0	0	0	1	0	1	1	1	0	1	0	0	1	1	1	0	0	
1	0	0	1	1	0	0	1	1	1	0	1	1	1	1	0	0	0	0	1	0	1	1	1	1	0	0	1	0	0	1	0	0	1	0	
1	1	1	0	1	0	1	0	1	0	1	1	1	0	0	1	0	0	1	1	0	1	1	1	0	1	0	1	0	0	0	1	0	1	1	
0	1	1	0	0	1	0	0	1	1	1	1	1	1	1	1	0	0	0	0	0	1	1	0	1	1	1	1	1	0	1	1	0	0	0	
1	1	1	0	1	1	0	1	0	1	0	0	1	0	1	1	1	1	1	1	0	0	0	1	0	0	0	1	0	1	1	1	0	1	0	
0	1	0	0	1	1	0	0	1	1	1	0	0	1	0	0	0	0	1	0	0	0	1	1	1	0	1	0	0	0	0	0	1	1	0	
0	0	1	1	1	0	0	0	0	1	1	1	1	0	0	1	1	0	1	1	0	0	1	1	0	0	0	1	0	1	1	0	1	0	1	
1	0	1	1	1	0	0	1	1	1	0	0	1	0	1	0	0	0	1	0	0	0	0	0	0	1	1	1	0	0	0	0	0	0	1	
1	0	1	0	1	1	1	1	1	1	1	1	0	1	1	0	1	0	1	1	0	0	0	0	1	0	0	0	0	1	0	0	1	0	0	
0	0	0	0	0	1	0	1	1	1	0	0	1	1	0	1	1	1	0	1	0	0	0	1	0	1	1	1	1	1	0	0	0	1	1	
1	1	0	0	1	0	0	1	1	0	1	0	1	1	0	0	1	0	0	0	0	1	0	1	0	1	1	0	0	1	0	0	1	0	1	
1	1	1	0	0	0	0	0	1	0	0	1	0	0	0	0	1	1	0	1	0	0	0	1	0	0	1	0	1	0	1	1	1	0	0	
0	1	0	0	1	0	0	0	1	0	0	0	0	1	1	1	1	1	1	1	0	1	1	1	1	0	1	1	0	0	1	0	0	0	1	
0	1	1	1	0	1	1	1	1	0	0	0	1	1	0	1	0	0	1	0	0	1	0	1	1	1	0	0	1	1	1	0	1	1	0	
1	0	0	1	1	1	0	0	1	0	0	0	0	0	1	1	1	0	1	0	1	1	0	0	1	1	1	1	0	0	1	1	1	1	0	
0	1	0	0	0	1	1	0	0	0	1	1	0	1	0	1	1	1	0	1	1	1	1	1	1	0	0	0	1	1	1	1	1	1	0	
1	1	0	1	0	0	1	0	1	0	1	0	1	0	1	1	0	0	0	1	0	1	0	0	0	0	1	1	1	1	1	0	1	1	0	
0	1	1	1	0	0	0	0	0	0	1	1	1	1	0	0	1	0	1	1	0	1	0	0	0	1	1	0	0	0	1	1	0	1	0	
1	0	0	1	0	1	1	0	0	0	0	1	1	0	1	1	0	0	1	0	0	0	1	1	0	0	1	0	1	1	0	1	0	0	1	
0	1	0	1	0	0	0	1	1	1	0	1	0	0	0	1	0	1	1	1	0	1	0	0	1	1	0	1	0	1	0	1	0	1	1	
1	1	1	0	1	0	1	0	1	0	0	1	1	1	0	0	1	0	1	0	1	0	0	0	1	0	0	1	1	1	0	0	0	0	1	
0	1	1	1	0	1	0	0	1	1	0	1	0	0	1	0	1	0	1	0	0	1	0	0	0	0	0	1	1	0	0	0	1	1	1	
0	0	1	0	0	1	0	0	1	1	0	0	1	0	0	0	0	1	1	1	0	0	1	0	1	1	0	1	1	0	1	0	1	0	1	
0	0	1	1	1	1	1	1	0	0	1	1	1	0	1	1	1	0	1	0	0	0	0	1	1	1	1	1	0	0	0	1	1	0	0	
0	1	0	1	1	0	1	0	0	0	0	0	1	1	1	0	1	1	0	0	0	0	1	0	0	0	0	1	0	1	1	1	0	0	0	
1	0	1	0	0	0	1	0	1	1	0	1	1	1	0	1	1	1	1	0	0	1	0	0	0	1	1	0	0	1	1	0	1	0	0	
0	1	1	0	0	1	1	1	0	0	1	0	1	0	1	0	0	1	0	0	0	1	0	0	1	0	0	1	0	0	1	0	0	0	1	
0	1	1	1	0	0	1	1	0	1	0	0	0	1	1	1	1	1	1	0	1	0	0	1	0	1	1	0	0	0	1	0	0	1	1	
1	0	1	1	0	1	0	1	0	0	1	0	0	1	0	1	1	1	0	0	0	1	1	0	0	0	0	1	1	1	0	0	1	1	1	
1	1	0	0	1	1	1	1	0	1	0	1	0	0	0	1	1	0	0	0	0	0	0	0	0	1	0	1	1	0	1	1	0	0	1	
0	0	0	1	0	0	1	0	0	1	1	0	1	1	0	1	0	1	1	0	0	0	0	1	1	0	1	1	1	0	0	0	0	0	0	
1	0	0	1	0	0	1	1	1	1	1	0	0	1	1	0	1	0	1	0	0	1	0	0	1	0	1	1	1	1	1	1	0	0	1	
0	1	0	0	1	0	1	0	1	1	0	1	1	0	1	0	0	0	1	1	1	0	0	1	1	1	1	0	0	0	1	1	0	0	0	
0	0	1	1	0	1	0	1	1	0	0	1	1	1	0	0	0	0	1	1	1	0	1	1	0	0	1	1	1	1	1	1	0	0	0	
0	1	1	0	1	1	0	0	0	0	0	1	1	0	0	1	0	1	0	1	1	0	1	1	0	1	0	0	0	0	0	0	1	1	0	
1	0	0	0	0	1	1	0	0	1	1	1	1	1	1	0	0	1	1	1	0	1	0	1	1	1	0	0	0	1	0	1	0	1	1	
1	1	1	1	0	1	1	0	0	1	0	0	0	0	0	0	1	0	0	1	1	1	1	1	1	1	1	1	0	1	0	0	0	0	0	
1	1	0	1	1	0	1	1	0	0	1	1	0	1	1	1	1	0	0	0	1	1	0	1	0	0	1	0	0	1	0	1	0	1	0	
1	0	1	1	1	0	0	0	1	1	0	0	0	0	1	0	0	1	0	0	0	0	0	1	1	1	0	0	1	1	1	1	0	1	0	
0	0	1	0	1	1	0	1	0	1	0	1	0	1	0	0	1	1	1	0	1	0	1	1	1	1	0	0	0	0	0	1	0	0	1	
1	0	0	1	0	1	1	1	1	0	0	1	1	0	0	0	0	0	0	1	1	0	0	0	1	0	1	0	0	0	1	0	0	1	1	
0	0	1	0	0	1	1	0	1	0	0	0	0	1	1	0	1	0	1	0	0	1	1	1	0	0	0	0	0	1	1	1	0	1	1	
1	0	1	0	1	1	0	1	0	1	0	0	1	1	0	1	0	0	0	0	0	1	1	0	0	0	1	0	0	0	0	1	0	1	0	
0	0	0	1	0	1	0	0	1	1	1	1	0	1	0	1	1	0	0	0	1	1	0	1	0	0	0	1	0	0	0	1	0	0	1	
1	0	0	0	1	0	0	0	0	1	1	1	0	0	1	0	1	1	0	1	1	0	1	0	0	0	1	1	0	0	0	1	0	0	1	
1	0	1	1	1	0	1	0	0	1	1	0	0	1	0	0	0	0	0	1	0	1	0	1	0	0	0	1	1	0	1	1	1	1	1	
0	1	0	1	1	1	1	0	0	1	0	1	1	1	1	0	1	0	0	0	0	0	1	1	1	1	0	0	1	0	1	0	1	1	1	
0	1	0	0	0	1	0	1	1	0	0	1	1	0	1	1	1	1	1	0	1	0	1	0	1	1	1	0	0	1	0	0	0	0	0	
1	1	1	0	0	0	1	1	1	1	1	0	1	0	0	1	1	0	0	0	0	0	1	1	1	0	1	0	1	0	1	1	0	1	1	
1	1	1	1	0	1	0	0	0	1	1	0	1	1	1	1	0	0	0	1	1	0	0	0	0	1	0	0	0	0	1	0	1	0	1	
1	1	1	1	1	0	1	0	0	0	1	1	0	0	1	0	0	0	1	0	1	1	1	0	1	0	0	0	0	0	1	1	1	0	0	
0	0	0	0	1	0	1	1	0	1	0	1	0	1	1	1	0	0	0	1	0	1	1	0	0	1	1	1	1	1	1	0	1	0	0	
1	1	0	0	1	1	0	0	0	1	1	0	1	0	0	0	0	1	1	0	1	1	0	1	1	0	1	1	1	1	1	1	1	0	1	
0	0	0	1	1	1	1	0	0	1	0	0	1	0	0	0	1	1	1	1	0	1	0	0	0	0	1	0	1	0	0	1	1	1	0	
0	0	1	0	1	1	0	1	0	0	1	0	0	0	1	0	0	0	1	1	0	1	0	1	0	1	1	0	1	1	1	0	0	0	1	
1	1	0	1	0	0	1	0	1	1	0	1	1	1	0	1	1	1	0	0	1	0	1	0	1	0	0	1	0	0	0	1	1	1	0	
0	0	1	1	1	0	1	0	1	0	0	0	1	0	0	1	0	1	0	0	0	1	1	0	1	1	0	0	0	1	0	1	1	0	1	
0	1	1	0	1	0	0	0	0	1	1	0	0	1	1	1	1	1	1	0	0	1	1	1	0	1	0	1	1	1	0	1	1	0	0	
1	0	1	0	1	1	1	0	0	0	0	1	0	1	0	0	0	1	1	0	1	1	1	0	0	1	1	1	1	0	1	0	0	1	1	
0	0	1	1	1	0	0	1	0	1	1	1	1	0	0	0	1	1	0	0	1	1	1	0	1	0	1	0	0	1	1	0	0	1	1	
1	0	0	0	0	0	0	0	0	1	1	1	0	0	0	1	1	0	1	0	0	0	1	0	1	1	0	0	1	1	1	0	0	1	0	
1	1	0	0	0	0	0	0	1	1	0	0	0	1	0	0	0	1	0	1	1	1	1	0	0	0	0	0	1	1	1	0	0	1	1	
1	1	0	1	0	1	0	1	0	0	0	0	0	1	0	1	0	0	1	1	0	0	1	0	1	0	0	0	0	1	1	1	1	0	1	
1	1	0	0	1	0	1	0	0	1	1	0	0	0	1	1	1	1	0	0	0	1	0	0	1	1	0	0	0	0	0	0	1	1	1	
1	0	1	1	0	0	1	1	0	0	0	1	1	0	1	1	1	1	0	1	1	1	0	0	0	1	0	1	1	1	1	1	0	0	1	
1	1	1	1	0	1	0	0	1	0	1	0	1	0	0	0	1	1	1	0	1	0	0	1	1	0	0	0	0	0	0	1	0	1	1	
0	0	0	1	0	1	0	1	0	1	0	0	0	1	1	0	1	1	0	0	1	0	0	0	1	0	1	0	1	1	1	0	1	0	0	
1	0	1	0	1	1	1	0	0	0	1	0	1	1	1	0	1	0	0	0	1	0	1	1	0	0	1	0	1	0	1	0	1	0	0	
1	1	1	1	1	1	0	0	0	0	1	1	0	1	0	1	0	1	1	0	0	0	0	0	1	0	1	1	0	1	1	0	0	1	0	
1	1	1	0	0	0	0	1	1	0	1	1	0	1	1	1	0	0	0	0	1	0	1	1	1	1	0	1	0	1	1	0	0	0	1	
0	1	1	1	1	0	0	1	1	0	0	0	0	0	0	1	1	0	0	0	1	0	1	0	0	0	1	1	1	0	1	0	1	0	0	
0	0	0	0	0	0	1	1	1	1	0	0	1	0	1	0	1	0	0	1	1	1	1	1	0	1	0	0	1	0	0	1	1	0	1	
1	0	1	0	0	0	0	1	0	0	0	0	1	0	1	1	1	0	1	0	1	1	1	1	1	0	0	1	1	0	0	0	1	1	0	
0	0	1	0	1	1	1	0	1	1	0	0	1	1	0	1	1	0	0	1	1	0	0	0	1	0	1	1	0	1	1	1	1	1	1	
0	1	1	0	1	0	1	1	0	1	0	0	0	1	0	1	0	0	1	1	1	1	0	0	1	0	0	0	1	0	0	1	0	0	0	
0	1	1	1	1	0	1	0	1	1	1	0	0	0	1	1	0	0	1	1	1	0	1	0	0	0	1	0	1	1	0	0	0	1	1	
0	1	1	0	0	1	1	1	1	1	1	1	0	0	1	0	0	1	0	0	0	0	1	0	0	0	1	1	0	1	0	1	1	1	0	
0	0	0	1	1	1	1	1	0	1	1	0	1	1	1	1	0	0	1	0	1	1	1	0	1	1	0	1	0	1	0	0	0	1	1	

invalid rows (last execution): 
1	2	6	11	13	14	15	23	24	25	26	27	28	30	35	39	40	41	42	43	44	46	48	49	50	51	55	57	58	59	60	62	64	65	67	68	69	74	76	77	78	82	84	85	87	89	90	91	92	94	96	97	98	99	100	104	106	107	109	110	112	113	116	119	120	122	125	126	133	
