forbidden tuples: 
(P_16.1, P_24.1, P_9.1, P_15.1, P_20.1, P_3.1, P_6.1, P_11.0, P_28.1, P_31.1, P_21.1)
(P_26.0, P_18.1, P_24.1, P_30.1, P_16.0, P_2.1, P_6.0, P_9.1, P_8.1, P_27.1, P_20.0, P_12.1, P_28.1, P_17.0, P_10.1, P_7.1, P_21.1, P_19.1, P_34.0, P_35.0, P_29.0, P_4.0, P_14.0, P_13.1, P_1.1, P_23.1, P_25.1, P_3.1, P_33.0, P_11.1, P_32.0, P_31.0, P_15.0, P_22.1, P_5.1)
(P_13.0, P_11.1, P_8.0, P_1.0, P_14.1)
(P_31.0, P_26.1, P_20.1, P_35.1, P_16.1, P_28.0, P_23.0, P_25.1, P_19.1, P_6.0)

 ----------Identity covering array: 
0	0	0	0	0	0	0	0	0	0	0	0	0	0	0	0	0	0	0	0	0	0	0	0	0	0	0	0	0	0	0	0	0	0	0	
1	1	1	1	1	1	1	1	1	1	1	1	1	1	1	1	1	1	1	1	1	1	1	1	1	1	1	1	1	1	1	1	1	1	1	
0	0	0	0	0	0	0	0	0	0	0	0	0	0	0	0	0	0	1	1	1	1	1	1	1	1	1	1	1	1	1	1	1	1	1	
0	1	0	0	0	0	0	0	1	1	1	0	1	0	0	0	1	1	1	0	1	1	0	0	1	1	1	1	0	1	0	0	0	0	0	
0	1	1	0	0	1	0	0	1	1	1	0	0	0	0	1	1	0	1	1	0	0	0	1	1	1	0	1	1	0	0	1	1	0	0	
0	0	0	1	0	0	1	1	0	0	0	0	1	1	0	1	1	0	1	1	0	1	0	1	0	1	0	0	1	1	1	0	0	0	0	
1	1	0	1	0	0	0	0	1	0	1	0	0	1	1	1	0	0	1	1	0	1	1	0	0	1	0	1	1	0	0	0	1	1	0	
1	1	1	0	0	0	1	0	0	1	1	0	1	0	0	0	1	1	0	1	1	0	1	1	0	0	0	0	1	0	1	0	0	1	0	
0	0	1	0	1	1	1	0	1	0	1	0	0	1	0	0	0	0	1	0	1	1	0	1	1	1	0	1	0	1	1	0	0	0	1	
0	0	0	1	1	1	0	1	1	0	0	1	0	1	1	1	0	0	1	0	0	1	0	0	1	1	1	1	0	1	0	1	1	0	1	
1	0	1	1	1	1	1	1	0	0	1	0	1	0	0	0	0	1	1	1	1	1	0	1	0	1	0	0	1	1	0	1	0	1	1	
1	1	1	0	1	1	0	1	0	1	0	1	1	0	0	1	0	0	0	1	0	1	1	1	1	1	0	0	0	0	1	0	0	1	1	
1	1	0	0	0	0	1	1	0	1	0	0	1	1	1	0	0	1	1	1	0	1	1	1	1	1	1	0	0	1	1	1	1	0	0	
0	0	1	1	0	1	0	1	1	1	0	0	0	0	1	1	0	1	0	0	0	0	1	0	0	1	1	0	0	1	1	1	0	1	1	
1	0	0	1	1	0	1	1	0	0	0	1	1	1	1	0	0	1	0	0	1	1	1	0	0	0	1	0	0	1	1	0	0	1	1	
0	1	1	1	1	0	0	1	0	0	0	0	0	0	0	0	0	1	0	0	1	0	1	0	1	1	0	1	1	1	0	1	0	1	0	
0	1	1	0	1	1	1	0	1	0	0	1	1	1	0	0	0	1	1	0	0	1	1	1	0	1	0	0	1	1	0	0	1	1	0	
0	1	0	1	1	0	1	0	1	0	0	0	0	0	0	1	1	1	0	1	0	0	0	1	0	1	1	0	1	1	1	1	1	1	1	
0	1	0	1	1	1	0	1	0	0	1	1	1	0	1	0	1	1	1	0	1	0	1	1	0	1	1	0	0	1	0	0	1	0	0	
0	0	1	1	1	1	1	0	1	1	0	0	1	1	0	1	1	1	0	1	1	1	1	1	0	0	1	1	1	0	0	1	1	0	0	
0	1	0	0	0	1	1	0	0	1	1	0	1	1	1	1	0	1	0	0	1	1	1	0	0	1	0	1	0	0	1	1	0	1	1	
1	1	0	0	0	0	0	1	0	0	1	1	0	0	1	0	0	0	1	0	0	0	0	0	1	1	0	0	0	1	1	0	0	1	1	
1	0	1	0	1	0	0	0	1	0	0	1	1	0	1	1	1	1	1	0	0	0	1	0	1	1	0	1	1	1	1	0	0	1	0	
1	0	0	1	0	0	0	1	1	1	1	0	1	1	0	1	1	1	0	0	1	0	1	1	1	1	0	0	1	1	0	1	0	0	0	
1	1	1	0	1	1	1	0	0	1	1	0	0	0	1	0	1	1	0	0	0	1	0	0	0	1	1	0	1	1	0	1	1	0	1	
1	0	1	0	1	0	0	0	0	0	1	1	0	1	0	0	0	1	0	1	0	0	1	1	1	1	1	0	0	0	1	1	0	0	0	
1	1	0	1	0	1	1	1	1	1	1	1	0	0	0	0	0	0	1	0	1	1	1	0	0	1	1	0	1	1	1	0	0	0	0	
1	0	1	1	0	1	1	1	1	1	0	1	0	1	0	0	1	0	0	0	1	1	1	0	1	1	0	0	0	0	0	0	1	1	1	
0	1	0	0	1	0	0	0	0	0	1	0	1	0	1	1	0	1	1	1	0	0	0	1	0	0	1	1	1	1	1	1	0	0	0	
1	0	1	0	0	1	1	1	0	0	1	1	0	1	0	1	1	1	1	0	0	1	0	1	1	1	1	1	1	0	0	1	0	1	0	
1	1	1	0	1	1	0	1	1	0	0	0	0	1	1	1	1	0	1	0	1	0	1	1	0	1	0	1	0	1	1	1	0	0	0	
0	0	0	1	0	0	1	0	1	1	1	1	1	0	0	0	0	1	0	1	0	1	0	0	1	0	1	0	1	0	0	0	1	1	1	
1	1	0	0	1	0	0	0	0	1	1	1	1	1	0	1	0	1	0	1	0	1	0	0	0	1	0	1	0	1	0	0	1	0	1	
1	0	1	1	0	0	0	0	1	0	0	1	1	1	1	0	1	1	1	1	0	1	0	0	0	1	1	0	0	0	0	1	0	1	0	
0	0	1	1	1	0	1	1	0	1	1	1	0	0	1	1	0	1	1	1	1	0	0	1	1	1	1	1	0	0	0	0	1	0	1	
1	1	0	1	1	1	1	0	1	0	1	0	0	0	1	0	0	0	0	0	0	0	0	1	1	1	0	0	0	0	1	1	1	0	0	
0	1	0	1	0	0	1	0	0	1	0	1	0	1	0	0	1	1	1	0	0	0	1	1	0	1	0	0	0	0	0	1	0	0	1	
0	0	1	1	1	0	0	1	0	1	1	0	1	0	0	0	1	0	1	0	0	1	1	0	0	1	0	1	1	0	1	0	1	0	1	
1	0	0	1	0	1	1	0	0	1	0	0	1	0	1	0	0	0	0	1	1	0	0	1	1	1	0	1	1	0	0	0	0	1	0	
1	0	0	1	1	0	0	1	1	1	0	1	0	1	0	0	1	1	0	1	1	0	1	1	0	1	0	1	1	0	1	0	1	0	1	
0	0	0	0	1	0	1	1	1	1	1	1	0	0	1	0	1	0	0	1	0	1	1	1	0	0	0	1	0	1	0	1	0	1	0	
0	0	0	0	0	1	1	1	0	0	0	1	0	1	1	0	1	1	1	1	0	0	1	0	1	0	0	1	1	1	1	0	1	0	1	
0	0	0	0	1	0	1	1	0	1	1	0	0	1	0	1	1	1	1	0	1	0	0	0	0	0	1	0	0	0	1	0	0	1	0	
1	0	0	0	1	1	0	1	1	1	0	0	1	1	0	0	0	1	0	0	0	0	0	1	1	0	1	1	0	1	0	0	1	1	0	
1	1	0	0	1	0	1	0	0	0	1	1	1	1	0	0	1	0	1	1	1	1	0	1	1	0	0	1	1	0	0	0	1	0	0	
0	1	1	0	1	0	0	1	1	0	1	1	0	1	0	1	1	1	1	0	0	1	1	0	0	0	1	0	0	1	1	1	1	0	1	
1	0	1	1	1	0	1	0	0	1	0	0	0	1	0	1	0	0	1	0	0	1	1	0	0	0	0	0	0	1	0	1	1	0	0	
1	1	0	1	1	0	1	1	0	0	1	1	1	0	0	1	0	0	0	0	0	1	1	0	1	0	1	1	1	0	1	1	0	0	0	
1	1	1	0	0	0	1	1	1	1	1	0	0	1	1	1	0	0	1	1	0	0	1	1	1	0	1	0	1	1	0	0	0	0	1	
0	1	1	1	0	0	1	1	1	0	0	1	1	0	0	1	0	1	0	0	0	1	0	1	1	0	0	1	0	1	0	0	0	0	1	
1	0	1	1	1	1	1	1	0	0	0	1	0	1	1	1	0	0	0	1	0	0	1	1	0	0	0	0	1	0	1	1	1	1	1	
0	0	1	0	0	0	0	1	0	1	0	1	1	1	0	1	1	1	1	1	1	1	1	0	0	0	1	1	1	1	0	0	0	1	1	
1	0	0	0	1	1	1	0	1	0	0	0	0	0	0	1	1	1	0	1	1	1	1	0	1	0	0	0	0	1	1	0	1	0	0	
0	0	1	0	1	0	0	0	1	1	1	1	1	0	1	1	0	1	1	0	1	1	1	1	1	0	0	0	1	0	1	1	1	0	0	
1	0	0	1	1	1	0	0	0	1	1	0	0	1	1	1	0	1	1	0	0	0	1	1	0	0	0	1	1	1	0	0	0	1	1	
1	1	1	0	0	0	0	1	0	1	0	0	0	0	0	0	1	1	1	0	0	1	0	1	0	0	0	1	0	0	1	1	1	1	1	
1	1	1	1	1	0	1	0	1	0	0	0	1	0	1	0	1	0	1	0	0	0	1	1	0	0	1	1	0	0	0	0	0	0	1	
1	1	1	1	1	1	1	1	1	1	1	1	1	1	1	1	1	1	0	0	0	0	0	0	0	0	0	0	0	0	0	0	0	0	0	
1	1	1	1	0	0	1	1	1	0	1	1	0	0	0	1	0	1	1	1	1	0	0	0	0	0	0	1	0	1	1	1	1	1	0	
0	1	0	1	0	1	1	1	1	1	0	0	1	0	1	1	1	0	1	0	1	1	0	0	0	0	0	1	1	1	0	0	1	1	1	
1	1	1	0	1	1	0	0	1	1	1	1	0	0	1	0	0	1	0	0	1	0	1	0	1	0	1	1	0	0	0	1	1	1	1	
1	0	0	0	0	1	0	1	0	0	1	1	1	0	0	1	1	0	0	0	0	0	0	1	0	0	0	0	1	1	0	1	1	0	1	
1	1	0	0	0	1	1	0	1	0	0	1	0	1	1	1	0	1	0	1	1	0	0	1	1	0	1	0	0	1	0	1	0	1	0	
0	1	1	0	1	1	0	1	1	1	0	1	0	1	0	0	0	0	1	1	1	0	0	0	0	0	0	0	1	0	0	1	0	0	0	
0	0	1	0	1	1	1	1	0	1	0	1	1	0	0	0	1	1	0	0	1	0	0	1	1	0	1	0	0	1	1	1	0	0	1	
1	1	0	0	1	1	0	1	1	0	1	0	0	0	0	0	1	1	1	1	0	1	1	0	1	0	1	0	1	0	0	0	0	1	1	
1	0	1	1	1	0	0	1	1	0	0	1	0	0	0	0	1	0	1	1	0	0	0	1	1	0	1	0	1	1	0	0	1	0	0	
1	0	1	0	0	0	1	1	0	0	0	0	0	0	1	0	0	1	0	0	1	1	1	1	0	0	1	1	1	0	0	0	1	0	0	
1	1	0	1	0	0	0	1	0	1	0	1	1	0	1	1	1	1	0	1	0	0	1	0	0	0	1	0	1	0	0	1	1	1	0	
1	0	0	1	1	0	0	1	1	0	1	0	1	1	1	0	1	0	1	0	1	1	0	1	1	0	0	0	0	0	1	1	1	1	1	
0	1	1	1	0	0	0	1	0	1	1	1	1	1	1	0	0	0	1	0	0	0	0	1	0	1	1	1	1	0	0	1	0	1	1	
1	0	0	1	0	0	1	0	0	0	1	0	1	0	1	1	1	1	0	0	0	1	1	1	1	1	1	1	0	1	1	0	1	1	1	
0	1	1	1	0	0	0	1	1	1	1	0	0	1	1	0	0	1	0	0	0	1	0	1	1	0	0	0	1	1	1	0	1	1	0	
0	0	0	1	0	0	1	0	1	0	1	0	0	1	1	0	1	1	1	0	1	0	0	0	0	0	1	1	1	1	0	1	1	0	0	
1	0	1	0	0	0	1	0	1	1	0	0	0	1	0	1	0	0	0	1	0	1	0	0	1	0	0	1	1	0	1	1	0	1	1	
0	1	0	1	1	1	1	1	0	0	1	0	1	1	0	0	0	1	1	1	0	0	1	0	1	0	0	1	0	0	0	1	1	1	0	
0	1	1	0	0	0	1	1	1	0	0	1	1	0	0	0	1	0	0	1	1	1	0	0	1	1	1	0	0	0	1	1	1	0	0	
0	1	0	1	0	1	1	1	0	1	1	0	0	1	0	0	0	0	0	1	1	1	0	1	0	0	1	0	0	0	0	1	1	0	1	
0	1	0	0	0	1	0	1	1	0	0	0	1	0	1	1	0	1	1	1	1	1	1	1	0	0	0	0	0	0	0	1	0	0	1	
1	1	0	0	1	0	1	0	1	1	0	1	1	1	0	0	0	0	1	0	1	0	0	1	0	0	1	1	1	1	1	1	0	1	1	
0	1	0	0	0	0	0	0	1	1	0	1	0	1	1	1	1	0	0	0	0	0	1	0	1	0	1	1	0	0	1	0	1	0	0	
0	0	1	1	0	1	1	1	1	0	0	0	0	0	1	0	1	0	1	0	1	0	1	1	1	0	1	0	1	0	1	1	0	1	0	
0	1	0	1	1	0	0	0	1	1	0	0	1	0	1	0	0	0	0	1	1	0	1	0	0	0	0	0	0	1	1	0	1	0	1	
1	0	0	0	1	1	0	0	0	1	1	0	0	1	1	0	1	0	1	1	1	0	1	0	0	1	1	0	1	0	1	1	1	1	0	
0	1	1	1	1	0	0	0	0	0	1	0	0	1	0	1	1	0	0	1	1	1	1	1	1	0	1	0	0	1	0	0	0	1	1	
0	1	1	0	1	1	1	0	0	0	0	1	0	0	1	0	0	0	1	1	0	1	0	0	0	0	1	1	0	0	1	0	1	1	1	
1	1	0	0	0	1	0	0	1	0	0	0	1	1	0	0	1	0	0	0	0	1	1	0	0	0	0	0	1	1	1	1	0	1	0	
0	1	1	1	1	1	0	1	0	1	0	0	1	1	1	0	1	0	0	1	0	1	0	0	1	0	1	1	1	1	1	1	0	0	0	
1	0	0	0	0	1	1	1	1	1	0	1	1	0	1	0	0	1	1	0	0	0	0	0	0	1	0	1	1	0	1	1	1	0	0	
1	1	0	0	1	0	1	1	1	0	0	0	0	1	1	1	1	1	0	0	1	1	0	0	1	1	0	1	1	0	0	1	0	0	1	
1	0	0	0	0	0	1	0	1	0	1	1	0	0	0	1	0	1	1	0	1	0	1	1	0	1	0	0	0	0	0	0	1	1	1	
1	0	1	1	0	1	1	0	1	1	1	0	1	0	0	0	1	1	1	1	0	0	1	0	1	0	0	1	0	1	1	1	0	0	1	
1	1	1	1	0	1	0	0	0	0	0	0	1	1	0	1	0	1	1	0	1	0	0	0	1	1	1	0	1	0	1	0	1	0	1	
1	0	1	1	1	0	1	0	0	1	1	1	0	1	0	0	1	0	0	0	0	0	0	0	1	1	1	1	1	1	1	0	1	1	0	
1	0	1	0	0	1	0	1	0	1	1	1	1	1	1	0	0	0	1	0	1	1	1	0	1	0	0	1	0	0	0	0	0	0	0	
1	0	0	0	1	1	1	0	0	0	0	1	1	0	0	1	1	0	1	1	1	0	1	0	0	1	1	1	0	0	0	1	0	0	1	
0	0	1	0	1	0	1	1	1	0	1	0	1	1	1	0	0	1	0	1	0	0	0	0	0	1	0	0	1	0	1	0	0	0	1	
1	0	0	1	0	0	0	1	0	1	1	0	0	0	1	1	1	0	0	1	1	0	0	0	1	0	1	1	0	0	1	1	0	0	1	
0	0	1	1	1	1	0	0	1	0	1	1	0	0	0	1	1	0	0	0	1	0	0	0	0	0	0	1	1	0	0	0	0	1	1	
1	1	0	1	0	1	1	1	0	0	0	0	0	1	0	0	1	0	0	1	0	0	0	0	0	1	1	1	0	1	0	0	0	1	1	
0	1	1	0	0	1	1	0	0	1	0	1	0	0	0	1	0	1	0	1	0	0	1	0	0	1	1	1	1	1	0	0	0	0	0	
1	1	1	1	0	1	0	0	0	0	1	1	0	1	1	0	1	1	0	1	1	1	0	1	0	0	0	1	0	1	1	0	0	0	0	
1	0	0	0	0	1	1	0	1	1	1	1	1	1	1	1	1	0	1	1	0	1	0	1	0	0	1	0	0	0	1	0	1	0	1	
0	0	0	0	1	0	1	1	1	1	0	0	1	0	0	1	0	0	1	0	0	0	1	0	1	1	1	0	1	0	0	1	1	1	1	
1	0	1	0	1	1	0	1	1	0	1	0	1	0	1	1	0	0	0	1	1	1	0	0	0	0	1	1	1	1	1	0	1	1	0	
0	0	1	0	0	1	0	0	1	1	0	0	0	1	1	0	1	1	1	1	1	0	0	1	0	1	0	0	0	1	0	0	1	1	1	
0	0	1	1	0	0	1	0	0	1	0	1	1	1	1	1	0	0	0	0	1	0	0	1	0	1	0	1	0	1	1	1	1	0	0	
0	1	0	1	1	1	1	0	0	1	0	1	0	0	1	1	1	1	1	0	0	1	0	1	1	0	0	0	1	0	1	0	0	1	0	
1	1	1	1	0	1	0	0	1	0	0	1	1	0	1	0	0	0	0	1	0	1	1	1	1	1	0	1	1	1	0	1	1	0	1	
0	0	0	1	0	1	0	0	1	0	1	1	0	1	0	0	0	1	0	0	0	1	1	1	0	0	1	1	1	0	1	1	0	0	1	
1	0	0	1	1	0	0	0	0	1	0	1	0	0	1	0	0	1	1	1	1	1	0	0	1	0	0	0	1	1	0	1	0	0	1	
0	1	1	0	0	1	1	1	1	0	1	0	1	1	0	1	1	0	0	0	0	0	1	1	0	1	1	1	0	0	1	0	1	1	0	
0	0	0	1	0	0	0	1	1	0	0	1	1	1	0	1	0	0	1	1	1	0	1	1	1	0	0	1	0	0	1	0	0	1	0	
1	1	0	1	0	1	0	0	0	1	0	1	0	0	0	1	1	0	1	0	1	1	1	1	1	0	1	1	0	1	0	1	1	1	0	
0	1	1	1	0	0	1	0	0	0	1	1	0	0	1	1	1	0	1	1	1	1	1	0	0	1	0	0	1	0	1	1	0	0	1	
0	0	0	1	1	1	1	0	1	0	1	1	1	1	1	1	0	0	0	1	1	0	1	0	1	1	1	0	1	1	0	0	0	0	0	
0	0	1	0	0	1	1	0	0	0	1	0	1	0	1	1	0	0	1	0	0	1	0	0	1	0	1	0	0	1	0	1	0	1	0	
0	0	1	1	0	1	0	1	0	0	1	0	0	0	1	1	1	1	0	1	0	1	1	0	1	1	0	0	0	0	0	0	1	0	0	
0	0	1	0	1	0	0	0	0	0	0	0	1	1	1	1	1	1	0	1	0	0	0	1	1	0	0	1	0	0	0	1	1	1	1	
0	0	1	1	0	1	0	0	0	1	1	1	1	0	0	0	0	0	1	1	0	0	1	1	0	0	1	0	0	1	1	0	1	1	0	
0	1	1	1	1	0	1	0	1	1	0	0	0	1	1	0	0	1	1	1	1	1	1	0	1	1	1	1	0	0	1	0	0	1	0	
1	0	1	0	0	0	0	1	1	0	1	0	1	1	0	0	0	0	0	1	1	0	1	0	0	1	1	1	0	1	0	1	1	0	1	
0	0	0	0	1	1	0	0	0	1	0	0	1	1	1	0	1	0	0	0	0	1	1	1	1	1	1	0	1	0	0	0	0	0	1	
1	0	1	0	0	0	0	0	1	1	0	1	0	0	1	1	1	0	0	0	1	1	0	1	0	1	1	0	1	1	1	0	0	0	1	
0	1	1	0	0	0	1	0	0	0	1	1	1	1	1	0	1	0	0	0	1	0	1	0	1	0	0	0	1	1	0	1	1	1	1	
1	1	1	0	1	0	1	1	0	1	0	0	1	0	1	1	1	0	1	1	1	0	0	0	1	1	0	0	0	1	0	0	1	1	0	
0	1	0	0	1	0	0	1	0	0	0	1	0	1	1	1	0	0	0	0	1	1	0	1	0	1	1	0	1	0	0	0	1	1	0	
1	0	0	1	1	1	0	1	1	1	0	0	0	0	0	1	0	1	1	1	0	1	0	1	0	1	1	1	0	0	1	0	0	0	0	
1	1	1	1	1	0	0	0	1	1	1	0	1	0	0	1	0	0	0	0	1	1	0	1	0	1	1	0	0	0	0	1	0	1	0	
0	1	0	0	0	1	0	1	1	0	1	1	1	0	1	0	1	1	0	1	1	0	0	1	1	1	1	1	1	0	1	0	0	1	1	
0	0	0	1	1	1	0	0	0	0	0	1	1	0	0	0	1	1	0	0	1	1	0	0	0	1	0	1	0	0	1	1	1	1	0	
0	0	0	0	0	1	0	1	0	1	1	1	0	1	0	1	0	1	0	1	1	1	0	0	1	1	0	0	1	1	1	1	1	1	0	
0	1	0	0	1	1	1	1	0	1	1	0	0	0	0	1	0	0	0	0	1	0	1	1	1	0	0	1	1	1	1	0	1	0	1	
0	1	0	1	1	1	0	0	1	1	1	1	1	1	0	1	1	0	1	1	0	0	0	0	1	1	0	0	0	1	1	1	0	1	1	

invalid rows: 
9	74	85	110	

 ----------Greedy covering array: 
0	0	0	0	0	0	0	0	0	0	0	0	0	0	0	0	0	0	0	0	0	0	0	0	0	0	0	0	0	0	0	0	0	0	0	
1	1	1	1	1	1	1	1	1	1	1	1	1	1	1	1	1	1	1	1	1	1	1	1	1	1	1	1	1	1	1	1	1	1	1	
0	1	0	1	1	0	1	0	0	1	0	1	0	1	0	0	1	1	0	0	0	1	0	0	0	0	1	0	1	1	1	1	1	1	0	
0	1	0	0	1	0	1	1	0	0	1	0	0	1	0	1	1	1	0	0	1	1	1	0	0	1	0	0	1	0	0	0	0	0	1	
1	1	1	1	0	0	0	0	0	0	1	1	0	1	0	1	1	0	0	0	1	1	1	0	1	1	1	0	0	0	0	1	1	0	0	
0	1	0	1	0	0	1	1	1	0	0	1	1	0	1	0	1	0	0	1	0	0	0	0	1	1	1	0	1	1	0	0	0	0	0	
0	1	0	1	0	1	1	0	0	1	1	0	1	0	0	1	1	0	0	1	0	1	1	1	1	0	1	0	0	0	0	0	1	1	0	
0	0	1	1	1	1	0	1	1	1	0	1	0	0	0	1	0	0	0	0	1	0	1	0	0	1	1	0	0	1	0	0	0	1	1	
1	1	1	0	1	0	1	0	1	0	1	1	1	1	0	0	1	0	0	0	0	1	1	0	0	0	0	1	1	1	1	0	0	0	0	
1	1	0	0	0	0	1	0	0	0	1	0	1	1	1	0	1	1	1	1	0	1	0	1	1	0	0	1	1	0	1	1	1	0	0	
1	1	1	1	1	1	1	1	1	0	0	1	0	0	1	0	1	0	0	1	0	0	1	0	0	0	1	1	1	0	1	1	0	1	1	
1	0	1	1	0	1	1	1	0	1	0	1	0	1	1	1	1	0	1	0	1	0	0	0	1	0	0	1	0	1	1	0	0	1	0	
0	1	0	1	0	1	1	1	1	1	0	1	1	1	1	1	1	1	0	0	1	0	0	1	0	0	0	0	1	1	0	1	1	0	1	
1	0	1	0	0	0	0	0	0	1	1	0	0	0	1	0	1	1	0	1	1	0	0	1	1	0	0	0	1	1	1	1	0	1	1	
0	0	0	0	1	1	1	1	1	1	0	0	1	0	1	0	0	1	1	1	0	0	0	1	0	0	0	1	1	1	1	0	0	1	1	
0	0	1	0	1	0	0	0	0	1	0	0	0	1	1	1	1	0	0	1	0	1	0	0	0	0	1	1	1	0	0	1	0	1	1	
1	1	1	0	0	0	1	1	1	1	1	1	1	0	0	1	1	0	1	0	0	0	0	0	0	0	1	1	1	0	0	0	1	1	1	
0	0	0	1	0	0	0	0	1	0	1	1	0	0	0	1	1	1	0	1	0	0	0	0	1	1	1	1	1	1	1	1	1	1	1	
1	1	0	0	1	0	0	1	0	1	0	1	0	0	1	1	1	1	1	1	0	0	1	1	0	1	0	1	1	0	0	0	1	0	1	
1	0	1	1	1	0	1	1	1	1	1	1	1	0	0	0	0	1	0	1	1	1	0	0	1	1	1	1	0	0	0	1	1	0	1	
1	0	0	0	1	0	1	1	1	1	0	0	1	0	0	1	1	0	0	0	1	1	1	1	1	0	0	0	0	1	1	1	0	1	1	
0	1	0	0	0	1	0	0	0	0	0	0	0	1	1	1	1	0	1	0	0	0	1	1	0	0	0	0	1	1	1	0	0	1	0	
0	1	1	0	0	1	0	1	0	1	1	0	0	1	0	0	1	0	1	0	0	1	0	1	1	1	1	1	1	1	0	0	0	1	1	
0	0	0	0	1	1	0	1	0	1	1	1	1	1	1	0	1	0	0	1	1	0	1	0	1	1	1	0	1	0	0	1	0	0	1	
1	0	1	0	0	1	1	0	1	0	0	0	0	0	0	1	1	1	0	0	1	0	1	1	0	1	1	1	1	0	1	1	1	0	1	
0	0	1	1	0	1	0	0	0	1	0	1	1	1	0	0	1	1	1	0	0	0	1	0	0	0	0	1	0	1	0	1	0	0	1	
1	1	0	0	1	1	1	0	1	1	1	0	0	0	1	1	1	1	1	1	1	0	1	0	0	0	1	0	1	1	0	0	0	0	0	
1	0	1	0	1	1	1	0	1	1	1	0	1	1	1	0	1	0	1	1	1	0	0	0	0	1	0	0	0	0	1	0	1	1	0	
0	1	0	1	0	0	0	1	0	0	0	1	0	0	0	1	0	1	0	0	0	1	1	1	1	0	1	1	1	1	0	1	0	0	1	
1	1	1	0	0	1	1	0	1	0	0	1	1	1	1	0	1	1	1	0	0	1	1	0	1	1	1	0	0	0	0	1	0	1	1	
1	1	1	0	1	1	0	0	0	1	1	1	1	0	1	1	1	0	0	0	0	1	0	1	1	1	0	1	1	1	0	1	0	0	0	
0	0	0	1	0	0	1	1	1	0	1	0	0	1	0	0	0	1	1	1	1	0	1	0	0	0	1	0	0	0	1	0	1	1	1	
0	0	0	1	0	1	1	1	0	0	0	0	1	0	0	1	1	0	1	0	1	1	1	0	1	0	0	1	1	0	1	0	1	0	1	
0	1	1	1	0	1	1	1	0	0	1	0	1	0	0	0	1	1	1	1	0	0	0	1	0	1	0	0	0	0	0	1	0	1	1	
0	1	1	1	1	0	0	0	1	0	0	1	0	1	1	0	1	1	1	1	1	1	1	1	1	0	0	1	0	0	1	0	1	0	1	
1	0	0	0	0	1	0	0	1	0	1	1	0	1	0	1	1	0	0	1	0	0	1	1	0	0	0	1	0	1	0	1	1	0	0	
0	1	0	0	0	0	0	0	1	1	0	1	1	0	0	1	1	0	1	1	1	0	0	0	0	1	0	0	0	0	1	1	0	0	1	
0	1	1	0	0	0	1	1	0	1	0	0	0	0	1	0	1	0	0	1	1	1	1	0	0	1	1	1	0	1	1	0	1	0	0	
1	0	0	1	1	1	0	1	1	0	0	1	0	1	0	0	1	0	0	1	1	1	0	1	0	0	1	0	0	0	0	0	0	1	0	
0	0	0	1	1	1	0	0	0	1	1	1	1	0	1	0	1	0	1	1	1	1	0	0	0	1	1	1	0	1	1	0	1	0	1	
0	0	0	1	0	0	1	0	1	1	1	1	0	0	1	0	0	0	1	0	1	1	1	1	0	1	0	1	1	0	0	1	0	1	0	
1	1	0	1	0	0	0	0	1	1	0	0	1	1	1	0	0	0	1	0	0	1	0	1	0	1	1	0	1	1	1	0	1	0	1	
0	1	0	0	1	0	0	0	1	0	0	0	1	0	1	0	0	1	0	0	1	0	1	0	1	1	0	1	0	1	0	0	0	1	1	
1	0	0	0	0	1	0	1	0	0	1	1	1	1	1	0	0	1	0	0	1	1	0	0	0	0	0	1	1	0	0	0	1	1	1	
0	1	0	1	1	1	1	1	1	0	0	1	1	1	0	1	0	0	1	0	0	1	1	0	0	1	1	1	0	0	0	0	1	0	0	
0	1	1	0	0	0	1	0	0	1	1	0	1	0	1	1	0	1	1	0	0	0	1	0	1	1	0	1	1	1	1	1	1	0	1	
0	1	1	0	0	1	1	0	1	1	0	0	1	0	0	0	0	0	0	1	1	0	0	0	1	0	0	1	1	0	0	1	1	0	0	
0	0	0	0	0	1	1	1	1	1	0	0	0	1	1	1	0	1	1	1	0	1	1	0	1	0	1	1	0	1	0	1	0	0	0	
0	1	1	1	0	1	0	0	1	1	1	1	1	1	1	1	0	1	0	0	1	0	1	1	1	0	1	0	1	0	1	0	0	0	0	
0	0	1	0	0	0	1	1	1	0	1	1	0	1	1	1	0	0	1	1	0	1	0	0	1	0	0	0	1	0	1	0	0	0	1	
1	0	1	1	0	1	0	0	1	1	0	1	1	0	1	0	0	0	1	1	0	0	0	1	1	0	1	1	0	1	1	1	1	1	0	
0	1	1	1	1	0	1	1	0	1	0	0	1	0	1	0	0	1	1	0	1	1	0	0	1	1	1	0	1	0	1	0	0	1	1	
1	0	0	1	1	1	1	0	1	1	1	0	0	1	0	0	0	0	0	0	0	0	0	0	1	1	0	1	1	1	0	0	1	0	1	
0	1	1	0	1	0	1	1	0	1	1	1	0	1	0	0	0	0	1	0	1	0	1	1	1	0	1	1	0	1	0	1	1	0	1	
1	1	0	0	0	1	0	0	0	1	0	1	1	0	0	0	0	0	0	1	1	1	1	1	1	0	1	1	1	0	1	0	0	1	1	
0	1	1	0	0	1	1	0	0	0	0	1	0	0	1	1	0	0	0	0	1	1	0	0	0	1	0	0	0	1	1	1	1	1	1	
0	1	1	0	0	1	0	1	1	1	1	1	0	0	0	1	0	1	0	1	0	1	0	1	0	1	0	1	0	0	1	0	0	0	0	
1	0	1	0	0	1	0	1	1	0	1	0	1	0	1	1	0	0	1	1	1	0	1	1	1	1	0	1	0	0	0	0	0	0	1	
0	1	1	1	1	1	0	0	1	0	1	0	0	0	1	1	0	0	1	1	0	1	1	0	1	0	0	0	1	1	0	1	1	1	1	
1	1	0	0	1	0	1	1	1	0	1	0	0	0	1	1	0	0	0	1	1	1	0	1	1	1	1	0	1	0	1	0	1	1	0	
1	0	1	0	1	1	0	0	0	1	1	0	0	1	0	1	0	1	1	0	1	1	1	1	0	0	0	1	0	0	1	1	1	1	1	
1	0	0	0	0	1	0	1	0	0	0	1	0	0	1	0	0	0	1	0	0	0	1	0	1	1	1	0	1	0	1	1	1	0	0	
1	0	0	1	1	1	0	0	1	0	1	1	1	1	0	1	0	1	1	0	0	0	0	1	1	0	0	0	1	0	0	1	0	1	1	
1	1	1	1	1	0	0	0	0	0	1	0	1	0	1	1	0	0	1	0	1	0	0	0	0	0	1	1	0	0	0	1	0	0	0	
1	0	1	0	1	0	0	1	1	0	0	1	0	1	1	0	0	1	1	0	1	0	0	0	0	1	0	1	1	1	1	1	0	0	1	
1	1	0	1	0	1	1	0	0	1	1	0	0	1	1	1	0	1	0	0	0	0	1	0	0	1	1	1	0	0	1	0	0	1	1	
0	1	1	1	0	1	0	0	0	0	1	1	0	1	1	0	0	1	1	1	0	0	0	0	0	1	1	1	1	0	0	0	1	0	0	
0	0	1	0	1	1	1	0	1	1	0	1	0	0	1	0	0	1	0	0	0	1	0	1	0	0	1	0	0	0	0	0	1	0	1	
0	0	0	1	0	1	0	1	0	1	0	0	0	0	1	1	0	1	1	1	1	0	0	1	1	1	1	0	0	0	0	1	1	1	1	
0	1	0	0	1	1	1	1	0	0	1	1	1	1	1	0	0	0	0	1	0	0	1	1	0	1	0	1	0	1	1	1	1	1	0	
0	1	1	0	0	0	0	1	0	0	0	1	1	0	1	1	1	1	1	1	1	1	1	1	0	0	1	0	0	0	1	1	0	1	0	
0	0	0	0	0	1	1	1	1	1	0	1	0	1	0	0	1	1	0	1	0	1	1	1	1	1	0	0	1	1	1	0	1	1	1	
0	0	1	0	0	0	1	0	0	0	1	1	1	1	1	1	0	0	0	1	1	0	1	1	0	0	1	0	1	1	0	0	1	1	1	
0	1	0	0	1	0	0	0	1	0	1	0	1	0	0	0	0	1	0	1	0	1	1	1	0	1	1	0	1	0	0	1	1	0	1	
0	0	1	1	0	1	1	0	1	0	1	0	1	1	0	0	0	0	0	0	1	1	0	0	1	0	1	0	0	1	1	1	0	1	0	
1	1	0	1	0	0	0	1	1	1	0	0	1	1	1	1	0	0	0	1	0	1	1	0	0	0	0	1	0	0	0	1	1	1	1	
0	0	1	1	1	0	1	1	1	0	1	0	0	1	1	1	1	1	1	0	0	0	0	0	0	1	0	0	0	1	0	1	1	0	0	
1	0	0	1	1	0	1	0	1	0	0	1	1	0	1	1	0	1	0	1	1	0	1	0	0	0	0	0	0	0	1	1	1	0	0	
1	1	0	1	1	0	1	1	0	1	1	1	0	0	1	1	0	0	0	0	0	0	0	1	1	0	0	0	0	0	1	1	0	0	1	
0	1	0	0	1	1	0	1	1	0	1	1	1	0	0	1	0	1	1	0	1	1	0	0	0	0	1	1	1	1	1	1	0	1	0	
0	0	0	0	0	0	0	0	0	1	1	0	1	1	0	1	0	1	1	0	1	1	0	1	1	1	0	0	0	1	0	0	1	0	0	
1	1	1	0	1	0	0	0	1	1	1	1	0	1	1	0	0	1	0	1	0	0	0	1	0	1	1	0	0	1	0	1	0	1	0	
0	0	0	1	1	0	0	1	0	1	1	0	0	0	0	1	0	0	0	1	1	0	0	1	0	0	0	1	1	1	1	0	1	0	0	
1	1	0	1	1	1	0	0	0	1	0	0	1	0	0	0	1	1	0	0	1	0	1	1	0	1	1	1	0	1	0	1	1	1	0	
0	0	1	1	1	0	1	0	0	1	0	1	1	1	0	1	0	1	0	1	0	0	1	0	1	1	0	1	1	0	1	0	0	1	0	
1	1	1	1	0	0	1	0	1	0	0	0	0	0	0	1	0	1	1	0	0	1	0	1	0	0	0	1	0	1	1	0	1	1	0	
1	0	0	0	0	1	1	1	0	1	1	0	1	0	0	1	0	0	0	0	0	0	0	0	0	1	1	0	1	1	0	1	0	1	0	
1	0	1	1	0	0	1	1	0	0	0	0	1	1	1	1	0	1	0	1	1	1	0	1	0	1	1	1	1	1	0	1	0	0	0	
1	1	0	0	0	1	0	1	1	0	1	0	0	0	1	0	1	0	1	0	1	1	0	1	0	0	1	0	0	1	0	1	1	0	1	
0	0	0	0	1	1	1	0	1	0	1	0	1	1	1	1	1	0	0	0	0	1	0	1	1	1	1	1	0	0	1	1	0	0	1	
0	1	0	0	1	1	0	0	1	1	1	1	0	0	0	0	1	0	1	0	0	0	1	0	1	0	0	0	0	0	1	0	1	1	1	
1	1	1	1	0	1	0	1	1	1	1	0	0	1	0	0	0	0	0	1	1	1	1	0	0	1	0	0	1	1	1	1	0	0	1	
1	1	1	0	1	1	0	1	0	0	0	0	1	1	0	1	1	1	0	1	0	0	0	0	1	0	1	0	0	1	1	0	1	0	1	
0	0	1	0	0	1	0	0	1	0	0	0	1	1	0	0	1	1	1	1	1	1	1	0	0	1	1	1	1	1	0	0	1	1	0	
1	1	1	0	1	1	1	1	0	1	0	0	1	1	1	0	0	0	1	0	1	1	1	1	0	0	0	0	0	0	0	0	0	0	0	
1	1	0	1	1	1	0	1	1	1	0	0	0	0	0	0	1	1	1	0	0	1	0	0	1	1	0	1	0	0	1	1	0	0	0	
0	0	1	1	0	0	0	1	1	0	1	0	1	0	1	0	1	0	0	0	0	0	1	1	0	0	1	1	0	1	1	0	0	0	1	
0	0	0	1	1	1	0	0	0	0	0	0	0	1	1	0	0	1	0	1	1	1	1	1	1	1	0	0	0	1	1	1	0	0	0	
1	0	1	0	1	0	0	0	0	0	1	0	0	0	0	0	0	0	1	1	0	1	1	0	1	1	1	1	0	0	1	0	0	1	0	
1	0	0	1	0	1	0	0	1	0	0	0	1	0	1	1	1	1	0	1	0	1	0	0	0	1	0	0	1	0	1	0	0	1	0	
1	0	1	1	0	0	0	0	1	1	0	0	0	0	0	1	1	1	1	0	1	1	0	0	1	0	1	0	1	0	0	0	0	0	1	
1	0	1	1	1	1	1	0	0	0	0	1	1	0	0	1	0	0	1	1	0	1	1	1	0	1	0	0	1	1	0	0	0	0	1	
1	1	0	1	0	1	1	1	1	0	1	1	1	0	0	0	0	1	1	0	1	0	1	1	1	1	0	0	0	1	1	0	1	0	0	
0	1	0	0	0	0	0	1	1	1	1	0	0	1	1	0	1	1	0	0	1	0	0	0	1	0	1	1	0	0	1	1	1	1	0	
1	0	1	1	1	1	1	1	0	0	1	0	0	0	1	0	0	1	0	0	0	1	1	1	1	0	1	1	1	1	0	0	1	1	0	
1	1	1	1	1	0	0	0	0	0	1	1	1	0	0	0	1	0	0	0	1	0	0	1	0	1	0	0	1	0	1	0	1	1	1	
0	0	1	0	1	0	0	1	1	0	0	1	1	0	0	0	1	0	1	1	1	1	0	1	1	0	0	0	1	1	0	1	1	0	0	
1	1	0	0	0	0	1	0	1	0	0	1	0	1	0	1	0	0	1	1	1	0	0	1	1	1	1	1	0	1	0	0	0	1	1	
1	0	1	1	0	1	1	1	0	1	1	1	0	1	0	1	1	0	1	1	0	1	0	1	0	0	1	0	1	0	1	1	1	0	0	
1	0	0	0	0	0	1	0	0	1	1	1	1	0	0	0	0	1	1	1	0	1	1	0	0	0	1	0	0	1	1	1	0	0	1	
0	1	0	1	1	1	1	0	0	0	0	0	0	1	0	0	0	0	1	1	1	0	0	1	0	0	1	1	1	0	1	1	0	0	1	
1	0	1	0	0	0	0	1	1	1	1	1	1	0	1	1	1	1	0	0	0	1	1	0	1	1	0	0	0	1	0	0	1	1	0	
0	1	0	1	1	0	0	1	0	1	1	1	1	1	1	0	0	0	1	1	0	1	0	0	1	0	0	0	0	1	0	0	0	1	0	
1	1	0	0	1	1	1	0	0	1	0	1	0	1	0	1	0	1	1	1	1	1	0	0	1	1	0	0	1	0	0	1	1	1	0	
0	1	1	1	1	0	1	0	1	1	0	0	0	0	0	1	1	0	1	1	0	0	1	1	1	1	1	0	0	1	1	1	0	0	0	
1	0	0	1	1	0	0	1	1	1	1	0	1	1	0	0	1	1	1	1	0	0	1	1	1	0	1	1	1	0	0	0	0	0	0	
1	1	1	0	0	0	1	1	1	0	0	0	0	1	0	0	0	1	0	0	0	0	1	1	1	0	0	0	1	0	0	1	0	1	0	
1	0	1	1	0	0	1	0	0	1	0	0	0	1	1	0	1	0	0	1	0	0	1	1	1	1	0	0	0	0	0	0	1	0	1	
0	0	1	1	0	0	0	1	0	0	0	1	1	1	0	0	0	0	0	0	0	1	0	1	1	1	0	1	0	0	1	1	1	1	1	
1	1	1	1	0	0	0	1	0	1	0	1	0	0	0	0	0	1	1	1	1	0	1	0	0	0	0	0	1	1	0	0	1	1	0	
0	1	1	1	1	0	1	0	1	1	1	0	1	1	0	1	1	1	0	1	1	1	0	1	0	0	0	1	0	1	0	0	0	1	1	
0	0	1	1	1	1	0	1	0	1	1	0	1	0	1	0	1	1	0	0	0	1	1	0	0	0	0	0	1	0	1	1	1	0	0	
1	0	0	0	0	0	1	1	0	1	0	1	1	1	0	0	1	1	0	0	1	0	0	1	0	1	1	1	0	0	1	0	0	0	0	
0	0	1	0	1	1	1	0	0	0	1	1	0	0	0	0	1	1	1	0	1	0	0	1	1	1	1	0	1	1	1	0	0	0	0	
0	0	1	0	1	0	0	1	1	1	0	0	1	1	0	1	0	0	1	0	0	0	1	1	0	1	1	0	1	0	1	1	1	1	0	
0	1	1	1	1	1	0	1	1	0	0	0	0	1	1	1	1	0	0	0	1	0	0	1	1	1	0	1	1	0	0	0	1	1	0	
0	0	0	0	1	0	1	0	0	0	0	1	1	0	1	1	1	1	1	0	0	0	0	1	1	0	1	1	0	0	0	0	1	1	0	
1	1	0	1	0	1	1	0	0	0	1	1	0	0	1	0	1	1	0	1	1	1	0	0	1	0	0	1	0	1	0	0	0	0	1	
0	0	1	0	1	1	1	1	0	0	1	1	0	0	0	1	1	1	0	1	1	0	1	0	1	0	0	1	0	0	0	1	0	1	0	
1	0	0	1	1	0	0	1	0	0	1	1	0	1	1	1	1	1	1	0	0	1	1	1	0	1	1	0	0	1	1	0	0	1	1	
1	0	0	0	1	0	1	1	0	0	0	0	0	0	0	0	1	0	1	1	0	1	0	0	0	1	0	1	0	1	0	1	1	1	1	
1	0	0	1	1	0	1	0	0	0	0	0	1	1	1	0	1	0	1	0	1	0	1	0	1	0	1	0	1	1	0	1	1	1	1	
1	0	0	0	1	0	0	0	1	1	0	1	0	1	1	1	0	0	0	0	1	1	1	0	1	0	1	1	1	1	1	0	1	0	0	
1	1	0	1	0	0	0	1	0	0	1	0	1	1	0	1	1	0	1	1	1	0	1	0	1	1	0	1	1	1	1	1	0	1	0	

invalid rows: 
67	

 ----------random covering array (last execution): 
0	0	0	0	0	0	0	0	0	0	0	0	0	0	0	0	0	0	0	0	0	0	0	0	0	0	0	0	0	0	0	0	0	0	0	
1	1	1	1	1	1	1	1	1	1	1	1	1	1	1	1	1	1	1	1	1	1	1	1	1	1	1	1	1	1	1	1	1	1	1	
0	1	1	1	0	0	1	0	1	1	1	0	0	0	1	1	1	1	1	0	1	0	0	1	1	0	0	0	0	0	0	0	1	1	0	
0	0	0	1	1	0	1	1	1	0	0	1	0	0	1	0	0	0	1	1	0	0	1	1	1	0	0	0	0	1	0	1	0	1	0	
0	1	0	1	0	1	0	1	1	0	1	0	0	0	0	1	1	1	1	1	0	1	1	0	1	0	0	0	1	1	0	1	0	0	0	
0	0	1	1	1	0	1	0	0	0	1	0	1	1	0	0	1	1	0	0	0	0	1	1	1	0	0	1	1	0	1	0	0	0	0	
0	0	0	1	0	0	1	1	1	1	1	0	0	1	0	1	1	0	0	1	0	0	0	0	1	1	1	0	1	0	1	1	1	0	0	
0	0	1	0	1	1	0	0	0	1	1	1	1	0	1	0	1	1	0	1	0	0	1	0	0	1	0	0	0	1	0	1	1	0	0	
0	0	1	1	0	1	1	1	1	0	0	0	1	1	1	0	0	1	1	1	1	1	0	1	1	0	0	0	0	0	0	0	0	0	1	
1	1	0	1	0	0	1	1	1	0	0	0	0	1	0	1	0	0	1	0	1	1	0	1	1	0	1	1	1	0	1	0	0	1	1	
0	1	0	1	1	1	1	0	0	0	1	1	1	0	1	0	1	1	0	1	1	1	0	1	1	1	0	1	0	0	1	0	1	0	1	
1	0	1	0	1	1	1	0	0	1	0	0	0	0	0	0	1	1	1	0	1	1	0	0	1	1	0	1	1	1	0	1	1	0	1	
0	1	1	1	1	0	1	0	0	1	0	1	1	1	0	1	1	1	1	0	0	0	0	1	1	1	1	1	0	1	0	1	0	1	0	
0	1	1	0	0	1	0	1	0	1	0	1	0	0	0	0	0	0	0	0	1	1	0	1	1	0	1	1	1	1	1	0	1	1	0	
1	0	1	0	1	0	1	0	0	1	0	1	1	1	1	0	0	0	0	0	1	0	0	1	0	1	1	1	0	0	1	0	1	1	1	
0	1	0	0	0	1	0	0	1	1	1	1	0	0	1	0	0	0	1	0	0	0	0	1	1	0	0	1	0	0	1	1	1	0	1	
1	0	0	1	1	1	1	1	0	1	1	1	1	1	0	1	0	1	0	0	0	1	0	1	1	0	0	0	0	0	0	1	1	0	1	
0	1	1	0	0	0	0	1	0	0	1	1	1	0	0	1	1	1	0	0	1	0	1	1	1	0	0	0	1	0	1	1	1	1	1	
1	0	0	1	1	0	0	0	0	1	0	1	0	0	1	1	0	1	0	1	0	1	1	1	1	0	1	1	0	0	1	1	0	1	1	
0	1	0	0	1	1	1	1	1	1	1	1	1	1	1	1	1	1	0	0	0	1	1	0	0	0	0	0	1	1	1	0	0	1	1	
0	1	1	0	1	0	1	0	1	1	0	1	1	1	1	0	0	0	0	1	1	1	0	0	1	0	1	0	1	1	0	1	1	0	0	
1	0	1	1	0	0	0	0	0	0	0	0	0	0	0	0	0	0	1	1	1	0	0	1	1	1	1	1	0	0	0	1	1	0	0	
1	0	1	1	1	1	0	1	1	1	1	1	0	0	0	0	0	0	1	0	0	0	1	1	1	1	1	0	1	0	0	0	1	0	1	
0	1	0	0	1	0	0	1	0	1	1	1	0	1	1	0	0	1	1	1	0	0	1	1	1	1	0	1	1	1	1	0	0	0	0	
0	1	0	0	0	1	1	0	0	0	1	1	1	0	0	1	0	0	0	1	1	1	1	1	1	1	1	0	0	1	0	1	0	1	1	
1	1	1	0	0	1	0	0	0	1	0	1	0	1	0	0	1	1	1	1	0	0	0	0	1	1	0	0	0	0	0	0	0	1	1	
1	0	1	1	0	0	1	1	0	1	1	0	1	0	1	0	0	0	0	1	0	1	0	1	1	1	0	1	0	1	1	1	0	1	0	
1	0	0	0	0	1	1	1	0	1	0	0	1	1	1	1	0	0	1	0	1	1	1	0	1	1	0	1	0	1	1	0	1	0	0	
0	1	1	1	1	0	0	0	1	0	1	1	0	0	0	0	1	1	0	1	0	0	0	1	0	0	1	0	1	0	0	1	0	1	1	
1	1	0	1	0	1	1	0	1	0	1	1	1	1	0	0	0	1	1	1	0	1	1	0	1	1	0	1	1	0	0	0	1	1	0	
0	1	1	1	0	1	0	1	1	1	0	0	0	1	1	0	0	1	0	0	0	1	1	1	1	1	1	1	1	0	0	1	0	0	1	
1	0	0	0	1	0	1	1	0	0	1	1	1	0	0	1	1	0	1	1	1	0	0	0	0	0	0	0	0	1	1	0	1	1	0	
1	0	0	0	1	0	1	0	1	0	0	1	0	1	0	1	1	0	0	1	1	0	0	1	1	1	0	0	1	1	0	1	0	0	1	
1	1	0	1	1	1	1	1	0	0	0	1	0	1	0	0	1	0	0	0	0	0	1	0	1	1	1	0	0	0	1	0	1	1	0	
1	0	0	1	0	1	0	0	1	0	0	1	1	0	1	1	1	1	1	1	1	0	0	0	1	0	1	1	1	1	1	0	0	1	1	
0	1	1	0	0	0	0	1	0	0	0	0	1	0	0	1	0	1	1	1	0	1	0	0	1	1	1	0	0	0	1	1	0	0	1	
1	1	0	1	0	0	0	0	0	1	0	1	1	1	0	0	0	1	0	0	1	0	1	0	1	0	0	0	0	1	1	1	0	0	0	
0	0	1	1	1	1	1	0	1	1	1	0	0	0	0	1	0	0	0	1	1	0	1	0	1	0	0	1	0	1	1	0	0	0	1	
0	0	0	0	1	0	0	0	1	0	1	0	1	0	1	0	1	1	1	0	0	1	0	0	1	1	1	0	0	1	1	0	1	0	0	
1	0	1	0	0	0	0	1	1	1	1	1	0	1	1	1	1	1	0	0	1	0	1	0	1	1	0	1	0	1	1	0	0	0	1	
1	1	0	0	0	0	1	1	1	1	0	0	1	0	0	0	1	1	0	1	0	0	1	1	0	0	1	1	0	1	0	0	1	0	1	
1	0	1	1	0	0	0	0	1	1	1	1	1	1	0	1	1	0	1	0	1	1	1	1	0	0	1	1	0	0	0	0	0	0	0	
0	0	1	1	0	0	0	0	0	0	0	1	1	1	1	0	0	0	0	1	0	0	1	0	0	0	0	1	1	1	0	0	1	1	1	
0	0	0	0	1	0	0	1	1	0	0	1	0	1	0	1	0	1	1	0	0	1	0	1	0	1	0	1	0	1	0	0	1	1	1	
1	0	0	1	1	0	1	0	1	0	1	0	1	1	1	1	1	1	1	1	0	0	1	0	0	1	0	0	0	0	0	1	0	0	1	
1	1	1	1	0	1	1	1	0	1	0	1	0	1	0	1	0	0	0	1	1	0	1	1	0	0	0	1	1	0	0	1	0	1	1	
0	1	0	1	0	1	1	0	0	1	0	0	1	1	0	1	0	0	0	0	0	0	0	1	0	1	0	0	1	1	1	0	0	0	1	
1	1	1	0	1	0	1	0	1	1	1	0	1	0	0	0	0	0	1	1	0	0	0	0	0	1	0	1	1	0	1	1	0	1	1	
0	0	0	1	0	1	0	1	0	1	1	0	1	1	0	0	1	1	1	1	1	0	0	1	0	1	1	1	1	1	0	1	0	1	0	
1	0	0	0	1	1	1	1	1	0	0	1	1	0	0	0	0	1	1	0	1	0	0	1	0	0	0	1	1	0	1	1	0	0	0	
1	1	1	0	0	1	0	0	0	1	1	0	1	1	0	1	1	1	0	0	1	1	0	0	0	1	1	1	1	0	1	0	1	0	1	
1	0	0	1	1	1	1	0	1	1	1	1	0	1	1	0	1	0	0	0	1	0	1	1	0	0	0	1	1	1	0	0	1	1	0	
0	0	1	0	0	0	1	1	0	1	0	1	1	0	1	1	1	0	1	0	0	1	1	1	0	1	0	0	1	0	0	0	0	0	1	
1	1	1	1	1	1	1	1	0	1	1	1	0	0	1	1	0	1	1	1	0	0	0	0	0	0	1	0	1	1	0	0	0	0	1	
0	0	0	1	0	0	0	0	1	1	1	1	0	1	0	0	0	1	0	1	1	1	0	1	0	1	1	0	1	1	1	0	1	0	1	
0	1	1	1	0	1	1	0	1	0	0	1	0	0	0	1	0	1	0	0	1	0	1	0	0	1	0	1	0	1	0	1	1	0	0	
0	0	0	1	1	1	0	1	1	1	0	0	1	0	0	0	0	1	0	0	1	0	1	0	0	1	1	0	0	0	1	1	0	1	1	
1	0	0	0	1	1	0	1	0	0	0	1	1	1	0	0	0	0	0	1	0	1	1	0	0	1	1	1	1	1	1	1	0	0	1	
1	1	1	1	0	1	0	1	1	0	0	1	1	0	1	1	1	0	0	1	0	0	0	1	0	1	0	1	1	0	1	1	1	0	0	
0	0	0	1	1	0	1	1	1	0	1	0	1	0	1	1	0	0	0	0	1	1	1	1	0	0	1	1	1	1	1	1	1	0	0	
1	1	0	0	0	1	0	1	1	1	0	1	0	0	1	1	0	0	1	1	1	1	0	0	0	1	1	0	0	1	0	1	1	1	1	
1	1	0	0	1	0	0	0	0	0	1	0	0	0	0	1	0	1	0	1	1	1	1	1	0	1	0	1	1	0	0	0	0	0	0	
1	1	0	0	0	0	0	1	0	0	0	1	1	1	1	0	1	1	1	0	0	1	0	1	0	1	1	0	1	0	0	1	1	1	0	
1	1	0	1	0	1	0	1	0	0	1	0	0	1	1	0	1	0	0	0	0	1	0	0	0	0	0	1	0	1	0	1	0	0	1	
1	1	1	0	1	1	0	0	0	0	0	1	1	0	1	0	0	1	1	0	1	1	1	1	0	0	0	1	0	1	0	0	0	1	1	
0	0	0	1	0	0	1	1	0	1	1	1	0	0	0	0	1	0	1	1	1	1	1	0	0	1	0	1	0	0	0	1	1	1	1	
1	0	0	1	0	1	0	1	0	0	1	0	0	0	0	1	1	1	1	0	0	0	1	1	0	1	0	1	0	0	1	0	0	1	1	
0	0	0	0	0	1	1	0	1	1	1	1	1	0	1	1	0	1	0	0	0	0	0	0	0	1	1	1	0	0	0	0	0	1	0	
1	1	0	0	1	0	0	0	0	1	1	1	0	0	0	1	1	0	0	0	0	0	1	0	0	1	1	1	1	1	1	1	1	1	0	
0	1	1	1	1	0	1	1	0	0	0	0	0	1	1	1	0	1	1	1	1	0	1	0	0	1	1	1	0	0	1	0	1	0	1	
1	1	0	1	1	1	0	0	1	0	1	0	0	1	0	0	0	1	0	1	1	0	0	0	1	0	1	1	0	1	1	1	1	1	0	
0	0	1	0	1	0	1	0	1	1	0	1	1	0	0	1	0	1	1	1	1	0	1	1	1	1	1	0	1	0	1	0	1	1	0	
0	0	1	0	0	1	1	1	0	0	1	1	0	1	0	1	0	1	1	1	0	0	0	1	0	0	1	1	0	1	1	1	1	0	0	
0	1	0	1	0	0	0	1	1	0	1	1	1	1	1	1	0	0	0	1	0	0	1	1	0	0	1	0	0	0	1	0	0	1	0	
0	1	1	0	0	1	1	1	1	0	1	0	1	1	0	0	1	0	1	0	1	0	0	0	0	1	0	0	1	1	0	0	1	0	0	
0	1	0	1	1	0	0	0	1	1	0	1	1	1	0	1	1	0	1	1	0	1	0	0	0	0	0	1	0	0	1	1	1	0	1	
1	1	1	0	1	1	1	1	0	0	0	0	1	0	1	1	1	0	1	0	0	0	1	0	1	0	0	1	0	0	0	1	0	1	0	
0	1	0	0	0	0	1	0	0	0	0	0	1	1	1	1	1	1	0	1	1	1	0	0	0	0	0	1	0	1	1	1	0	1	0	
0	1	0	1	1	0	1	1	0	1	0	1	0	0	1	0	1	1	0	0	1	1	0	0	0	0	1	1	1	0	0	1	0	0	0	
1	1	1	1	1	0	0	1	1	0	1	0	1	1	1	0	0	1	0	0	1	0	0	1	0	1	0	0	0	1	0	1	1	1	1	
1	0	1	0	0	0	0	1	1	1	0	0	0	1	0	1	0	0	1	0	0	0	1	0	0	0	1	0	1	1	0	1	0	1	0	
0	1	1	1	0	1	0	1	0	1	1	0	1	0	1	0	0	1	1	0	0	1	1	0	0	0	1	1	0	0	1	0	1	1	0	
0	0	1	0	1	0	0	1	0	1	0	0	0	0	1	1	1	0	0	0	1	0	0	1	0	0	1	0	0	1	1	1	0	0	1	
0	1	1	1	0	0	0	0	0	1	1	0	0	1	1	1	1	0	0	1	0	1	1	0	1	1	1	0	0	1	0	0	1	1	1	
0	0	0	0	0	1	1	0	0	1	0	0	0	1	1	0	1	1	1	1	1	0	1	1	0	0	0	0	1	0	1	1	1	1	1	
1	0	1	1	0	1	1	0	1	0	0	0	1	0	0	1	1	0	0	0	1	1	0	0	0	0	1	0	0	0	0	1	1	1	1	
0	1	1	0	1	0	1	1	0	1	1	0	0	1	0	0	0	0	0	0	0	1	1	1	0	1	0	0	0	0	0	1	1	0	0	
0	1	1	0	1	1	1	0	1	0	1	0	0	1	0	0	1	0	1	0	0	1	1	1	0	0	1	1	0	1	1	1	0	1	1	
1	1	1	1	1	0	0	1	1	0	1	1	1	0	0	1	0	0	0	0	0	1	0	0	1	1	1	1	0	1	0	0	0	0	0	
0	1	0	0	0	0	1	1	1	0	1	1	1	1	1	0	0	0	1	0	1	0	1	0	1	1	1	1	1	0	0	1	0	0	1	
1	0	0	1	0	0	0	1	0	1	0	1	1	0	1	1	0	1	0	1	1	0	0	0	1	1	0	0	1	0	0	0	1	0	0	
0	1	1	1	1	1	0	1	1	1	0	1	1	0	0	0	1	0	1	1	1	1	1	1	0	1	0	0	0	1	1	0	0	0	0	
0	0	1	1	1	1	0	0	0	0	1	1	0	1	1	1	0	0	1	0	1	1	0	0	1	1	0	0	1	0	1	1	0	1	0	
1	0	1	0	0	1	0	0	1	0	1	0	1	1	0	1	0	0	1	1	0	0	1	1	1	1	0	0	0	1	1	0	1	1	1	
1	0	0	1	1	1	1	0	1	1	0	0	0	1	1	0	0	0	1	1	0	1	0	0	0	1	1	1	0	1	0	0	0	0	0	
1	1	0	1	1	0	0	0	1	1	0	0	1	0	1	0	1	0	0	0	1	1	1	0	1	1	0	0	1	0	0	0	0	1	1	
0	0	1	0	1	1	0	1	0	0	1	1	1	1	0	0	1	0	0	1	1	0	0	0	1	0	1	1	0	0	0	0	0	0	1	
0	1	1	0	0	0	0	0	1	0	0	0	0	0	1	0	1	0	1	1	1	0	1	0	0	1	1	1	1	1	1	0	0	1	0	
1	0	0	0	0	1	0	1	1	0	1	0	0	0	1	0	0	0	0	1	1	1	1	0	0	0	0	0	1	0	1	0	1	0	1	
0	0	0	0	0	0	0	0	1	0	0	0	1	1	0	0	1	0	0	0	1	1	1	1	1	1	0	1	0	0	1	1	1	1	0	
1	0	0	0	0	1	0	0	1	1	1	1	1	0	0	0	1	0	0	0	0	1	0	1	1	0	0	0	1	1	0	1	0	1	0	
1	0	1	0	0	1	1	0	1	0	0	1	0	1	1	0	1	1	0	1	0	1	1	1	0	1	1	0	0	0	1	1	0	0	0	
1	0	1	1	1	0	1	1	0	0	0	0	1	1	0	1	1	1	0	1	1	1	1	0	0	1	1	0	1	1	0	0	0	1	0	
0	1	0	1	1	0	0	1	0	1	1	0	1	0	0	1	0	0	1	0	1	0	0	0	1	0	0	1	1	1	0	0	1	1	1	
0	0	1	0	1	1	1	1	1	0	1	0	0	0	1	1	1	0	0	1	0	1	0	1	0	1	1	1	1	0	0	0	1	1	1	
0	0	0	1	0	1	0	1	0	0	0	1	0	1	1	1	1	1	0	0	1	1	1	1	1	0	1	0	0	1	0	0	1	0	0	
1	1	1	0	1	1	0	0	1	0	0	0	1	1	1	1	0	1	0	0	0	0	0	1	1	0	1	0	1	1	1	0	0	0	0	
1	0	1	1	0	0	1	0	0	0	1	1	1	0	0	0	0	1	1	0	0	1	1	0	0	0	1	0	1	1	1	1	1	0	1	
1	1	0	0	1	1	1	1	1	1	1	0	0	0	0	1	1	1	1	0	1	1	0	1	1	1	1	0	0	0	1	1	0	0	0	
1	1	1	0	0	0	1	1	1	1	1	1	0	1	0	0	0	1	0	1	1	1	0	0	0	0	0	0	0	0	1	0	0	1	0	
1	1	0	1	0	0	1	0	0	0	1	1	0	0	1	0	1	0	1	0	1	0	0	1	0	1	1	0	0	1	1	0	0	0	1	
0	0	1	0	1	1	0	1	1	1	0	0	1	1	0	1	0	1	0	1	0	1	1	0	1	0	0	1	1	0	0	1	1	1	0	
1	0	1	1	1	0	0	1	1	1	0	0	0	1	1	0	1	1	1	0	0	0	0	0	0	0	0	1	1	0	1	0	1	0	0	
1	1	0	1	0	0	1	0	1	1	0	0	0	0	1	1	0	1	1	0	0	1	1	1	0	1	0	0	1	1	1	1	1	1	0	
1	1	1	1	0	1	1	0	0	1	1	0	1	0	1	0	1	0	0	1	1	0	1	0	1	0	1	0	1	0	1	1	0	0	0	
1	0	0	0	1	0	0	1	0	1	1	0	1	1	1	0	1	0	1	1	0	1	0	1	1	0	1	0	1	0	1	0	0	1	1	
0	1	0	1	1	1	1	0	0	0	0	0	1	0	0	0	0	0	1	1	0	1	0	1	0	0	1	0	1	0	0	0	1	1	0	
0	0	0	0	0	1	1	0	0	1	0	1	0	0	0	1	1	0	1	1	0	1	1	0	1	0	1	1	1	0	1	0	0	0	0	
0	1	0	0	1	1	0	0	1	0	0	1	0	1	0	1	1	1	1	0	1	0	1	0	0	0	1	0	1	0	0	0	1	0	1	
1	0	1	1	1	1	0	0	0	1	0	0	0	0	0	1	1	1	0	1	0	1	0	1	0	0	0	0	0	1	1	0	1	1	0	
0	0	1	1	0	1	1	1	1	1	0	1	1	1	1	0	1	0	1	0	0	0	0	0	1	0	1	0	0	1	1	1	1	1	1	
0	1	0	0	1	1	0	1	1	1	0	0	0	1	1	1	1	0	0	1	1	0	0	1	1	1	0	1	0	0	0	0	0	1	0	
0	0	0	0	1	0	1	0	0	1	1	0	0	1	0	0	0	1	1	0	1	1	1	0	1	0	1	0	0	1	0	0	0	1	1	
1	0	1	0	0	1	1	1	0	0	1	0	0	0	1	0	0	1	0	0	1	0	1	1	1	1	1	0	1	1	0	0	0	1	0	
1	1	0	0	1	1	0	0	0	1	1	0	1	1	1	1	0	0	1	1	1	0	1	1	0	0	1	0	0	0	0	1	1	0	0	
0	0	0	1	1	1	0	0	0	0	0	0	1	0	1	1	1	0	1	0	0	0	1	1	1	1	1	1	1	1	0	1	1	0	1	
1	0	0	0	0	0	1	0	0	0	1	0	0	1	1	1	0	1	0	0	0	0	0	0	1	0	1	1	1	0	0	1	1	1	1	
0	0	1	1	0	0	1	1	1	0	0	1	0	0	0	0	1	1	0	0	0	1	0	0	1	1	0	1	1	1	1	0	0	1	1	
0	1	0	0	1	1	1	1	0	0	0	0	0	0	1	0	0	1	0	1	0	0	0	0	1	1	0	0	1	1	1	1	1	1	1	
1	0	1	0	1	0	0	1	1	0	1	1	0	0	1	0	1	1	1	1	1	1	1	0	1	0	1	1	0	0	0	1	1	1	0	
1	1	1	0	1	0	1	0	1	0	0	1	0	0	1	1	0	0	0	0	0	1	1	0	1	0	0	0	0	0	1	0	1	0	1	
1	1	1	0	0	0	1	0	0	0	1	1	0	1	1	1	1	0	1	1	0	1	0	1	1	0	0	1	1	1	0	0	1	0	0	
0	0	1	0	0	0	0	0	1	1	1	0	1	0	1	1	0	1	1	1	1	1	0	1	0	0	0	1	1	1	0	1	0	0	1	
1	1	1	1	1	0	0	1	0	0	0	0	0	1	0	0	1	0	1	1	1	1	1	1	1	0	0	0	1	1	1	1	1	0	1	

invalid rows (last execution): 
55	84	88	93	123	
